# Atoms array:
     x           y            z                   Z     indx
   -3.846648    -4.074910     1.871805            6      0
   -2.871424    -3.095172     2.590851            6      1
   -3.514755    -4.221570     0.830678            1      2
   -3.819002    -5.055329     2.375427            1      3
   -4.894459    -3.725466     1.855156            1      4
   -3.390210    -2.904572     4.046708            6      5
   -4.426767    -2.526663     4.102723            1      6
   -2.981365    -1.717105     1.872119            6      7
   -3.345642    -3.868172     4.580361            1      8
   -2.735376    -2.194050     4.577665            1      9
   -1.583929    -3.566880     2.575997            8     10
   -4.004872    -1.301751     1.861586            1     11
   -2.319539    -0.990693     2.372003            1     12
   -2.641267    -1.819837     0.828255            1     13

# Gridpoints array:
     x           y            z                   Z     indx
   -5.886648    -4.074910     1.871805            6      0
   -3.846648    -6.114910     1.871805            6      0
   -3.846648    -4.074910    -0.168195            6      0
   -5.024442    -2.897116     3.049600            6      0
   -2.668853    -5.252705     3.049600            6      0
   -5.024442    -5.252705     3.049600            6      0
   -2.668853    -2.897116     0.694011            6      0
   -5.024442    -2.897116     0.694011            6      0
   -2.668853    -5.252705     0.694011            6      0
   -5.024442    -5.252705     0.694011            6      0
   -4.224284    -4.452546     3.840658            6      0
   -3.469012    -3.697274    -0.097048            6      0
   -4.224284    -3.697274    -0.097048            6      0
   -3.469012    -4.452546    -0.097048            6      0
   -4.224284    -4.452546    -0.097048            6      0
   -3.469012    -6.043763     2.249441            6      0
   -4.224284    -6.043763     2.249441            6      0
   -3.469012    -6.043763     1.494169            6      0
   -4.224284    -6.043763     1.494169            6      0
   -5.815501    -3.697274     2.249441            6      0
   -5.815501    -4.452546     2.249441            6      0
   -5.815501    -3.697274     1.494169            6      0
   -1.877795    -4.452546     1.494169            6      0
   -5.815501    -4.452546     1.494169            6      0
   -5.255107    -2.666451     2.312358            6      0
   -2.438189    -5.483369     2.312358            6      0
   -5.255107    -5.483369     2.312358            6      0
   -5.255107    -2.666451     1.431252            6      0
   -2.438189    -5.483369     1.431252            6      0
   -5.255107    -5.483369     1.431252            6      0
   -5.255107    -3.634357     3.280264            6      0
   -5.255107    -4.515463     3.280264            6      0
   -2.438189    -3.634357     0.463346            6      0
   -5.255107    -3.634357     0.463346            6      0
   -2.438189    -4.515463     0.463346            6      0
   -5.255107    -4.515463     0.463346            6      0
   -3.406095    -5.483369     3.280264            6      0
   -4.287201    -5.483369     3.280264            6      0
   -3.406095    -2.666451     0.463346            6      0
   -4.287201    -2.666451     0.463346            6      0
   -3.406095    -5.483369     0.463346            6      0
   -4.287201    -5.483369     0.463346            6      0
   -3.039441    -4.882117     3.562496            6      0
   -4.653854    -4.882117     3.562496            6      0
   -3.039441    -3.267704     0.181114            6      0
   -4.653854    -3.267704     0.181114            6      0
   -3.039441    -4.882117     0.181114            6      0
   -4.653854    -4.882117     0.181114            6      0
   -4.653854    -2.384219     2.679012            6      0
   -3.039441    -5.765601     2.679012            6      0
   -4.653854    -5.765601     2.679012            6      0
   -4.653854    -2.384219     1.064599            6      0
   -3.039441    -5.765601     1.064599            6      0
   -4.653854    -5.765601     1.064599            6      0
   -5.537339    -3.267704     2.679012            6      0
   -2.155957    -4.882117     2.679012            6      0
   -5.537339    -4.882117     2.679012            6      0
   -2.155957    -3.267704     1.064599            6      0
   -5.537339    -3.267704     1.064599            6      0
   -2.155957    -4.882117     1.064599            6      0
   -5.537339    -4.882117     1.064599            6      0
   -4.822521    -2.283466     1.871805            6      0
   -2.870775    -5.866354     1.871805            6      0
   -4.822521    -5.866354     1.871805            6      0
   -5.638092    -3.099037     1.871805            6      0
   -2.055204    -5.050783     1.871805            6      0
   -5.638092    -5.050783     1.871805            6      0
   -4.822521    -4.074910     3.663249            6      0
   -2.870775    -4.074910     0.080361            6      0
   -4.822521    -4.074910     0.080361            6      0
   -5.638092    -4.074910     2.847678            6      0
   -2.055204    -4.074910     0.895932            6      0
   -5.638092    -4.074910     0.895932            6      0
   -3.846648    -5.050783     3.663249            6      0
   -3.846648    -3.099037     0.080361            6      0
   -3.846648    -5.050783     0.080361            6      0
   -3.846648    -5.866354     2.847678            6      0
   -3.846648    -5.866354     0.895932            6      0
   -2.871424    -3.095172     0.550851            6      1
   -1.693630    -1.917378     3.768645            6      1
   -1.693630    -4.272967     3.768645            6      1
   -1.693630    -4.272967     1.413056            6      1
   -2.493788    -3.472808     0.621998            6      1
   -2.493788    -5.064025     2.968487            6      1
   -2.493788    -5.064025     2.213215            6      1
   -4.840277    -2.717536     2.968487            6      1
   -4.840277    -2.717536     2.213215            6      1
   -1.462965    -1.686713     3.031404            6      1
   -4.279883    -1.686713     3.031404            6      1
   -1.462965    -2.654619     3.999310            6      1
   -1.462965    -3.535725     3.999310            6      1
   -1.462965    -2.654619     1.182392            6      1
   -1.462965    -3.535725     1.182392            6      1
   -2.430871    -4.503631     3.999310            6      1
   -2.430871    -4.503631     1.182392            6      1
   -2.064218    -3.902379     4.281542            6      1
   -2.064218    -3.902379     0.900160            6      1
   -2.064218    -1.404481     3.398057            6      1
   -2.064218    -4.785863     3.398057            6      1
   -3.678631    -4.785863     3.398057            6      1
   -2.064218    -4.785863     1.783644            6      1
   -1.180734    -2.287966     3.398057            6      1
   -1.180734    -2.287966     1.783644            6      1
   -4.562115    -2.287966     1.783644            6      1
   -1.895551    -4.886616     2.590851            6      1
   -1.079980    -2.119299     2.590851            6      1
   -4.662869    -2.119299     2.590851            6      1
   -1.895551    -3.095172     4.382295            6      1
   -1.895551    -3.095172     0.799407            6      1
   -2.871424    -1.303728     3.566724            6      1
   -2.871424    -4.886616     3.566724            6      1
   -2.194755    -4.221570     0.830678            1      2
   -3.514755    -5.541570     0.830678            1      2
   -3.514755    -4.221570    -0.489322            1      2
   -2.752652    -3.459468     0.068575            1      2
   -4.276857    -3.459468     0.068575            1      2
   -2.752652    -4.983672     0.068575            1      2
   -4.276857    -4.983672     0.068575            1      2
   -3.270402    -3.977217    -0.443286            1      2
   -3.759107    -3.977217    -0.443286            1      2
   -3.270402    -4.465923    -0.443286            1      2
   -3.759107    -4.465923    -0.443286            1      2
   -3.270402    -5.495534     1.075030            1      2
   -3.270402    -5.495534     0.586325            1      2
   -3.759107    -5.495534     0.586325            1      2
   -2.240791    -4.465923     1.075030            1      2
   -2.240791    -3.977217     0.586325            1      2
   -2.240791    -4.465923     0.586325            1      2
   -2.603399    -5.132926     1.115741            1      2
   -2.603399    -3.310214     0.545614            1      2
   -2.603399    -5.132926     0.545614            1      2
   -4.426110    -5.132926     0.545614            1      2
   -2.603399    -3.936506    -0.080678            1      2
   -4.426110    -3.936506    -0.080678            1      2
   -2.603399    -4.506634    -0.080678            1      2
   -4.426110    -4.506634    -0.080678            1      2
   -3.229691    -3.310214    -0.080678            1      2
   -3.799818    -3.310214    -0.080678            1      2
   -3.229691    -5.132926    -0.080678            1      2
   -3.799818    -5.132926    -0.080678            1      2
   -2.992444    -3.699260    -0.263299            1      2
   -4.037065    -3.699260    -0.263299            1      2
   -2.992444    -4.743880    -0.263299            1      2
   -4.037065    -4.743880    -0.263299            1      2
   -2.992444    -3.127594     0.308368            1      2
   -4.037065    -3.127594     0.308368            1      2
   -2.992444    -5.315546     0.308368            1      2
   -4.037065    -5.315546     0.308368            1      2
   -2.420778    -3.699260     0.308368            1      2
   -4.608731    -3.699260     0.308368            1      2
   -2.420778    -4.743880     0.308368            1      2
   -4.608731    -4.743880     0.308368            1      2
   -2.883307    -5.380740     0.830678            1      2
   -4.146202    -5.380740     0.830678            1      2
   -2.355585    -3.590123     0.830678            1      2
   -2.355585    -4.853017     0.830678            1      2
   -2.883307    -4.221570    -0.328492            1      2
   -4.146202    -4.221570    -0.328492            1      2
   -2.355585    -4.221570     0.199231            1      2
   -4.673924    -4.221570     0.199231            1      2
   -3.514755    -3.590123    -0.328492            1      2
   -3.514755    -4.853017    -0.328492            1      2
   -3.514755    -3.062400     0.199231            1      2
   -3.514755    -5.380740     0.199231            1      2
   -3.819002    -6.375329     2.375427            1      3
   -3.819002    -5.055329     3.695427            1      3
   -3.056900    -5.817431     3.137530            1      3
   -4.581105    -5.817431     3.137530            1      3
   -3.056900    -5.817431     1.613325            1      3
   -4.581105    -5.817431     1.613325            1      3
   -3.574650    -4.810976     3.649391            1      3
   -4.063355    -4.810976     3.649391            1      3
   -3.574650    -5.299682     3.649391            1      3
   -4.063355    -5.299682     3.649391            1      3
   -3.574650    -6.329293     2.619780            1      3
   -4.063355    -6.329293     2.619780            1      3
   -3.574650    -6.329293     2.131075            1      3
   -4.063355    -6.329293     2.131075            1      3
   -2.545039    -5.299682     2.619780            1      3
   -5.092966    -5.299682     2.619780            1      3
   -2.545039    -5.299682     2.131075            1      3
   -5.092966    -5.299682     2.131075            1      3
   -2.907647    -5.966685     2.660491            1      3
   -4.730358    -5.966685     2.660491            1      3
   -2.907647    -5.966685     2.090364            1      3
   -4.730358    -5.966685     2.090364            1      3
   -2.907647    -4.770265     3.286783            1      3
   -4.730358    -4.770265     3.286783            1      3
   -2.907647    -5.340393     3.286783            1      3
   -4.730358    -5.340393     3.286783            1      3
   -3.533939    -5.966685     3.286783            1      3
   -4.104066    -5.966685     3.286783            1      3
   -3.533939    -5.966685     1.464071            1      3
   -4.104066    -5.966685     1.464071            1      3
   -4.341313    -4.533019     3.469404            1      3
   -3.296692    -5.577639     3.469404            1      3
   -4.341313    -5.577639     3.469404            1      3
   -3.296692    -5.577639     1.281451            1      3
   -3.296692    -6.149305     2.897737            1      3
   -4.341313    -6.149305     2.897737            1      3
   -3.296692    -6.149305     1.853117            1      3
   -4.341313    -6.149305     1.853117            1      3
   -2.725026    -5.577639     2.897737            1      3
   -4.912979    -5.577639     2.897737            1      3
   -2.725026    -5.577639     1.853117            1      3
   -4.912979    -5.577639     1.853117            1      3
   -3.187555    -6.214499     2.375427            1      3
   -4.450450    -6.214499     2.375427            1      3
   -2.659833    -5.686776     2.375427            1      3
   -4.978172    -5.686776     2.375427            1      3
   -3.187555    -5.055329     3.534597            1      3
   -4.450450    -5.055329     3.534597            1      3
   -2.659833    -5.055329     3.006874            1      3
   -4.978172    -5.055329     3.006874            1      3
   -3.819002    -5.686776     3.534597            1      3
   -3.819002    -5.686776     1.216257            1      3
   -3.819002    -6.214499     3.006874            1      3
   -3.819002    -6.214499     1.743980            1      3
   -6.214459    -3.725466     1.855156            1      4
   -4.894459    -2.405466     1.855156            1      4
   -5.656562    -2.963364     2.617259            1      4
   -5.656562    -4.487568     2.617259            1      4
   -5.656562    -2.963364     1.093054            1      4
   -5.656562    -4.487568     1.093054            1      4
   -5.138812    -3.481113     3.129120            1      4
   -5.138812    -3.969819     3.129120            1      4
   -5.138812    -3.481113     0.581192            1      4
   -5.138812    -3.969819     0.581192            1      4
   -5.138812    -2.451502     2.099509            1      4
   -4.650107    -2.451502     1.610804            1      4
   -5.138812    -2.451502     1.610804            1      4
   -6.168423    -3.481113     2.099509            1      4
   -6.168423    -3.969819     2.099509            1      4
   -6.168423    -3.481113     1.610804            1      4
   -6.168423    -3.969819     1.610804            1      4
   -5.805815    -2.814110     2.140220            1      4
   -5.805815    -4.636822     2.140220            1      4
   -5.805815    -2.814110     1.570093            1      4
   -5.805815    -4.636822     1.570093            1      4
   -5.805815    -3.440403     2.766512            1      4
   -5.805815    -4.010530     2.766512            1      4
   -5.805815    -3.440403     0.943800            1      4
   -5.805815    -4.010530     0.943800            1      4
   -5.179523    -2.814110     2.766512            1      4
   -5.179523    -4.636822     2.766512            1      4
   -4.609396    -2.814110     0.943800            1      4
   -5.179523    -2.814110     0.943800            1      4
   -5.179523    -4.636822     0.943800            1      4
   -5.416769    -3.203156     2.949133            1      4
   -5.416769    -4.247776     2.949133            1      4
   -5.416769    -3.203156     0.761180            1      4
   -5.416769    -4.247776     0.761180            1      4
   -5.416769    -2.631490     2.377466            1      4
   -5.416769    -4.819443     2.377466            1      4
   -5.416769    -2.631490     1.332846            1      4
   -5.416769    -4.819443     1.332846            1      4
   -5.988436    -3.203156     2.377466            1      4
   -5.988436    -4.247776     2.377466            1      4
   -5.988436    -3.203156     1.332846            1      4
   -5.988436    -4.247776     1.332846            1      4
   -5.525906    -2.566296     1.855156            1      4
   -5.525906    -4.884636     1.855156            1      4
   -6.053629    -3.094019     1.855156            1      4
   -6.053629    -4.356913     1.855156            1      4
   -5.525906    -3.725466     3.014326            1      4
   -5.525906    -3.725466     0.695986            1      4
   -6.053629    -3.725466     2.486603            1      4
   -6.053629    -3.725466     1.223709            1      4
   -4.894459    -3.094019     3.014326            1      4
   -4.894459    -3.094019     0.695986            1      4
   -4.894459    -2.566296     2.486603            1      4
   -4.894459    -2.566296     1.223709            1      4
   -1.350210    -2.904572     4.046708            6      5
   -5.430210    -2.904572     4.046708            6      5
   -3.390210    -0.864572     4.046708            6      5
   -3.390210    -4.944572     4.046708            6      5
   -3.390210    -2.904572     6.086708            6      5
   -2.212415    -1.726778     5.224503            6      5
   -4.568004    -1.726778     5.224503            6      5
   -2.212415    -4.082367     5.224503            6      5
   -4.568004    -4.082367     5.224503            6      5
   -4.568004    -1.726778     2.868914            6      5
   -3.012574    -2.526936     6.015561            6      5
   -3.767846    -2.526936     6.015561            6      5
   -3.012574    -3.282208     6.015561            6      5
   -3.767846    -3.282208     6.015561            6      5
   -3.012574    -0.935719     4.424344            6      5
   -3.767846    -0.935719     4.424344            6      5
   -3.012574    -4.873425     4.424344            6      5
   -3.767846    -4.873425     4.424344            6      5
   -3.012574    -0.935719     3.669072            6      5
   -3.767846    -0.935719     3.669072            6      5
   -3.012574    -4.873425     3.669072            6      5
   -3.767846    -4.873425     3.669072            6      5
   -1.421357    -2.526936     4.424344            6      5
   -5.359063    -2.526936     4.424344            6      5
   -1.421357    -3.282208     4.424344            6      5
   -5.359063    -3.282208     4.424344            6      5
   -1.421357    -2.526936     3.669072            6      5
   -5.359063    -2.526936     3.669072            6      5
   -5.359063    -3.282208     3.669072            6      5
   -1.981751    -1.496113     4.487261            6      5
   -4.798669    -1.496113     4.487261            6      5
   -1.981751    -4.313031     4.487261            6      5
   -4.798669    -4.313031     4.487261            6      5
   -1.981751    -1.496113     3.606155            6      5
   -4.798669    -1.496113     3.606155            6      5
   -4.798669    -4.313031     3.606155            6      5
   -1.981751    -2.464019     5.455167            6      5
   -4.798669    -2.464019     5.455167            6      5
   -1.981751    -3.345125     5.455167            6      5
   -4.798669    -3.345125     5.455167            6      5
   -4.798669    -2.464019     2.638249            6      5
   -2.949657    -1.496113     5.455167            6      5
   -3.830763    -1.496113     5.455167            6      5
   -2.949657    -4.313031     5.455167            6      5
   -3.830763    -4.313031     5.455167            6      5
   -2.583003    -2.097366     5.737399            6      5
   -4.197416    -2.097366     5.737399            6      5
   -2.583003    -3.711779     5.737399            6      5
   -4.197416    -3.711779     5.737399            6      5
   -2.583003    -1.213882     4.853915            6      5
   -4.197416    -1.213882     4.853915            6      5
   -2.583003    -4.595263     4.853915            6      5
   -4.197416    -4.595263     4.853915            6      5
   -4.197416    -1.213882     3.239502            6      5
   -2.583003    -4.595263     3.239502            6      5
   -1.699519    -2.097366     4.853915            6      5
   -5.080901    -2.097366     4.853915            6      5
   -1.699519    -3.711779     4.853915            6      5
   -5.080901    -3.711779     4.853915            6      5
   -1.699519    -2.097366     3.239502            6      5
   -5.080901    -2.097366     3.239502            6      5
   -5.080901    -3.711779     3.239502            6      5
   -2.414337    -1.113128     4.046708            6      5
   -4.366083    -1.113128     4.046708            6      5
   -2.414337    -4.696017     4.046708            6      5
   -4.366083    -4.696017     4.046708            6      5
   -1.598766    -1.928700     4.046708            6      5
   -5.181654    -1.928700     4.046708            6      5
   -1.598766    -3.880445     4.046708            6      5
   -5.181654    -3.880445     4.046708            6      5
   -2.414337    -2.904572     5.838152            6      5
   -4.366083    -2.904572     5.838152            6      5
   -1.598766    -2.904572     5.022581            6      5
   -5.181654    -2.904572     5.022581            6      5
   -5.181654    -2.904572     3.070835            6      5
   -3.390210    -1.928700     5.838152            6      5
   -3.390210    -3.880445     5.838152            6      5
   -3.390210    -1.113128     5.022581            6      5
   -3.390210    -4.696017     5.022581            6      5
   -5.746767    -2.526663     4.102723            1      6
   -4.426767    -1.206663     4.102723            1      6
   -5.188869    -1.764561     4.864825            1      6
   -5.188869    -3.288765     4.864825            1      6
   -5.188869    -1.764561     3.340621            1      6
   -5.188869    -3.288765     3.340621            1      6
   -4.671120    -2.282310     5.376687            1      6
   -4.671120    -2.771016     5.376687            1      6
   -4.671120    -2.282310     2.828759            1      6
   -4.182414    -1.252699     4.347076            1      6
   -4.671120    -1.252699     4.347076            1      6
   -4.182414    -1.252699     3.858370            1      6
   -4.671120    -1.252699     3.858370            1      6
   -5.700731    -2.282310     4.347076            1      6
   -5.700731    -2.771016     4.347076            1      6
   -5.700731    -2.282310     3.858370            1      6
   -5.700731    -2.771016     3.858370            1      6
   -5.338123    -1.615307     4.387787            1      6
   -5.338123    -3.438019     4.387787            1      6
   -5.338123    -1.615307     3.817659            1      6
   -5.338123    -3.438019     3.817659            1      6
   -5.338123    -2.241599     5.014079            1      6
   -5.338123    -2.811727     5.014079            1      6
   -5.338123    -2.241599     3.191367            1      6
   -5.338123    -2.811727     3.191367            1      6
   -4.141703    -1.615307     5.014079            1      6
   -4.711831    -1.615307     5.014079            1      6
   -4.711831    -3.438019     5.014079            1      6
   -4.711831    -1.615307     3.191367            1      6
   -4.949077    -2.004353     5.196699            1      6
   -4.949077    -3.048973     5.196699            1      6
   -4.949077    -2.004353     3.008747            1      6
   -4.949077    -3.048973     3.008747            1      6
   -4.949077    -1.432686     4.625033            1      6
   -4.949077    -3.620639     4.625033            1      6
   -4.949077    -1.432686     3.580413            1      6
   -4.949077    -3.620639     3.580413            1      6
   -5.520743    -2.004353     4.625033            1      6
   -5.520743    -3.048973     4.625033            1      6
   -5.520743    -2.004353     3.580413            1      6
   -5.520743    -3.048973     3.580413            1      6
   -5.058214    -1.367493     4.102723            1      6
   -5.058214    -3.685833     4.102723            1      6
   -5.585937    -1.895216     4.102723            1      6
   -5.585937    -3.158110     4.102723            1      6
   -5.058214    -2.526663     5.261893            1      6
   -5.058214    -2.526663     2.943553            1      6
   -5.585937    -2.526663     4.734170            1      6
   -5.585937    -2.526663     3.471276            1      6
   -4.426767    -1.895216     5.261893            1      6
   -4.426767    -1.367493     4.734170            1      6
   -4.426767    -1.367493     3.471276            1      6
   -0.941365    -1.717105     1.872119            6      7
   -5.021365    -1.717105     1.872119            6      7
   -2.981365     0.322895     1.872119            6      7
   -2.981365    -1.717105    -0.167881            6      7
   -1.803571    -0.539311     3.049913            6      7
   -4.159160    -0.539311     3.049913            6      7
   -1.803571    -0.539311     0.694324            6      7
   -4.159160    -0.539311     0.694324            6      7
   -1.803571    -2.894900     0.694324            6      7
   -4.159160    -2.894900     0.694324            6      7
   -2.603729    -1.339469     3.840972            6      7
   -3.359001    -1.339469     3.840972            6      7
   -2.603729    -1.339469    -0.096734            6      7
   -3.359001    -1.339469    -0.096734            6      7
   -2.603729    -2.094741    -0.096734            6      7
   -3.359001    -2.094741    -0.096734            6      7
   -2.603729     0.251748     2.249755            6      7
   -3.359001     0.251748     2.249755            6      7
   -2.603729     0.251748     1.494483            6      7
   -3.359001     0.251748     1.494483            6      7
   -1.012512    -1.339469     2.249755            6      7
   -4.950218    -1.339469     2.249755            6      7
   -1.012512    -2.094741     2.249755            6      7
   -4.950218    -2.094741     2.249755            6      7
   -1.012512    -1.339469     1.494483            6      7
   -4.950218    -1.339469     1.494483            6      7
   -1.012512    -2.094741     1.494483            6      7
   -4.950218    -2.094741     1.494483            6      7
   -1.572906    -0.308646     2.312672            6      7
   -4.389824    -0.308646     2.312672            6      7
   -1.572906    -0.308646     1.431566            6      7
   -4.389824    -0.308646     1.431566            6      7
   -1.572906    -1.276553     3.280578            6      7
   -4.389824    -1.276553     3.280578            6      7
   -1.572906    -2.157658     3.280578            6      7
   -1.572906    -1.276553     0.463660            6      7
   -4.389824    -1.276553     0.463660            6      7
   -1.572906    -2.157658     0.463660            6      7
   -4.389824    -2.157658     0.463660            6      7
   -2.540812    -0.308646     3.280578            6      7
   -3.421918    -0.308646     3.280578            6      7
   -2.540812    -0.308646     0.463660            6      7
   -3.421918    -0.308646     0.463660            6      7
   -2.540812    -3.125564     0.463660            6      7
   -3.421918    -3.125564     0.463660            6      7
   -2.174159    -0.909899     3.562809            6      7
   -3.788572    -0.909899     3.562809            6      7
   -2.174159    -0.909899     0.181428            6      7
   -3.788572    -0.909899     0.181428            6      7
   -2.174159    -2.524312     0.181428            6      7
   -3.788572    -2.524312     0.181428            6      7
   -2.174159    -0.026415     2.679325            6      7
   -3.788572    -0.026415     2.679325            6      7
   -2.174159    -0.026415     1.064912            6      7
   -3.788572    -0.026415     1.064912            6      7
   -2.174159    -3.407796     1.064912            6      7
   -1.290674    -0.909899     2.679325            6      7
   -4.672056    -0.909899     2.679325            6      7
   -4.672056    -2.524312     2.679325            6      7
   -1.290674    -0.909899     1.064912            6      7
   -4.672056    -0.909899     1.064912            6      7
   -1.290674    -2.524312     1.064912            6      7
   -4.672056    -2.524312     1.064912            6      7
   -2.005492     0.074339     1.872119            6      7
   -3.957238     0.074339     1.872119            6      7
   -1.189921    -0.741233     1.872119            6      7
   -4.772809    -0.741233     1.872119            6      7
   -4.772809    -2.692978     1.872119            6      7
   -2.005492    -1.717105     3.663563            6      7
   -2.005492    -1.717105     0.080675            6      7
   -3.957238    -1.717105     0.080675            6      7
   -1.189921    -1.717105     2.847992            6      7
   -4.772809    -1.717105     2.847992            6      7
   -1.189921    -1.717105     0.896246            6      7
   -4.772809    -1.717105     0.896246            6      7
   -2.981365    -0.741233     3.663563            6      7
   -2.981365    -0.741233     0.080675            6      7
   -2.981365    -2.692978     0.080675            6      7
   -2.981365     0.074339     2.847992            6      7
   -2.981365     0.074339     0.896246            6      7
   -3.345642    -5.188172     4.580361            1      8
   -3.345642    -3.868172     5.900361            1      8
   -2.583540    -4.630274     5.342463            1      8
   -4.107744    -4.630274     5.342463            1      8
   -2.583540    -4.630274     3.818258            1      8
   -4.107744    -4.630274     3.818258            1      8
   -3.101289    -3.623819     5.854324            1      8
   -3.589995    -3.623819     5.854324            1      8
   -3.101289    -4.112524     5.854324            1      8
   -3.589995    -4.112524     5.854324            1      8
   -3.101289    -5.142135     4.824713            1      8
   -3.589995    -5.142135     4.824713            1      8
   -3.101289    -5.142135     4.336008            1      8
   -3.589995    -5.142135     4.336008            1      8
   -2.071678    -4.112524     4.824713            1      8
   -4.619606    -4.112524     4.824713            1      8
   -2.071678    -4.112524     4.336008            1      8
   -4.619606    -4.112524     4.336008            1      8
   -2.434286    -4.779527     4.865424            1      8
   -4.256998    -4.779527     4.865424            1      8
   -2.434286    -4.779527     4.295297            1      8
   -4.256998    -4.779527     4.295297            1      8
   -2.434286    -3.583108     5.491717            1      8
   -4.256998    -3.583108     5.491717            1      8
   -2.434286    -4.153235     5.491717            1      8
   -4.256998    -4.153235     5.491717            1      8
   -3.060578    -4.779527     5.491717            1      8
   -3.630706    -4.779527     5.491717            1      8
   -3.060578    -4.779527     3.669005            1      8
   -3.630706    -4.779527     3.669005            1      8
   -2.823332    -3.345861     5.674337            1      8
   -3.867952    -3.345861     5.674337            1      8
   -2.823332    -4.390482     5.674337            1      8
   -3.867952    -4.390482     5.674337            1      8
   -2.823332    -4.962148     5.102671            1      8
   -3.867952    -4.962148     5.102671            1      8
   -2.823332    -4.962148     4.058051            1      8
   -3.867952    -4.962148     4.058051            1      8
   -2.251666    -4.390482     5.102671            1      8
   -4.439618    -4.390482     5.102671            1      8
   -2.251666    -4.390482     4.058051            1      8
   -4.439618    -4.390482     4.058051            1      8
   -2.714195    -5.027341     4.580361            1      8
   -3.977089    -5.027341     4.580361            1      8
   -2.186472    -4.499619     4.580361            1      8
   -4.504812    -4.499619     4.580361            1      8
   -2.714195    -3.868172     5.739531            1      8
   -3.977089    -3.868172     5.739531            1      8
   -2.186472    -3.868172     5.211808            1      8
   -4.504812    -3.868172     5.211808            1      8
   -3.345642    -3.236724     5.739531            1      8
   -3.345642    -4.499619     5.739531            1      8
   -3.345642    -5.027341     5.211808            1      8
   -3.345642    -5.027341     3.948914            1      8
   -1.415376    -2.194050     4.577665            1      9
   -2.735376    -0.874050     4.577665            1      9
   -2.735376    -2.194050     5.897665            1      9
   -1.973273    -1.431948     5.339768            1      9
   -3.497478    -1.431948     5.339768            1      9
   -1.973273    -2.956152     5.339768            1      9
   -1.973273    -1.431948     3.815563            1      9
   -2.491023    -1.949697     5.851629            1      9
   -2.979728    -1.949697     5.851629            1      9
   -2.491023    -2.438403     5.851629            1      9
   -2.979728    -2.438403     5.851629            1      9
   -2.491023    -0.920086     4.822018            1      9
   -2.979728    -0.920086     4.822018            1      9
   -2.491023    -0.920086     4.333313            1      9
   -2.979728    -0.920086     4.333313            1      9
   -1.461412    -1.949697     4.822018            1      9
   -1.461412    -2.438403     4.822018            1      9
   -1.461412    -1.949697     4.333313            1      9
   -1.461412    -2.438403     4.333313            1      9
   -1.824020    -1.282694     4.862729            1      9
   -3.646732    -1.282694     4.862729            1      9
   -1.824020    -3.105406     4.862729            1      9
   -1.824020    -1.282694     4.292602            1      9
   -1.824020    -1.908986     5.489021            1      9
   -3.646732    -1.908986     5.489021            1      9
   -1.824020    -2.479114     5.489021            1      9
   -1.824020    -1.908986     3.666309            1      9
   -2.450312    -1.282694     5.489021            1      9
   -3.020439    -1.282694     5.489021            1      9
   -2.450312    -3.105406     5.489021            1      9
   -2.450312    -1.282694     3.666309            1      9
   -2.213066    -1.671740     5.671642            1      9
   -3.257686    -1.671740     5.671642            1      9
   -2.213066    -2.716360     5.671642            1      9
   -2.213066    -1.100074     5.099975            1      9
   -3.257686    -1.100074     5.099975            1      9
   -2.213066    -1.100074     4.055355            1      9
   -3.257686    -1.100074     4.055355            1      9
   -1.641399    -1.671740     5.099975            1      9
   -1.641399    -2.716360     5.099975            1      9
   -1.641399    -1.671740     4.055355            1      9
   -2.103929    -1.034880     4.577665            1      9
   -3.366823    -1.034880     4.577665            1      9
   -1.576206    -1.562603     4.577665            1      9
   -1.576206    -2.825497     4.577665            1      9
   -2.103929    -2.194050     5.736835            1      9
   -3.366823    -2.194050     5.736835            1      9
   -1.576206    -2.194050     5.209112            1      9
   -1.576206    -2.194050     3.946218            1      9
   -2.735376    -1.562603     5.736835            1      9
   -2.735376    -2.825497     5.736835            1      9
   -2.735376    -1.034880     5.209112            1      9
   -2.735376    -1.034880     3.946218            1      9
    0.240071    -3.566880     2.575997            8     10
   -1.583929    -5.390880     2.575997            8     10
   -1.583929    -3.566880     4.399997            8     10
   -1.583929    -3.566880     0.751997            8     10
   -0.530842    -2.513793     3.629084            8     10
   -0.530842    -4.619966     3.629084            8     10
   -2.637015    -4.619966     3.629084            8     10
   -0.530842    -2.513793     1.522910            8     10
   -0.530842    -4.619966     1.522910            8     10
   -1.246278    -3.229229     4.336383            8     10
   -1.246278    -3.904530     4.336383            8     10
   -1.921579    -3.904530     4.336383            8     10
   -1.246278    -3.229229     0.815611            8     10
   -1.921579    -3.229229     0.815611            8     10
   -1.246278    -3.904530     0.815611            8     10
   -1.921579    -3.904530     0.815611            8     10
   -1.246278    -1.806493     2.913648            8     10
   -1.246278    -5.327266     2.913648            8     10
   -1.921579    -5.327266     2.913648            8     10
   -1.246278    -1.806493     2.238346            8     10
   -1.246278    -5.327266     2.238346            8     10
   -1.921579    -5.327266     2.238346            8     10
    0.176458    -3.229229     2.913648            8     10
    0.176458    -3.904530     2.913648            8     10
    0.176458    -3.229229     2.238346            8     10
    0.176458    -3.904530     2.238346            8     10
   -0.324601    -2.307552     2.969903            8     10
   -0.324601    -4.826208     2.969903            8     10
   -0.324601    -2.307552     2.182091            8     10
   -0.324601    -4.826208     2.182091            8     10
   -0.324601    -3.172973     3.835325            8     10
   -0.324601    -3.960786     3.835325            8     10
   -0.324601    -3.172973     1.316669            8     10
   -0.324601    -3.960786     1.316669            8     10
   -1.190022    -2.307552     3.835325            8     10
   -1.190022    -4.826208     3.835325            8     10
   -1.977835    -4.826208     3.835325            8     10
   -1.190022    -2.307552     1.316669            8     10
   -1.190022    -4.826208     1.316669            8     10
   -1.977835    -4.826208     1.316669            8     10
   -0.862191    -2.845142     4.087674            8     10
   -0.862191    -4.288617     4.087674            8     10
   -2.305666    -4.288617     4.087674            8     10
   -0.862191    -2.845142     1.064321            8     10
   -0.862191    -4.288617     1.064321            8     10
   -2.305666    -4.288617     1.064321            8     10
   -0.862191    -2.055203     3.297735            8     10
   -0.862191    -5.078556     3.297735            8     10
   -2.305666    -5.078556     3.297735            8     10
   -0.862191    -2.055203     1.854260            8     10
   -0.862191    -5.078556     1.854260            8     10
   -2.305666    -5.078556     1.854260            8     10
   -0.072252    -2.845142     3.297735            8     10
   -0.072252    -4.288617     3.297735            8     10
   -0.072252    -2.845142     1.854260            8     10
   -0.072252    -4.288617     1.854260            8     10
   -0.711383    -1.965118     2.575997            8     10
   -0.711383    -5.168641     2.575997            8     10
   -2.456474    -5.168641     2.575997            8     10
    0.017833    -2.694334     2.575997            8     10
    0.017833    -4.439425     2.575997            8     10
   -0.711383    -3.566880     4.177759            8     10
   -0.711383    -3.566880     0.974235            8     10
    0.017833    -3.566880     3.448542            8     10
    0.017833    -3.566880     1.703452            8     10
   -1.583929    -2.694334     4.177759            8     10
   -1.583929    -4.439425     4.177759            8     10
   -1.583929    -2.694334     0.974235            8     10
   -1.583929    -4.439425     0.974235            8     10
   -1.583929    -1.965118     3.448542            8     10
   -1.583929    -5.168641     3.448542            8     10
   -1.583929    -5.168641     1.703452            8     10
   -5.324872    -1.301751     1.861586            1     11
   -4.004872     0.018249     1.861586            1     11
   -4.766974    -0.539649     2.623688            1     11
   -4.766974    -2.063854     2.623688            1     11
   -4.766974    -0.539649     1.099483            1     11
   -4.766974    -2.063854     1.099483            1     11
   -4.249225    -1.057399     3.135550            1     11
   -4.249225    -1.057399     0.587622            1     11
   -4.249225    -1.546104     0.587622            1     11
   -3.760519    -0.027788     2.105938            1     11
   -4.249225    -0.027788     2.105938            1     11
   -3.760519    -0.027788     1.617233            1     11
   -4.249225    -0.027788     1.617233            1     11
   -5.278836    -1.057399     2.105938            1     11
   -5.278836    -1.546104     2.105938            1     11
   -5.278836    -1.057399     1.617233            1     11
   -5.278836    -1.546104     1.617233            1     11
   -4.916228    -0.390395     2.146649            1     11
   -4.916228    -2.213107     2.146649            1     11
   -4.916228    -0.390395     1.576522            1     11
   -4.916228    -2.213107     1.576522            1     11
   -4.916228    -1.016688     2.772942            1     11
   -4.916228    -1.586815     2.772942            1     11
   -4.916228    -1.016688     0.950230            1     11
   -4.916228    -1.586815     0.950230            1     11
   -3.719808    -0.390395     2.772942            1     11
   -4.289936    -0.390395     2.772942            1     11
   -3.719808    -0.390395     0.950230            1     11
   -4.289936    -0.390395     0.950230            1     11
   -4.527182    -0.779441     2.955562            1     11
   -4.527182    -1.824061     2.955562            1     11
   -4.527182    -0.779441     0.767609            1     11
   -4.527182    -1.824061     0.767609            1     11
   -4.527182    -0.207775     2.383896            1     11
   -4.527182    -0.207775     1.339276            1     11
   -4.527182    -2.395728     1.339276            1     11
   -5.098848    -0.779441     2.383896            1     11
   -5.098848    -1.824061     2.383896            1     11
   -5.098848    -0.779441     1.339276            1     11
   -5.098848    -1.824061     1.339276            1     11
   -4.636319    -0.142581     1.861586            1     11
   -5.164042    -0.670304     1.861586            1     11
   -5.164042    -1.933198     1.861586            1     11
   -4.636319    -1.301751     3.020756            1     11
   -4.636319    -1.301751     0.702416            1     11
   -5.164042    -1.301751     2.493033            1     11
   -5.164042    -1.301751     1.230139            1     11
   -4.004872    -0.670304     3.020756            1     11
   -4.004872    -0.670304     0.702416            1     11
   -4.004872    -0.142581     2.493033            1     11
   -4.004872    -0.142581     1.230139            1     11
   -0.999539    -0.990693     2.372003            1     12
   -2.319539     0.329307     2.372003            1     12
   -2.319539    -0.990693     3.692003            1     12
   -1.557437    -0.228591     3.134105            1     12
   -3.081642    -0.228591     3.134105            1     12
   -1.557437    -1.752796     3.134105            1     12
   -1.557437    -0.228591     1.609901            1     12
   -2.075187    -0.746341     3.645967            1     12
   -2.563892    -0.746341     3.645967            1     12
   -2.075187    -1.235046     3.645967            1     12
   -2.563892    -1.235046     3.645967            1     12
   -2.075187     0.283270     2.616356            1     12
   -2.563892     0.283270     2.616356            1     12
   -2.075187     0.283270     2.127650            1     12
   -2.563892     0.283270     2.127650            1     12
   -1.045576    -0.746341     2.616356            1     12
   -1.045576    -1.235046     2.616356            1     12
   -1.045576    -0.746341     2.127650            1     12
   -1.045576    -1.235046     2.127650            1     12
   -1.408184    -0.079338     2.657067            1     12
   -3.230895    -0.079338     2.657067            1     12
   -1.408184    -0.079338     2.086939            1     12
   -1.408184    -0.705630     3.283359            1     12
   -3.230895    -0.705630     3.283359            1     12
   -1.408184    -1.275757     3.283359            1     12
   -1.408184    -0.705630     1.460647            1     12
   -2.034476    -0.079338     3.283359            1     12
   -2.604603    -0.079338     3.283359            1     12
   -2.034476    -0.079338     1.460647            1     12
   -2.604603    -0.079338     1.460647            1     12
   -1.797229    -0.468383     3.465980            1     12
   -2.841850    -0.468383     3.465980            1     12
   -1.797229    -1.513004     3.465980            1     12
   -1.797229    -0.468383     1.278027            1     12
   -1.797229     0.103283     2.894313            1     12
   -2.841850     0.103283     2.894313            1     12
   -1.797229     0.103283     1.849693            1     12
   -2.841850     0.103283     1.849693            1     12
   -1.225563    -0.468383     2.894313            1     12
   -1.225563    -1.513004     2.894313            1     12
   -1.225563    -0.468383     1.849693            1     12
   -1.225563    -1.513004     1.849693            1     12
   -1.688092     0.168476     2.372003            1     12
   -2.950987     0.168476     2.372003            1     12
   -1.160370    -0.359246     2.372003            1     12
   -1.160370    -1.622141     2.372003            1     12
   -1.688092    -0.990693     3.531173            1     12
   -2.950987    -0.990693     3.531173            1     12
   -1.160370    -0.990693     3.003450            1     12
   -1.160370    -0.990693     1.740556            1     12
   -2.319539    -0.359246     3.531173            1     12
   -2.319539     0.168476     3.003450            1     12
   -2.319539     0.168476     1.740556            1     12
   -1.321267    -1.819837     0.828255            1     13
   -2.641267    -1.819837    -0.491745            1     13
   -1.879164    -1.057735     0.066153            1     13
   -3.403369    -1.057735     0.066153            1     13
   -1.879164    -2.581940     0.066153            1     13
   -3.403369    -2.581940     0.066153            1     13
   -2.396914    -1.575485    -0.445709            1     13
   -2.885619    -1.575485    -0.445709            1     13
   -2.396914    -2.064190    -0.445709            1     13
   -2.885619    -2.064190    -0.445709            1     13
   -2.396914    -0.545873     0.583902            1     13
   -2.885619    -0.545873     0.583902            1     13
   -2.396914    -3.093801     0.583902            1     13
   -2.885619    -3.093801     0.583902            1     13
   -1.367303    -1.575485     1.072608            1     13
   -1.367303    -2.064190     1.072608            1     13
   -1.367303    -1.575485     0.583902            1     13
   -1.367303    -2.064190     0.583902            1     13
   -1.729911    -0.908481     0.543191            1     13
   -1.729911    -2.731193     0.543191            1     13
   -3.552623    -2.731193     0.543191            1     13
   -1.729911    -1.534774    -0.083101            1     13
   -3.552623    -1.534774    -0.083101            1     13
   -1.729911    -2.104901    -0.083101            1     13
   -3.552623    -2.104901    -0.083101            1     13
   -2.356203    -0.908481    -0.083101            1     13
   -2.926330    -0.908481    -0.083101            1     13
   -2.356203    -2.731193    -0.083101            1     13
   -2.926330    -2.731193    -0.083101            1     13
   -2.118957    -1.297527    -0.265721            1     13
   -3.163577    -1.297527    -0.265721            1     13
   -2.118957    -2.342147    -0.265721            1     13
   -3.163577    -2.342147    -0.265721            1     13
   -2.118957    -0.725861     0.305945            1     13
   -3.163577    -0.725861     0.305945            1     13
   -2.118957    -2.913814     0.305945            1     13
   -3.163577    -2.913814     0.305945            1     13
   -1.547290    -1.297527     0.305945            1     13
   -3.735243    -1.297527     0.305945            1     13
   -1.547290    -2.342147     0.305945            1     13
   -3.735243    -2.342147     0.305945            1     13
   -2.009820    -0.660667     0.828255            1     13
   -2.009820    -2.979007     0.828255            1     13
   -1.482097    -1.188390     0.828255            1     13
   -1.482097    -2.451284     0.828255            1     13
   -2.009820    -1.819837    -0.330915            1     13
   -3.272714    -1.819837    -0.330915            1     13
   -1.482097    -1.819837     0.196808            1     13
   -3.800437    -1.819837     0.196808            1     13
   -2.641267    -1.188390    -0.330915            1     13
   -2.641267    -2.451284    -0.330915            1     13
   -2.641267    -0.660667     0.196808            1     13
   -2.641267    -2.979007     0.196808            1     13
