$hessian                                                                        
        0.4847696406   0.0386303378   0.0064113916  -0.0917408443   0.0392528193
        0.0109231137   0.0127560737  -0.0192427314  -0.0075825140  -0.0214839393
        0.0187226000   0.0103507656  -0.0081887246   0.0120754046  -0.0003726325
       -0.1121041827  -0.0526772725  -0.0409860471  -0.1780636604  -0.0514701648
        0.0951242824  -0.0691546459   0.0298218193  -0.0615945455  -0.0074105040
       -0.0062777267  -0.0089894874   0.0085240687   0.0091197488   0.0071695990
       -0.0179032818  -0.0179548343  -0.0104539258
        0.0386303378   0.4426049041  -0.0304949701   0.0393909483  -0.1010909406
       -0.0069743287  -0.0034037786  -0.0411920660  -0.0248642189   0.0008973459
        0.0026866661  -0.0000546075   0.0159832816  -0.0185701308   0.0033413240
       -0.0497442788  -0.1197748202  -0.0424743256  -0.0528466693  -0.0626645086
        0.0389972966   0.0294623919  -0.0802039525   0.0782117209   0.0052502950
        0.0078572663   0.0037980930  -0.0139979251  -0.0218126588  -0.0157955255
       -0.0096219487  -0.0078397591  -0.0036904583
        0.0064113916  -0.0304949701   0.5128125841   0.0109740727  -0.0069426958
       -0.0631932430   0.0004032820  -0.0297974327  -0.0089130829   0.0187164829
       -0.0135603829  -0.0075703864  -0.0157664346   0.0211154727   0.0004153078
       -0.0395088113  -0.0433910606  -0.1020568783   0.0949372221   0.0380001633
       -0.1129503985  -0.0622791251   0.0797628264  -0.2042878715  -0.0175565893
       -0.0158119830  -0.0176335012  -0.0044963414  -0.0083722804  -0.0051708582
        0.0081648503   0.0094923430   0.0085483280
       -0.0917408443   0.0393909483   0.0109740727   0.3344338484   0.0029822856
        0.0015963985  -0.1113496006  -0.0554925090  -0.0408693656  -0.0726571268
       -0.0062475429   0.0325688368  -0.0441763974   0.0092342188  -0.0066634847
        0.0056583319  -0.0114222938  -0.0036913440  -0.0148387519   0.0179875851
        0.0093072951  -0.0051008950   0.0106516229   0.0006530560   0.0006613067
       -0.0011113236  -0.0004874225  -0.0014913192  -0.0042642723  -0.0027891594
        0.0006014482  -0.0017087192  -0.0005988830
        0.0392528193  -0.1010909406  -0.0069426958   0.0029822856   0.3924035307
        0.0303111119  -0.0782671432  -0.1598312416  -0.0696417153   0.0068482444
       -0.0382923795   0.0048106911   0.0198285609  -0.0672853687   0.0486882883
        0.0024056529  -0.0180135496  -0.0077973117  -0.0026652251   0.0044455778
        0.0013239024   0.0092652694  -0.0132039456  -0.0010021851   0.0004733684
        0.0005799023   0.0009633443  -0.0007819842   0.0001085585  -0.0004570573
        0.0006581516   0.0001798561  -0.0002563726
        0.0109231137  -0.0069743287  -0.0631932430   0.0015963985   0.0303111119
        0.3501848717  -0.0523956040  -0.0626028777  -0.1176428920   0.0453129855
        0.0164177463  -0.0805970648  -0.0074743810   0.0296853082  -0.0799541626
        0.0033471681  -0.0122125892  -0.0061596635   0.0116376316  -0.0128652866
       -0.0050325208  -0.0128712369   0.0202070743   0.0029487134   0.0003194764
       -0.0010610878  -0.0002403557  -0.0010162921  -0.0015083700  -0.0006584243
        0.0006207402   0.0006032991   0.0003447415
        0.0127560737  -0.0034037786   0.0004032820  -0.1113496006  -0.0782671432
       -0.0523956040   0.1571714046   0.1284115968   0.0972668370  -0.0414472152
       -0.0385500847  -0.0100307054  -0.0201522730  -0.0097828570  -0.0362941197
        0.0014725770   0.0020035954   0.0012000729   0.0013139394  -0.0003210204
       -0.0016054742   0.0000051362  -0.0011361230   0.0009951096  -0.0001838092
        0.0004818055   0.0003843974   0.0003952389  -0.0002073286  -0.0000497905
        0.0000185283   0.0007713378   0.0001259949
       -0.0192427314  -0.0411920660  -0.0297974327  -0.0554925090  -0.1598312416
       -0.0626028777   0.1284115968   0.2151576122   0.1221647904  -0.0427712910
       -0.0243809879  -0.0003275881  -0.0133356205   0.0144304213  -0.0270627181
        0.0050624650  -0.0079239146  -0.0028478354  -0.0006465313   0.0024937357
        0.0005613013  -0.0015156405   0.0029954370   0.0010861588   0.0001516903
        0.0003047535   0.0002246822  -0.0009471051  -0.0026059417  -0.0017142389
        0.0003256767   0.0005521921   0.0003157583
       -0.0075825140  -0.0248642189  -0.0089130829  -0.0408693656  -0.0696417153
       -0.1176428920   0.0972668370   0.1221647904   0.1437249165  -0.0133270008
       -0.0025461215   0.0206773630  -0.0369320584  -0.0224466456  -0.0390977018
        0.0027581700  -0.0037897109  -0.0002375932  -0.0011148069   0.0019311362
        0.0004100276   0.0001290306  -0.0001187235   0.0011377189   0.0001855601
        0.0005553310   0.0004995103  -0.0004352886  -0.0014937176  -0.0006788977
       -0.0000785634   0.0002495958   0.0001206313
       -0.0214839393   0.0008973459   0.0187164829  -0.0726571268   0.0068482444
        0.0453129855  -0.0414472152  -0.0427712910  -0.0133270008   0.1333863784
        0.0317773528  -0.0551350341   0.0053073239  -0.0004394783   0.0035473645
        0.0010596310  -0.0005662073  -0.0008667870  -0.0045952931   0.0044835128
        0.0018641203  -0.0000139709  -0.0009989758  -0.0003211795  -0.0002263324
        0.0000211383   0.0001968335   0.0001685660   0.0002507576   0.0001107348
        0.0005019784   0.0004976006  -0.0000985199
        0.0187226000   0.0026866661  -0.0135603829  -0.0062475429  -0.0382923795
        0.0164177463  -0.0385500847  -0.0243809879  -0.0025461215   0.0317773528
        0.0687467893  -0.0161403567  -0.0105731175  -0.0065830208   0.0188350407
        0.0017960227   0.0006363012  -0.0006535780   0.0036410060  -0.0035881551
       -0.0023918057  -0.0001628150   0.0007016586  -0.0004572203  -0.0000894165
       -0.0000306515   0.0001114871  -0.0001210430   0.0001202901   0.0002379867
       -0.0001929620  -0.0000165105   0.0001472045
        0.0103507656  -0.0000546075  -0.0075703864   0.0325688368   0.0048106911
       -0.0805970648  -0.0100307054  -0.0003275881   0.0206773630  -0.0551350341
       -0.0161403567   0.0971925594   0.0208357633   0.0142447344  -0.0307114078
        0.0005971315  -0.0000594807   0.0003211276   0.0020791261  -0.0025576896
        0.0000309187  -0.0007753744   0.0005409240   0.0007749149   0.0001025317
        0.0002070184  -0.0001587168  -0.0001940459  -0.0000562195  -0.0000099644
       -0.0003989951  -0.0006074259   0.0000506565
       -0.0081887246   0.0159832816  -0.0157664346  -0.0441763974   0.0198285609
       -0.0074743810  -0.0201522730  -0.0133356205  -0.0369320584   0.0053073239
       -0.0105731175   0.0208357633   0.0695415985  -0.0155213707   0.0397826895
        0.0006353790  -0.0009530723   0.0000656215  -0.0000165071  -0.0002832938
       -0.0007975300  -0.0030865722   0.0046887784  -0.0001826794   0.0001829241
       -0.0000681622   0.0003231666   0.0000510125   0.0000941953   0.0001492690
       -0.0000977638   0.0001398208  -0.0000034265
        0.0120754046  -0.0185701308   0.0211154727   0.0092342188  -0.0672853687
        0.0296853082  -0.0097828570   0.0144304213  -0.0224466456  -0.0004394783
       -0.0065830208   0.0142447344  -0.0155213707   0.0823885564  -0.0423109547
        0.0010008300   0.0000271463   0.0009725070  -0.0006626271   0.0010797373
        0.0002822452   0.0045281487  -0.0057765568  -0.0007043139  -0.0002230544
        0.0001776791  -0.0009168141  -0.0001758521   0.0001177711  -0.0001422256
       -0.0000333624  -0.0000062343   0.0002206865
       -0.0003726325   0.0033413240   0.0004153078  -0.0066634847   0.0486882883
       -0.0799541626  -0.0362941197  -0.0270627181  -0.0390977018   0.0035473645
        0.0188350407  -0.0307114078   0.0397826895  -0.0423109547   0.1465026323
        0.0008212411  -0.0010585630   0.0014057301  -0.0001309299  -0.0008042305
        0.0003759761  -0.0009368083  -0.0002192356   0.0007401076   0.0001588948
        0.0001165271   0.0005205371   0.0001410693   0.0002859840   0.0001021744
       -0.0000532841   0.0001885379  -0.0002991933
       -0.1121041827  -0.0497442788  -0.0395088113   0.0056583319   0.0024056529
        0.0033471681   0.0014725770   0.0050624650   0.0027581700   0.0010596310
        0.0017960227   0.0005971315   0.0006353790   0.0010008300   0.0008212411
        0.4966278961  -0.0293033359  -0.0208282120  -0.0166648336  -0.0182141540
       -0.0116117425  -0.0070740543  -0.0076926689  -0.0081861605  -0.0692244226
        0.0349916675  -0.0631464675  -0.1139584356   0.1070923123   0.0313690582
       -0.1864278862  -0.0473945129   0.1043886250
       -0.0526772725  -0.1197748202  -0.0433910606  -0.0114222938  -0.0180135496
       -0.0122125892   0.0020035954  -0.0079239146  -0.0037897109  -0.0005662073
        0.0006363012  -0.0000594807  -0.0009530723   0.0000271463  -0.0010585630
       -0.0293033359   0.4894691866  -0.0226711266  -0.0079329125  -0.0081132363
       -0.0050028359   0.0059335539   0.0063866990   0.0049795756   0.0357474706
       -0.0891713272   0.0885378003   0.1057498281  -0.1940116444  -0.0418840619
       -0.0465793538  -0.0595108407   0.0365520528
       -0.0409860471  -0.0424743256  -0.1020568783  -0.0036913440  -0.0077973117
       -0.0061596635   0.0012000729  -0.0028478354  -0.0002375932  -0.0008667870
       -0.0006535780   0.0003211276   0.0000656215   0.0009725070   0.0014057301
       -0.0208282120  -0.0226711266   0.4976328642   0.0090753906   0.0093401189
        0.0073991469  -0.0167299956  -0.0169801344  -0.0166923559  -0.0630077215
        0.0877605070  -0.2073274129   0.0306940969  -0.0414588106  -0.0545752332
        0.1050749253   0.0368099894  -0.1197097317
       -0.1780636604  -0.0528466693   0.0949372221  -0.0148387519  -0.0026652251
        0.0116376316   0.0013139394  -0.0006465313  -0.0011148069  -0.0045952931
        0.0036410060   0.0020791261  -0.0000165071  -0.0006626271  -0.0001309299
       -0.0166648336  -0.0079329125   0.0090753906   0.2090527218   0.0618957522
       -0.1115477196   0.0062539660   0.0020170692  -0.0034726581   0.0000495960
        0.0003914151   0.0004466564   0.0005627011   0.0002448927   0.0002016331
       -0.0030538782  -0.0034361699  -0.0021115455
       -0.0514701648  -0.0626645086   0.0380001633   0.0179875851   0.0044455778
       -0.0128652866  -0.0003210204   0.0024937357   0.0019311362   0.0044835128
       -0.0035881551  -0.0025576896  -0.0002832938   0.0010797373  -0.0008042305
       -0.0182141540  -0.0081132363   0.0093401189   0.0618957522   0.0733539757
       -0.0429943970  -0.0111585515  -0.0049731127   0.0117463291   0.0006102262
        0.0006685477   0.0002633835  -0.0001945500   0.0001118809   0.0004903721
       -0.0033353418  -0.0028144423  -0.0025498995
        0.0951242824   0.0389972966  -0.1129503985   0.0093072951   0.0013239024
       -0.0050325208  -0.0016054742   0.0005613013   0.0004100276   0.0018641203
       -0.0023918057   0.0000309187  -0.0007975300   0.0002822452   0.0003759761
       -0.0116117425  -0.0050028359   0.0073991469  -0.1115477196  -0.0429943970
        0.1306621876   0.0221342079   0.0113067683  -0.0216374520  -0.0003207587
       -0.0002410736   0.0007529309  -0.0001620049   0.0004164583   0.0003296659
       -0.0023846759  -0.0022578598  -0.0003404824
       -0.0691546459   0.0294623919  -0.0622791251  -0.0051008950   0.0092652694
       -0.0128712369   0.0000051362  -0.0015156405   0.0001290306  -0.0000139709
       -0.0001628150  -0.0007753744  -0.0030865722   0.0045281487  -0.0009368083
       -0.0070740543   0.0059335539  -0.0167299956   0.0062539660  -0.0111585515
        0.0221342079   0.0800303013  -0.0348848514   0.0744913966  -0.0023338915
       -0.0023742796  -0.0031791570   0.0003858414   0.0003004425   0.0004148278
        0.0000887849   0.0006063316  -0.0003977656
        0.0298218193  -0.0802039525   0.0797628264   0.0106516229  -0.0132039456
        0.0202070743  -0.0011361230   0.0029954370  -0.0001187235  -0.0009989758
        0.0007016586   0.0005409240   0.0046887784  -0.0057765568  -0.0002192356
       -0.0076926689   0.0063866990  -0.0169801344   0.0020170692  -0.0049731127
        0.0113067683  -0.0348848514   0.0948097483  -0.0913743252  -0.0026827154
       -0.0018833682  -0.0027876771  -0.0001530232   0.0006438418  -0.0002066059
        0.0003690679   0.0005035508  -0.0001308913
       -0.0615945455   0.0782117209  -0.2042878715   0.0006530560  -0.0010021851
        0.0029487134   0.0009951096   0.0010861588   0.0011377189  -0.0003211795
       -0.0004572203   0.0007749149  -0.0001826794  -0.0007043139   0.0007401076
       -0.0081861605   0.0049795756  -0.0166923559  -0.0034726581   0.0117463291
       -0.0216374520   0.0744913966  -0.0913743252   0.2382412946  -0.0030540200
       -0.0030322258  -0.0020068700   0.0003200706   0.0001716450  -0.0000479271
        0.0003516102   0.0003748412   0.0008297271
       -0.0074105040   0.0052502950  -0.0175565893   0.0006613067   0.0004733684
        0.0003194764  -0.0001838092   0.0001516903   0.0001855601  -0.0002263324
       -0.0000894165   0.0001025317   0.0001829241  -0.0002230544   0.0001588948
       -0.0692244226   0.0357474706  -0.0630077215   0.0000495960   0.0006102262
       -0.0003207587  -0.0023338915  -0.0026827154  -0.0030540200   0.0792738860
       -0.0390539832   0.0771653158  -0.0075725758   0.0116638609  -0.0161068997
        0.0067838228  -0.0118477419   0.0221142104
       -0.0062777267   0.0078572663  -0.0158119830  -0.0011113236   0.0005799023
       -0.0010610878   0.0004818055   0.0003047535   0.0005553310   0.0000211383
       -0.0000306515   0.0002070184  -0.0000681622   0.0001776791   0.0001165271
        0.0349916675  -0.0891713272   0.0877605070   0.0003914151   0.0006685477
       -0.0002410736  -0.0023742796  -0.0018833682  -0.0030322258  -0.0390539832
        0.1016805388  -0.1009662490   0.0109366932  -0.0153976522   0.0229596549
        0.0020627557  -0.0047856885   0.0095135806
       -0.0089894874   0.0037980930  -0.0176335012  -0.0004874225   0.0009633443
       -0.0002403557   0.0003843974   0.0002246822   0.0004995103   0.0001968335
        0.0001114871  -0.0001587168   0.0003231666  -0.0009168141   0.0005205371
       -0.0631464675   0.0885378003  -0.2073274129   0.0004466564   0.0002633835
        0.0007529309  -0.0031791570  -0.0027876771  -0.0020068700   0.0771653158
       -0.1009662490   0.2421729437   0.0012574830  -0.0010544563   0.0041606528
       -0.0039713183   0.0118264059  -0.0207397180
        0.0085240687  -0.0139979251  -0.0044963414  -0.0014913192  -0.0007819842
       -0.0010162921   0.0003952389  -0.0009471051  -0.0004352886   0.0001685660
       -0.0001210430  -0.0001940459   0.0000510125  -0.0001758521   0.0001410693
       -0.1139584356   0.1057498281   0.0306940969   0.0005627011  -0.0001945500
       -0.0001620049   0.0003858414  -0.0001530232   0.0003200706  -0.0075725758
        0.0109366932   0.0012574830   0.1313718877  -0.1216945545  -0.0343062884
       -0.0184369857   0.0213795159   0.0081975414
        0.0091197488  -0.0218126588  -0.0083722804  -0.0042642723   0.0001085585
       -0.0015083700  -0.0002073286  -0.0026059417  -0.0014937176   0.0002507576
        0.0001202901  -0.0000562195   0.0000941953   0.0001177711   0.0002859840
        0.1070923123  -0.1940116444  -0.0414588106   0.0002448927   0.0001118809
        0.0004164583   0.0003004425   0.0006438418   0.0001716450   0.0116638609
       -0.0153976522  -0.0010544563  -0.1216945545   0.2274231654   0.0518332445
       -0.0026000547   0.0053023894   0.0012365226
        0.0071695990  -0.0157955255  -0.0051708582  -0.0027891594  -0.0004570573
       -0.0006584243  -0.0000497905  -0.0017142389  -0.0006788977   0.0001107348
        0.0002379867  -0.0000099644   0.0001492690  -0.0001422256   0.0001021744
        0.0313690582  -0.0418840619  -0.0545752332   0.0002016331   0.0004903721
        0.0003296659   0.0004148278  -0.0002066059  -0.0000479271  -0.0161068997
        0.0229596549   0.0041606528  -0.0343062884   0.0518332445   0.0622668030
        0.0138370162  -0.0153215432  -0.0057179912
       -0.0179032818  -0.0096219487   0.0081648503   0.0006014482   0.0006581516
        0.0006207402   0.0000185283   0.0003256767  -0.0000785634   0.0005019784
       -0.0001929620  -0.0003989951  -0.0000977638  -0.0000333624  -0.0000532841
       -0.1864278862  -0.0465793538   0.1050749253  -0.0030538782  -0.0033353418
       -0.0023846759   0.0000887849   0.0003690679   0.0003516102   0.0067838228
        0.0020627557  -0.0039713183  -0.0184369857  -0.0026000547   0.0138370162
        0.2179252332   0.0589473713  -0.1211623053
       -0.0179548343  -0.0078397591   0.0094923430  -0.0017087192   0.0001798561
        0.0006032991   0.0007713378   0.0005521921   0.0002495958   0.0004976006
       -0.0000165105  -0.0006074259   0.0001398208  -0.0000062343   0.0001885379
       -0.0473945129  -0.0595108407   0.0368099894  -0.0034361699  -0.0028144423
       -0.0022578598   0.0006063316   0.0005035508   0.0003748412  -0.0118477419
       -0.0047856885   0.0118264059   0.0213795159   0.0053023894  -0.0153215432
        0.0589473713   0.0684354870  -0.0413581835
       -0.0104539258  -0.0036904583   0.0085483280  -0.0005988830  -0.0002563726
        0.0003447415   0.0001259949   0.0003157583   0.0001206313  -0.0000985199
        0.0001472045   0.0000506565  -0.0000034265   0.0002206865  -0.0002991933
        0.1043886250   0.0365520528  -0.1197097317  -0.0021115455  -0.0025498995
       -0.0003404824  -0.0003977656  -0.0001308913   0.0008297271   0.0221142104
        0.0095135806  -0.0207397180   0.0081975414   0.0012365226  -0.0057179912
       -0.1211623053  -0.0413581835   0.1369130321
