$hessian                                                                        
        0.0843982458   0.0007722753   0.0930099944  -0.0034497342   0.0032149193
        0.0017899520  -0.0000863403  -0.0010772134  -0.0002502852  -0.0284287821
       -0.0076872923  -0.0450444050  -0.0265483954   0.0293951284  -0.0276668545
        0.0072116493   0.0080202630   0.0003672186   0.0000785236  -0.0007700472
        0.0004068744  -0.0000407556  -0.0004332551  -0.0008977323  -0.0280872538
       -0.0310243543  -0.0213189000  -0.0021581763   0.0045837721   0.0014585173
       -0.0028889809  -0.0049941960  -0.0018543797
        0.0007722753   0.7625947545   0.0680984357  -0.0018298887  -0.0004352824
       -0.0000696074   0.0074523374  -0.0032211097  -0.0025741744  -0.0025991169
       -0.0549528009  -0.0518461519   0.0347789304  -0.2066306749   0.1280968175
        0.0072711330   0.0017824976   0.0014603411   0.0011659351  -0.0013204513
       -0.0000026103   0.0009127767  -0.0010375714  -0.0010775927  -0.0445085537
       -0.4603893653  -0.1315863628  -0.0017168708  -0.0287429261  -0.0052593258
       -0.0016989580  -0.0076470700  -0.0052397690
        0.0930099944   0.0680984357   0.5827366450   0.0000012008  -0.0008348371
        0.0001533205   0.0027577846  -0.0011365895  -0.0003504225  -0.0439653612
       -0.0486356227  -0.2950557522  -0.0249182844   0.1268689559  -0.1460184688
        0.0001948314   0.0013794801  -0.0058011816   0.0001101280  -0.0002264563
       -0.0001008150   0.0005829781  -0.0003339620  -0.0003846131  -0.0262732158
       -0.1341200843  -0.1251603684   0.0014101358   0.0193771904   0.0051979780
       -0.0029101917  -0.0304365103  -0.0152163219
       -0.0034497342  -0.0018298887   0.0000012008   0.4395015423   0.0251934321
        0.0101967787  -0.1819420259  -0.1042567573  -0.0151750636   0.0000481886
       -0.0000032742  -0.0002624897   0.0001419331  -0.0001743736   0.0001752175
       -0.0353829153   0.0291270003   0.0111683703  -0.1341570349   0.0589202457
       -0.0879530886  -0.0806573096  -0.0100505759   0.0799755369  -0.0047691159
        0.0033731663   0.0020995183   0.0003587822  -0.0001717896  -0.0000526900
        0.0003076897  -0.0001271852  -0.0001732906
        0.0032149193  -0.0004352824  -0.0008348371   0.0251934321   0.3225817405
       -0.0481306712  -0.0876862779  -0.0963642610  -0.0047783786   0.0000627513
       -0.0002218904   0.0001613339  -0.0000669746  -0.0000800546  -0.0002783879
        0.0293913551  -0.1187516001  -0.0358660355   0.0524776335  -0.0700568876
        0.0558116940  -0.0157060511  -0.0363200842   0.0330022596  -0.0079115813
       -0.0001889551   0.0011795573   0.0005960999  -0.0001388321   0.0000147709
        0.0004346935  -0.0000238930  -0.0002813054
        0.0017899520  -0.0000696074   0.0001533205   0.0101967787  -0.0481306712
        0.4336289377  -0.0095338428  -0.0022569839  -0.0435256904  -0.0000312740
       -0.0000929807   0.0000956865   0.0000153584   0.0000177704  -0.0001360431
        0.0113443220  -0.0357468324  -0.0414582238  -0.0938821701   0.0661090470
       -0.1308545592   0.0817089033   0.0209144469  -0.2182492410  -0.0018616656
       -0.0007080997   0.0003883276   0.0000782385  -0.0000049320   0.0000508327
        0.0001753996  -0.0000311569  -0.0000933475
       -0.0000863403   0.0074523374   0.0027577846  -0.1819420259  -0.0876862779
       -0.0095338428   0.2122830231   0.1108425164   0.0135805774  -0.0002708329
        0.0000129798   0.0001759061  -0.0003422833   0.0001681089  -0.0000542273
        0.0057707705  -0.0060086787  -0.0025007985  -0.0230000686  -0.0111008762
       -0.0035078031  -0.0151652437  -0.0086687878   0.0016225611   0.0065273842
       -0.0048442050  -0.0030424409  -0.0017376630  -0.0002442405   0.0007683223
       -0.0020367202   0.0000771236  -0.0002660389
       -0.0010772134  -0.0032211097  -0.0011365895  -0.1042567573  -0.0963642610
       -0.0022569839   0.1108425164   0.1219070907   0.0083870100   0.0001898046
       -0.0001284217   0.0000751055   0.0001569005  -0.0001447268  -0.0001562782
       -0.0071227302  -0.0294285015  -0.0097110696   0.0085115216   0.0077557600
        0.0010915984  -0.0074595974  -0.0023510301   0.0024218590   0.0011516683
        0.0012615722   0.0005536298  -0.0008073339   0.0003235477   0.0003336978
       -0.0001287792   0.0003900801   0.0003980208
       -0.0002502852  -0.0025741744  -0.0003504225  -0.0151750636  -0.0047783786
       -0.0435256904   0.0135805774   0.0083870100   0.0498787476   0.0000869591
       -0.0001663957  -0.0002132676   0.0000803873   0.0001398719  -0.0001359302
       -0.0029728212  -0.0097615783  -0.0011035935  -0.0210755086  -0.0102994006
       -0.0030501580   0.0263139849   0.0169388966  -0.0007587986  -0.0007650753
        0.0014951299  -0.0000685631   0.0008991697   0.0005373510  -0.0005332205
       -0.0007223246   0.0000816682  -0.0001391032
       -0.0284287821  -0.0025991169  -0.0439653612   0.0000481886   0.0000627513
       -0.0000312740  -0.0002708329   0.0001898046   0.0000869591   0.0313242454
        0.0107016570   0.0504274588   0.0001960092  -0.0007647151  -0.0048292420
       -0.0070873088  -0.0019696035   0.0033341335   0.0000601915  -0.0000639687
        0.0000373134  -0.0000156842  -0.0000670642  -0.0000049870  -0.0018390743
       -0.0051408386  -0.0044689332  -0.0042728850   0.0003774217   0.0010840599
        0.0102859325  -0.0007263277  -0.0016701273
       -0.0076872923  -0.0549528009  -0.0486356227  -0.0000032742  -0.0002218904
       -0.0000929807   0.0000129798  -0.0001284217  -0.0001663957   0.0107016570
        0.0632215773   0.0589404785   0.0033564983   0.0028614138   0.0220080293
       -0.0005959784   0.0004963266   0.0006581828   0.0000856676  -0.0000936699
        0.0000050797  -0.0000230183  -0.0000835755   0.0000422018  -0.0048629010
       -0.0073570391  -0.0287505656  -0.0000218919   0.0012735562  -0.0011336568
       -0.0009624467  -0.0050154764  -0.0028747506
       -0.0450444050  -0.0518461519  -0.2950557522  -0.0002624897   0.0001613339
        0.0000956865   0.0001759061   0.0000751055  -0.0002132676   0.0504274588
        0.0589404785   0.3258031471  -0.0035891444  -0.0022293567  -0.0201876745
        0.0015234467   0.0001333164   0.0005178586   0.0000979311   0.0000475079
        0.0001278137  -0.0000824161   0.0001085424  -0.0000038447  -0.0022222255
       -0.0032568445  -0.0133545628   0.0010882313   0.0006729990   0.0014384866
       -0.0021122931  -0.0028069303   0.0008321094
       -0.0265483954   0.0347789304  -0.0249182844   0.0001419331  -0.0000669746
        0.0000153584  -0.0003422833   0.0001569005   0.0000803873   0.0001960092
        0.0033564983  -0.0035891444   0.0295652684  -0.0312925540   0.0302864574
       -0.0080737361  -0.0003190271  -0.0009551424  -0.0000013772  -0.0001015940
       -0.0000714470   0.0000332537  -0.0000755389  -0.0000488473  -0.0009929790
       -0.0059682680  -0.0000991985   0.0102178490  -0.0004466185  -0.0019726360
       -0.0041955426  -0.0000217542   0.0012724969
        0.0293951284  -0.2066306749   0.1268689559  -0.0001743736  -0.0000800546
        0.0000177704   0.0001681089  -0.0001447268   0.0001398719  -0.0007647151
        0.0028614138  -0.0022293567  -0.0312925540   0.2340186039  -0.1412088188
       -0.0006830816   0.0008811433  -0.0006165364  -0.0000805878   0.0000154803
       -0.0000100849   0.0000864854   0.0000452945  -0.0001207312   0.0039480287
       -0.0265303498   0.0184079480  -0.0008732690  -0.0056695116  -0.0019973869
        0.0002708297   0.0012333819   0.0007483688
       -0.0276668545   0.1280968175  -0.1460184688   0.0001752175  -0.0002783879
       -0.0001360431  -0.0000542273  -0.0001562782  -0.0001359302  -0.0048292420
        0.0220080293  -0.0201876745   0.0302864574  -0.1412088188   0.1577149471
        0.0011969999   0.0001559831   0.0009538391   0.0000380874  -0.0000830825
       -0.0001006560  -0.0000142122  -0.0001182631   0.0000496495   0.0013971948
       -0.0051629463   0.0049715773  -0.0017801938  -0.0021796058   0.0014884888
        0.0012507728  -0.0010734472   0.0014002708
        0.0072116493   0.0072711330   0.0001948314  -0.0353829153   0.0293913551
        0.0113443220   0.0057707705  -0.0071227302  -0.0029728212  -0.0070873088
       -0.0005959784   0.0015234467  -0.0080737361  -0.0006830816   0.0011969999
        0.0524459665  -0.0451425427  -0.0208227892  -0.0046364104   0.0175591004
        0.0053727443  -0.0033106125   0.0122803424   0.0072525555  -0.0081337623
       -0.0117260004  -0.0026016698   0.0008086622  -0.0008723345   0.0001864726
        0.0003876969  -0.0003592631  -0.0006740923
        0.0080202630   0.0017824976   0.0013794801   0.0291270003  -0.1187516001
       -0.0357468324  -0.0060086787  -0.0294285015  -0.0097615783  -0.0019696035
        0.0004963266   0.0001333164  -0.0003190271   0.0008811433   0.0001559831
       -0.0451425427   0.1864217541   0.0637050489   0.0111313299  -0.0235517471
       -0.0031270421   0.0068665268  -0.0092305571  -0.0133576999  -0.0007677862
       -0.0078170895  -0.0029574789  -0.0006859881  -0.0003626182   0.0001389135
       -0.0002514938  -0.0004396080  -0.0005621102
        0.0003672186   0.0014603411  -0.0058011816   0.0111683703  -0.0358660355
       -0.0414582238  -0.0025007985  -0.0097110696  -0.0011035935   0.0033341335
        0.0006581828   0.0005178586  -0.0009551424  -0.0006165364   0.0009538391
       -0.0208227892   0.0637050489   0.0457045914   0.0017627671   0.0036815426
        0.0078142874   0.0068141464  -0.0220373853  -0.0078863171   0.0011970369
       -0.0009159038   0.0004045107   0.0004813822  -0.0005888357   0.0001425321
       -0.0008463250   0.0002306509   0.0007116967
        0.0000785236   0.0011659351   0.0001101280  -0.1341570349   0.0524776335
       -0.0938821701  -0.0230000686   0.0085115216  -0.0210755086   0.0000601915
        0.0000856676   0.0000979311  -0.0000013772  -0.0000805878   0.0000380874
       -0.0046364104   0.0111313299   0.0017627671   0.1539493696  -0.0672884376
        0.1057634107   0.0076720958  -0.0054797119   0.0073128411   0.0000048377
       -0.0004106430  -0.0003312346  -0.0000338309  -0.0000840397   0.0000103571
        0.0000637038  -0.0000286675   0.0001933907
       -0.0007700472  -0.0013204513  -0.0002264563   0.0589202457  -0.0700568876
        0.0661090470  -0.0111008762   0.0077557600  -0.0102994006  -0.0000639687
       -0.0000936699   0.0000475079  -0.0001015940   0.0000154803  -0.0000830825
        0.0175591004  -0.0235517471   0.0036815426  -0.0672884376   0.0874377368
       -0.0671507891   0.0029644780  -0.0013319791   0.0074385885  -0.0001020027
        0.0007957299   0.0004395932  -0.0000654115   0.0002751257  -0.0001185355
        0.0000485138   0.0000749023   0.0001619849
        0.0004068744  -0.0000026103  -0.0001008150  -0.0879530886   0.0558116940
       -0.1308545592  -0.0035078031   0.0010915984  -0.0030501580   0.0000373134
        0.0000050797   0.0001278137  -0.0000714470  -0.0000100849  -0.0001006560
        0.0053727443  -0.0031270421   0.0078142874   0.1057634107  -0.0671507891
        0.1526511747  -0.0198259807   0.0133687721  -0.0265274954  -0.0002962368
       -0.0000091575  -0.0001063897   0.0000053797  -0.0000093995   0.0000539545
        0.0000688338   0.0000319392   0.0000928431
       -0.0000407556   0.0009127767   0.0005829781  -0.0806573096  -0.0157060511
        0.0817089033  -0.0151652437  -0.0074595974   0.0263139849  -0.0000156842
       -0.0000230183  -0.0000824161   0.0000332537   0.0000864854  -0.0000142122
       -0.0033106125   0.0068665268   0.0068141464   0.0076720958   0.0029644780
       -0.0198259807   0.0913779659   0.0127236135  -0.0952799053   0.0001616922
       -0.0004098897  -0.0000468541  -0.0000206886   0.0000955317  -0.0001566684
       -0.0000347136  -0.0000508556  -0.0000139757
       -0.0004332551  -0.0010375714  -0.0003339620  -0.0100505759  -0.0363200842
        0.0209144469  -0.0086687878  -0.0023510301   0.0169388966  -0.0000670642
       -0.0000835755   0.0001085424  -0.0000755389   0.0000452945  -0.0001182631
        0.0122803424  -0.0092305571  -0.0220373853  -0.0054797119  -0.0013319791
        0.0133687721   0.0127236135   0.0493421629  -0.0291953766  -0.0002375183
        0.0006418615   0.0002985478   0.0000127295   0.0002076277  -0.0001196221
       -0.0000042334   0.0001178508   0.0001754031
       -0.0008977323  -0.0010775927  -0.0003846131   0.0799755369   0.0330022596
       -0.2182492410   0.0016225611   0.0024218590  -0.0007587986  -0.0000049870
        0.0000422018  -0.0000038447  -0.0000488473  -0.0001207312   0.0000496495
        0.0072525555  -0.0133576999  -0.0078863171   0.0073128411   0.0074385885
       -0.0265274954  -0.0952799053  -0.0291953766   0.2534660609   0.0000772540
        0.0007727298   0.0000258459  -0.0000303065  -0.0000039779   0.0000512692
        0.0000210298   0.0000777397   0.0002174843
       -0.0280872538  -0.0445085537  -0.0262732158  -0.0047691159  -0.0079115813
       -0.0018616656   0.0065273842   0.0011516683  -0.0007650753  -0.0018390743
       -0.0048629010  -0.0022222255  -0.0009929790   0.0039480287   0.0013971948
       -0.0081337623  -0.0007677862   0.0011970369   0.0000048377  -0.0001020027
       -0.0002962368   0.0001616922  -0.0002375183   0.0000772540   0.0947400542
        0.0391653022   0.0984647092  -0.0272775964   0.0226904154  -0.0234073929
       -0.0303341866  -0.0085650715  -0.0463103829
       -0.0310243543  -0.4603893653  -0.1341200843   0.0033731663  -0.0001889551
       -0.0007080997  -0.0048442050   0.0012615722   0.0014951299  -0.0051408386
       -0.0073570391  -0.0032568445  -0.0059682680  -0.0265303498  -0.0051629463
       -0.0117260004  -0.0078170895  -0.0009159038  -0.0004106430   0.0007957299
       -0.0000091575  -0.0004098897   0.0006418615   0.0007727298   0.0391653022
        0.7480803060   0.0681812620   0.0252936022  -0.1936953645   0.1193228790
       -0.0083078716  -0.0548013063  -0.0455989646
       -0.0213189000  -0.1315863628  -0.1251603684   0.0020995183   0.0011795573
        0.0003883276  -0.0030424409   0.0005536298  -0.0000685631  -0.0044689332
       -0.0287505656  -0.0133545628  -0.0000991985   0.0184079480   0.0049715773
       -0.0026016698  -0.0029574789   0.0004045107  -0.0003312346   0.0004395932
       -0.0001063897  -0.0000468541   0.0002985478   0.0000258459   0.0984647092
        0.0681812620   0.5496321554  -0.0253558927   0.1179802498  -0.1403992723
       -0.0432991037  -0.0437463806  -0.2763332607
       -0.0021581763  -0.0017168708   0.0014101358   0.0003587822   0.0005960999
        0.0000782385  -0.0017376630  -0.0008073339   0.0008991697  -0.0042728850
       -0.0000218919   0.0010882313   0.0102178490  -0.0008732690  -0.0017801938
        0.0008086622  -0.0006859881   0.0004813822  -0.0000338309  -0.0000654115
        0.0000053797  -0.0000206886   0.0000127295  -0.0000303065  -0.0272775964
        0.0252936022  -0.0253558927   0.0247113435  -0.0257321193   0.0268205637
       -0.0005957967   0.0040004527  -0.0036167080
        0.0045837721  -0.0287429261   0.0193771904  -0.0001717896  -0.0001388321
       -0.0000049320  -0.0002442405   0.0003235477   0.0005373510   0.0003774217
        0.0012735562   0.0006729990  -0.0004466185  -0.0056695116  -0.0021796058
       -0.0008723345  -0.0003626182  -0.0005888357  -0.0000840397   0.0002751257
       -0.0000093995   0.0000955317   0.0002076277  -0.0000039779   0.0226904154
       -0.1936953645   0.1179802498  -0.0257321193   0.2240776260  -0.1338188310
       -0.0001959988   0.0024517693  -0.0019622082
        0.0014585173  -0.0052593258   0.0051979780  -0.0000526900   0.0000147709
        0.0000508327   0.0007683223   0.0003336978  -0.0005332205   0.0010840599
       -0.0011336568   0.0014384866  -0.0019726360  -0.0019973869   0.0014884888
        0.0001864726   0.0001389135   0.0001425321   0.0000103571  -0.0001185355
        0.0000539545  -0.0001566684  -0.0001196221   0.0000512692  -0.0234073929
        0.1193228790  -0.1403992723   0.0268205637  -0.1338188310   0.1544597967
       -0.0047389057   0.0226370968  -0.0219508458
       -0.0028889809  -0.0016989580  -0.0029101917   0.0003076897   0.0004346935
        0.0001753996  -0.0020367202  -0.0001287792  -0.0007223246   0.0102859325
       -0.0009624467  -0.0021122931  -0.0041955426   0.0002708297   0.0012507728
        0.0003876969  -0.0002514938  -0.0008463250   0.0000637038   0.0000485138
        0.0000688338  -0.0000347136  -0.0000042334   0.0000210298  -0.0303341866
       -0.0083078716  -0.0432991037  -0.0005957967  -0.0001959988  -0.0047389057
        0.0290409178   0.0107957445   0.0531131078
       -0.0049941960  -0.0076470700  -0.0304365103  -0.0001271852  -0.0000238930
       -0.0000311569   0.0000771236   0.0003900801   0.0000816682  -0.0007263277
       -0.0050154764  -0.0028069303  -0.0000217542   0.0012333819  -0.0010734472
       -0.0003592631  -0.0004396080   0.0002306509  -0.0000286675   0.0000749023
        0.0000319392  -0.0000508556   0.0001178508   0.0000777397  -0.0085650715
       -0.0548013063  -0.0437463806   0.0040004527   0.0024517693   0.0226370968
        0.0107957445   0.0636593692   0.0550353306
       -0.0018543797  -0.0052397690  -0.0152163219  -0.0001732906  -0.0002813054
       -0.0000933475  -0.0002660389   0.0003980208  -0.0001391032  -0.0016701273
       -0.0028747506   0.0008321094   0.0012724969   0.0007483688   0.0014002708
       -0.0006740923  -0.0005621102   0.0007116967   0.0001933907   0.0001619849
        0.0000928431  -0.0000139757   0.0001754031   0.0002174843  -0.0463103829
       -0.0455989646  -0.2763332607  -0.0036167080  -0.0019622082  -0.0219508458
        0.0531131078   0.0550353306   0.3104784747
