$hessian                                                                        
        0.0712960863   0.0627796082  -0.0556293679  -0.0854078464  -0.0361132276
        0.0320090096  -0.0069898283  -0.0324456416   0.0210600107   0.0187895855
        0.0142335963  -0.0157406098   0.0023120029  -0.0084543353   0.0183009574
        0.0627796082   0.2844191919  -0.2039380834  -0.0361311632  -0.2080536720
        0.1173795423  -0.0335379856  -0.0436747318   0.0194052538   0.0159424389
       -0.0459955436   0.0343632966  -0.0090528983   0.0133047554   0.0327899907
       -0.0556293679  -0.2039380834   0.2348534547   0.0320276791   0.1173723976
       -0.1795850214   0.0224407621   0.0208784461   0.0114533935  -0.0170701212
        0.0350906014  -0.0119890357   0.0182310479   0.0305966384  -0.0547327911
       -0.0854078464  -0.0361311632   0.0320276791   0.2967610471   0.0205939248
       -0.0183059757  -0.0747596428  -0.0150042825  -0.0209017050  -0.0899114235
        0.0239875242   0.0009402741  -0.0466821344   0.0065539967   0.0062397275
       -0.0361132276  -0.2080536720   0.1173723976   0.0205939248   0.3668405093
       -0.0669205576  -0.0101542044  -0.0468341862  -0.0113276723   0.0164195945
       -0.0484457374  -0.0045355307   0.0092539127  -0.0635069137  -0.0345886370
        0.0320090096   0.1173795423  -0.1795850214  -0.0183059757  -0.0669205576
        0.3505067981  -0.0269588429  -0.0178062905  -0.0587748616   0.0067625177
       -0.0077826613  -0.0419692776   0.0064932913  -0.0248700328  -0.0701776375
       -0.0069898283  -0.0335379856   0.0224407621  -0.0747596428  -0.0101542044
       -0.0269588429   0.1181817428   0.0503924030   0.0282569029  -0.0390206933
       -0.0077315707  -0.0183342877   0.0025884216   0.0010313577  -0.0054045344
       -0.0324456416  -0.0436747318   0.0208784461  -0.0150042825  -0.0468341862
       -0.0178062905   0.0503924030   0.0913812080   0.0150795319   0.0102693723
        0.0109111430   0.0027862549  -0.0132118512  -0.0117834331  -0.0209379423
        0.0210600107   0.0194052538   0.0114533935  -0.0209017050  -0.0113276723
       -0.0587748616   0.0282569029   0.0150795319   0.0684934537  -0.0046989692
       -0.0026007974  -0.0011924623  -0.0237162393  -0.0205563159  -0.0199795234
        0.0187895855   0.0159424389  -0.0170701212  -0.0899114235   0.0164195945
        0.0067625177  -0.0390206933   0.0102693723  -0.0046989692   0.1251451185
       -0.0524812744   0.0078562284  -0.0150025871   0.0098498687   0.0071503443
        0.0142335963  -0.0459955436   0.0350906014   0.0239875242  -0.0484457374
       -0.0077826613  -0.0077315707   0.0109111430  -0.0026007974  -0.0524812744
        0.0963342437  -0.0132509598   0.0219917247  -0.0128041058  -0.0114561828
       -0.0157406098   0.0343632966  -0.0119890357   0.0009402741  -0.0045355307
       -0.0419692776  -0.0183342877   0.0027862549  -0.0011924623   0.0078562284
       -0.0132509598   0.0564563900   0.0252783949  -0.0193630611  -0.0013056144
        0.0023120029  -0.0090528983   0.0182310479  -0.0466821344   0.0092539127
        0.0064932913   0.0025884216  -0.0132118512  -0.0237162393  -0.0150025871
        0.0219917247   0.0252783949   0.0567842969  -0.0089808879  -0.0262864947
       -0.0084543353   0.0133047554   0.0305966384   0.0065539967  -0.0635069137
       -0.0248700328   0.0010313577  -0.0117834331  -0.0205563159   0.0098498687
       -0.0128041058  -0.0193630611  -0.0089808879   0.0747896972   0.0341927714
        0.0183009574   0.0327899907  -0.0547327911   0.0062397275  -0.0345886370
       -0.0701776375  -0.0054045344  -0.0209379423  -0.0199795234   0.0071503443
       -0.0114561828  -0.0013056144  -0.0262864947   0.0341927714   0.1461955663
