$hessian                                                                        
        0.5831880530  -0.3266142622  -0.0000003951  -0.0977131460   0.1137669634
        0.0000008822  -0.4389399898   0.2128398865  -0.0000005762  -0.0465349172
        0.0000074123   0.0000000891
       -0.3266142622   0.8528300085   0.0000042121   0.0719971815  -0.5737613070
       -0.0000043831   0.2546080641  -0.2325242773   0.0000001397   0.0000090166
       -0.0465444242   0.0000000313
       -0.0000003951   0.0000042121   0.1824925915   0.0000004705  -0.0000041271
       -0.0641023802  -0.0000001378  -0.0000001532  -0.0641023334   0.0000000624
        0.0000000682  -0.0542878780
       -0.0977131460   0.0719971815   0.0000004705   0.1009362233  -0.1066509732
       -0.0000004707  -0.0099553079   0.0673529743   0.0000004035   0.0067322307
       -0.0326991826  -0.0000004033
        0.1137669634  -0.5737613070  -0.0000041271  -0.1066509732   0.6922550120
        0.0000056343   0.0273070167  -0.0490243793  -0.0000004554  -0.0344230069
       -0.0694693257  -0.0000010519
        0.0000008822  -0.0000043831  -0.0641023802  -0.0000004707   0.0000056343
        0.0225166135   0.0000000033  -0.0000001873   0.0225165970  -0.0000004148
       -0.0000010639   0.0190691697
       -0.4389399898   0.2546080641  -0.0000001378  -0.0099553079   0.0273070167
        0.0000000033   0.5309447231  -0.2841405475   0.0000008441  -0.0820494254
        0.0022254667  -0.0000007096
        0.2128398865  -0.2325242773  -0.0000001532   0.0673529743  -0.0490243793
       -0.0000001873  -0.2841405475   0.2622386173   0.0000002962   0.0039476867
        0.0193100393   0.0000000443
       -0.0000005762   0.0000001397  -0.0641023334   0.0000004035  -0.0000004554
        0.0225165970   0.0000008441   0.0000002962   0.0225165806  -0.0000006714
        0.0000000194   0.0190691558
       -0.0465349172   0.0000090166   0.0000000624   0.0067322307  -0.0344230069
       -0.0000004148  -0.0820494254   0.0039476867  -0.0000006714   0.1218521120
        0.0304663037   0.0000010238
        0.0000074123  -0.0465444242   0.0000000682  -0.0326991826  -0.0694693257
       -0.0000010639   0.0022254667   0.0193100393   0.0000000194   0.0304663037
        0.0967037105   0.0000009763
        0.0000000891   0.0000000313  -0.0542878780  -0.0000004033  -0.0000010519
        0.0190691697  -0.0000007096   0.0000000443   0.0190691558   0.0000010238
        0.0000009763   0.0161495526
