$hessian                                                                        
        0.3356412255   0.1533717718  -0.2277759316  -0.0645469910  -0.0578540660
       -0.0062106307  -0.1266717774  -0.1061853976   0.0696794005   0.0016967952
        0.0003555010   0.0006193079   0.0016021833  -0.0166814055  -0.0109837898
        0.0005752129   0.0142262460   0.0088491599  -0.0035880449   0.0123121372
        0.0058617344   0.0024625024  -0.0048170752   0.0042805562  -0.0267583866
       -0.0210696118   0.0246942910  -0.0006654808  -0.0020540196  -0.0000269253
       -0.1222956426   0.0355533465   0.1295041574   0.0005148834  -0.0008064100
       -0.0014549787  -0.0005541681  -0.0013718545  -0.0011865011   0.0002558776
       -0.0004503463  -0.0002997170   0.0023318111  -0.0045288161   0.0044498671
        0.1533717718   0.5861694693   0.1087536106  -0.0169074754  -0.2782275378
       -0.1298840362  -0.1063402320  -0.1510790348   0.0630888106   0.0112215369
       -0.0108660872  -0.0235613749  -0.0456091986  -0.0530966761   0.0267689462
       -0.0000532029  -0.0066733328  -0.0044868980   0.0128315875  -0.0220560941
       -0.0284226702  -0.0043439105  -0.0009229237   0.0001899239   0.0069611282
        0.0333145596   0.0112109184  -0.0020266624   0.0010980081   0.0033104793
       -0.0066459481  -0.0917988864  -0.0219302221   0.0015316978   0.0006565605
       -0.0015410194   0.0002888661  -0.0023287840  -0.0022474133   0.0006158719
       -0.0030817036  -0.0021483259  -0.0048958303  -0.0011075371   0.0008992709
       -0.2277759316   0.1087536106   0.4750849058   0.0202596675  -0.0741996841
       -0.1170650546   0.0695585086   0.0628536621  -0.0789433642   0.0076503037
       -0.0088202537  -0.0140928099  -0.0296824109  -0.0125676455   0.0336585189
       -0.0003764571  -0.0238785726  -0.0145922225   0.0062164773  -0.0277015657
       -0.0314183028   0.0045740448   0.0008578968   0.0022031942   0.0428134828
        0.0492699556  -0.0249074654  -0.0000254931   0.0033289163   0.0024448375
        0.1022340703  -0.0792597133  -0.2341312434   0.0000540381   0.0016376632
        0.0008130113   0.0002980658  -0.0009064519  -0.0006374151  -0.0000252578
        0.0002216357  -0.0006982039   0.0042268917   0.0004105466   0.0022816142
       -0.0645469910  -0.0169074754   0.0202596675   0.3497692340   0.1585138851
       -0.2241621714  -0.0048659755  -0.0182457956  -0.0080053653   0.0024454437
       -0.0010986455   0.0050007616  -0.1633498798  -0.1487370416   0.0757710176
       -0.0979389473   0.0232742661   0.1035329261  -0.0271621876   0.0065273123
        0.0352200019  -0.0035661272  -0.0019967160   0.0009829898  -0.0098833889
       -0.0166136968  -0.0000726869   0.0045407630   0.0000626704   0.0019390628
        0.0143857239   0.0155053034  -0.0103106900  -0.0000438676  -0.0001109439
       -0.0000043016   0.0000224932   0.0009725633   0.0008605591   0.0001202060
       -0.0007555196  -0.0004523749   0.0000735010  -0.0003901662  -0.0005593961
       -0.0578540660  -0.2782275378  -0.0741996841   0.1585138851   0.5995554203
        0.1011141017  -0.0035520873  -0.0217314926  -0.0078838958  -0.0016332237
        0.0008078225  -0.0015535410  -0.1092537788  -0.2106338919   0.0363034472
        0.0236605462  -0.0555738283  -0.0467954673  -0.0194283983   0.0357229963
        0.0523169180  -0.0173196832  -0.0228017517   0.0099964300  -0.0221815093
       -0.0426253217   0.0038480769   0.0035497212   0.0008247625  -0.0081430095
        0.0461878476  -0.0040166216  -0.0649754612   0.0001857275   0.0003350922
       -0.0000497204   0.0000992262  -0.0010757241  -0.0003161650  -0.0004978359
       -0.0000185747  -0.0000840199  -0.0004763714  -0.0005413496   0.0004219904
       -0.0062106307  -0.1298840362  -0.1170650546  -0.2241621714   0.1011141017
        0.4796939470   0.0014970282   0.0121076080   0.0037088613   0.0046446212
       -0.0022788194  -0.0011572703   0.1012968856   0.0899817581  -0.1164443053
        0.1037503878  -0.0463108884  -0.2039988427   0.0183978482   0.0169697709
       -0.0183975737  -0.0088948349  -0.0108123234   0.0032347688  -0.0036339636
       -0.0036339415   0.0005413943   0.0042351114  -0.0033504846  -0.0019728732
        0.0094700230  -0.0233198405  -0.0285256692   0.0001983825   0.0003632677
       -0.0000182732   0.0001142669  -0.0000525028   0.0003508113  -0.0000925229
       -0.0011774146  -0.0008326382  -0.0006104314   0.0002837450   0.0008827176
       -0.1266717774  -0.1063402320   0.0695585086  -0.0048659755  -0.0035520873
        0.0014970282   0.1401101866   0.1231839701  -0.0828920613  -0.0005471244
        0.0000320207  -0.0019738004   0.0038417199  -0.0020463658   0.0017914258
       -0.0008828755   0.0011674675  -0.0014269432   0.0014631780   0.0013581430
       -0.0005260544   0.0002367525  -0.0009282894   0.0004314991   0.0021346637
       -0.0004758936   0.0048581003  -0.0015604628  -0.0005422522  -0.0001058992
       -0.0129571593  -0.0116837139   0.0074018484   0.0002489354   0.0007829954
        0.0002390174   0.0000202655  -0.0002173023  -0.0003052537  -0.0000633487
        0.0001351073   0.0001266164  -0.0005069783  -0.0008735675   0.0013259678
       -0.1061853976  -0.1510790348   0.0628536621  -0.0182457956  -0.0217314926
        0.0121076080   0.1231839701   0.1743607942  -0.0680764905   0.0021758606
        0.0010584652  -0.0009799367  -0.0016001457  -0.0031720858  -0.0038385915
        0.0006920341   0.0002957114   0.0008292015   0.0012365093   0.0012444695
       -0.0011361396  -0.0013668230  -0.0018096441   0.0000651348  -0.0008385423
        0.0010218102  -0.0020367212  -0.0004683487  -0.0010659420   0.0008212613
        0.0017546964   0.0008919927  -0.0005433281   0.0000918175  -0.0000309346
       -0.0001876080  -0.0000679434   0.0000070446   0.0001662429  -0.0000301073
       -0.0001578126  -0.0000416546  -0.0003317844   0.0001666588  -0.0000026405
        0.0696794005   0.0630888106  -0.0789433642  -0.0080053653  -0.0078838958
        0.0037088613  -0.0828920613  -0.0680764905   0.0892652842  -0.0005906672
        0.0019580697   0.0000614919   0.0020876842  -0.0032356071   0.0012105427
       -0.0017301438   0.0001802667   0.0000079993  -0.0006224888  -0.0013140701
        0.0003984384   0.0001417990  -0.0005450767   0.0004449016   0.0046308615
       -0.0025085281  -0.0019816352  -0.0000456278   0.0009346471  -0.0006912163
        0.0160696303   0.0177183169  -0.0123504576  -0.0002055580  -0.0011350916
       -0.0003731817  -0.0000166459  -0.0001044231  -0.0000368525  -0.0001746259
        0.0001989040   0.0002138728   0.0016738082   0.0007241679  -0.0009346846
        0.0016967952   0.0112215369   0.0076503037   0.0024454437  -0.0016332237
        0.0046446212  -0.0005471244   0.0021758606  -0.0005906672   0.5027512049
        0.0073617501  -0.0184040989   0.0001404023  -0.0000720373  -0.0001186054
       -0.0000412653   0.0007715847   0.0005232394   0.0024849677  -0.0029696885
        0.0049097182  -0.0007597967   0.0004796291  -0.0007151065  -0.0031355977
       -0.0183183183  -0.0064167836  -0.0007484386  -0.0012316470  -0.0005937653
       -0.0638122159  -0.0163524906  -0.0042345375  -0.1435315315  -0.0855836873
        0.0797216539  -0.0679252718   0.0079309923  -0.0726885322  -0.2282310368
        0.0959801386   0.0086821035  -0.0007865348   0.0002396003  -0.0023695433
        0.0003555010  -0.0108660872  -0.0088202537  -0.0010986455   0.0008078225
       -0.0022788194   0.0000320207   0.0010584652   0.0019580697   0.0073617501
        0.4657206875  -0.0228875446   0.0004870256  -0.0001573562  -0.0008123971
        0.0000070599  -0.0004353343  -0.0002653332  -0.0038553107   0.0023342169
        0.0018864538   0.0004628229  -0.0001229256   0.0002584491  -0.0084383990
       -0.0291400371  -0.0079445005  -0.0006292910  -0.0021385774  -0.0001268575
       -0.0127425741  -0.1801618821  -0.0608555698  -0.0855425437  -0.1159537684
        0.0693533246   0.0090749942  -0.0429735575   0.0321787946   0.0927512911
       -0.0884219104  -0.0012474622   0.0017742984   0.0004502440  -0.0003963538
        0.0006193079  -0.0235613749  -0.0140928099   0.0050007616  -0.0015535410
       -0.0011572703  -0.0019738004  -0.0009799367   0.0000614919  -0.0184040989
       -0.0228875446   0.4958971978   0.0002443763  -0.0000763697  -0.0002871630
        0.0000370790  -0.0013156131  -0.0008997644   0.0042901740   0.0006494328
        0.0020715000  -0.0007178364   0.0002625125  -0.0003697003  -0.0000357260
        0.0055185167   0.0044398225  -0.0001820309   0.0007121996   0.0000968448
       -0.0018947560  -0.0559890294  -0.0927350390   0.0797449984   0.0693993133
       -0.1071168519  -0.0721494226   0.0286204612  -0.2460418129   0.0068000443
       -0.0004799197  -0.0401974622  -0.0013790702   0.0016808930   0.0003310171
        0.0016021833  -0.0456091986  -0.0296824109  -0.1633498798  -0.1092537788
        0.1012968856   0.0038417199  -0.0016001457   0.0020876842   0.0001404023
        0.0004870256   0.0002443763   0.3466218879   0.1847216291  -0.2225342464
       -0.0119104010  -0.0112853969   0.0105884914  -0.1066683183  -0.0051530885
        0.0691223507  -0.0392051427  -0.0274100793  -0.0034581882   0.0141968770
        0.0365326360   0.0031746025  -0.0265708122  -0.0132655857   0.0426704422
       -0.0237238028  -0.0059760285   0.0246833566   0.0000020618   0.0000588782
        0.0000211145   0.0000519676   0.0002785538  -0.0000773282   0.0003286448
        0.0001156234  -0.0000475985   0.0046426122  -0.0026410442   0.0019104683
       -0.0166814055  -0.0530966761  -0.0125676455  -0.1487370416  -0.2106338919
        0.0899817581  -0.0020463658  -0.0031720858  -0.0032356071  -0.0000720373
       -0.0001573562  -0.0000763697   0.1847216291   0.5898152396   0.0683476554
        0.0031207743   0.0037428096  -0.0026586880   0.0302900433  -0.0931300995
       -0.0668198789  -0.0272594077  -0.2306677407  -0.0932930062   0.0167315284
       -0.0002304790  -0.0223389343  -0.0270528785   0.0028309754   0.0314076142
       -0.0111745409  -0.0021781990   0.0155280130   0.0001370318   0.0002820260
        0.0000150477   0.0001350381   0.0002019668   0.0001504679  -0.0000833417
        0.0003322861   0.0000634117  -0.0020290260  -0.0039387753  -0.0045038384
       -0.0109837898   0.0267689462   0.0336585189   0.0757710176   0.0363034472
       -0.1164443053   0.0017914258  -0.0038385915   0.0012105427  -0.0001186054
       -0.0008123971  -0.0002871630  -0.2225342464   0.0683476554   0.4412968036
        0.0199129716   0.0169299291  -0.0148432768   0.0919492380  -0.0186703426
       -0.1901027830  -0.0033349252  -0.0930702680  -0.0841672676  -0.0096466769
       -0.0492743493  -0.0196006122   0.0338008882   0.0126928605  -0.0266487622
        0.0213393201   0.0084747529  -0.0262356591   0.0000697146   0.0001052903
       -0.0000300003   0.0000334933  -0.0002064430   0.0003747368  -0.0003712213
       -0.0000617960   0.0000282998   0.0023213958  -0.0036886942   0.0017909277
        0.0005752129  -0.0000532029  -0.0003764571  -0.0979389473   0.0236605462
        0.1037503878  -0.0008828755   0.0006920341  -0.0017301438  -0.0000412653
        0.0000070599   0.0000370790  -0.0119104010   0.0031207743   0.0199129716
        0.1054387539  -0.0214486409  -0.1253253392   0.0051672232  -0.0045492091
        0.0023722100  -0.0015360115   0.0011789116  -0.0018046137   0.0003025247
       -0.0004118511  -0.0004442126  -0.0027994428  -0.0010575079   0.0019452089
        0.0047401514  -0.0018544053   0.0020234182   0.0000345432   0.0000737999
       -0.0000283525   0.0000489267   0.0000578226   0.0000918730  -0.0000710751
        0.0000311994   0.0000320903  -0.0011273177   0.0005526691  -0.0004561196
        0.0142262460  -0.0066733328  -0.0238785726   0.0232742661  -0.0555738283
       -0.0463108884   0.0011674675   0.0002957114   0.0001802667   0.0007715847
       -0.0004353343  -0.0013156131  -0.0112853969   0.0037428096   0.0169299291
       -0.0214486409   0.0640574138   0.0554521010  -0.0042447989  -0.0011379352
       -0.0008365866   0.0007621240   0.0005068966   0.0014955845  -0.0004366777
       -0.0000704876   0.0004449608  -0.0005466931  -0.0001101139   0.0012389022
       -0.0027571806  -0.0039587047  -0.0034080185   0.0000253386   0.0000943207
        0.0000426233  -0.0000472942  -0.0002388546  -0.0001679968   0.0000272139
       -0.0002322633  -0.0001203085   0.0005124416  -0.0002662974   0.0002536169
        0.0088491599  -0.0044868980  -0.0145922225   0.1035329261  -0.0467954673
       -0.2039988427  -0.0014269432   0.0008292015   0.0000079993   0.0005232394
       -0.0002653332  -0.0008997644   0.0105884914  -0.0026586880  -0.0148432768
       -0.1253253392   0.0554521010   0.2297647076   0.0025635679  -0.0003909841
        0.0052975033  -0.0020680478   0.0009039714  -0.0000119056  -0.0004552055
        0.0004047061   0.0010662974   0.0022578716   0.0019119726  -0.0026833283
        0.0014499971  -0.0046358868   0.0021567277  -0.0000610077  -0.0000253192
        0.0000401331  -0.0000306410  -0.0001619588  -0.0002357803   0.0000926167
       -0.0002859542  -0.0001115931  -0.0004906856   0.0002045370  -0.0009566546
       -0.0035880449   0.0128315875   0.0062164773  -0.0271621876  -0.0194283983
        0.0183978482   0.0014631780   0.0012365093  -0.0006224888   0.0024849677
       -0.0038553107   0.0042901740  -0.1066683183   0.0302900433   0.0919492380
        0.0051672232  -0.0042447989   0.0025635679   0.3806529505   0.1698690894
       -0.2041886961   0.0031345418  -0.0035571486  -0.0040352148  -0.0670299345
       -0.0375215253  -0.0035781489  -0.1877992751  -0.1462996371   0.0916795977
       -0.0017867502  -0.0150556430  -0.0148707031   0.0003731578  -0.0004495659
       -0.0002733748   0.0002977644   0.0008824544   0.0011136221  -0.0003736281
       -0.0001170103  -0.0002418049   0.0008343551   0.0154193542   0.0115999061
        0.0123121372  -0.0220560941  -0.0277015657   0.0065273123   0.0357229963
        0.0169697709   0.0013581430   0.0012444695  -0.0013140701  -0.0029696885
        0.0023342169   0.0006494328  -0.0051530885  -0.0931300995  -0.0186703426
       -0.0045492091  -0.0011379352  -0.0003909841   0.1698690894   0.5694119349
        0.0398721081   0.0135427228  -0.0117941415  -0.0270746057  -0.0026933609
       -0.2118120265  -0.1000963034  -0.1462475771  -0.2212284524   0.0893506714
       -0.0413299461  -0.0448154560   0.0309025126   0.0003949603   0.0002807313
       -0.0005730840   0.0006261124   0.0003489859   0.0003050596  -0.0002818458
        0.0013516135   0.0002075737  -0.0014057614  -0.0047207431  -0.0024361735
        0.0058617344  -0.0284226702  -0.0314183028   0.0352200019   0.0523169180
       -0.0183975737  -0.0005260544  -0.0011361396   0.0003984384   0.0049097182
        0.0018864538   0.0020715000   0.0691223507  -0.0668198789  -0.1901027830
        0.0023722100  -0.0008365866   0.0052975033  -0.2041886961   0.0398721081
        0.4534851987   0.0069105922  -0.0039582402  -0.0101999074   0.0190151880
       -0.0525970385  -0.1116649488   0.0916452253   0.0893459830  -0.1184000741
       -0.0318538664  -0.0048140246   0.0345652279   0.0002479447   0.0005686528
        0.0003569027   0.0000589562   0.0005558287  -0.0001145611   0.0005084602
       -0.0006048223  -0.0005662607   0.0006962351  -0.0253565435  -0.0153103595
        0.0024625024  -0.0043439105   0.0045740448  -0.0035661272  -0.0173196832
       -0.0088948349   0.0002367525  -0.0013668230   0.0001417990  -0.0007597967
        0.0004628229  -0.0007178364  -0.0392051427  -0.0272594077  -0.0033349252
       -0.0015360115   0.0007621240  -0.0020680478   0.0031345418   0.0135427228
        0.0069105922   0.0383061038   0.0350629430   0.0000907855   0.0025248735
       -0.0010016415   0.0053421992  -0.0004991132   0.0004677555  -0.0026483081
       -0.0003309010  -0.0001572984   0.0005369067  -0.0000093086   0.0000323998
        0.0000083802  -0.0000184944  -0.0001458772  -0.0002017891  -0.0000611683
        0.0001473872   0.0001376114  -0.0006787103   0.0011164863   0.0001234225
       -0.0048170752  -0.0009229237   0.0008578968  -0.0019967160  -0.0228017517
       -0.0108123234  -0.0009282894  -0.0018096441  -0.0005450767   0.0004796291
       -0.0001229256   0.0002625125  -0.0274100793  -0.2306677407  -0.0930702680
        0.0011789116   0.0005068966   0.0009039714  -0.0035571486  -0.0117941415
       -0.0039582402   0.0350629430   0.2638297039   0.1086558117  -0.0003646914
        0.0015721793  -0.0029583079   0.0020977319   0.0027622940   0.0006330309
       -0.0003041336   0.0009108810   0.0009102828  -0.0001232022  -0.0001071021
        0.0001144026  -0.0000739434   0.0000347903  -0.0000987017   0.0001887547
       -0.0002171053  -0.0000784776   0.0005673088  -0.0011734105  -0.0008165132
        0.0042805562   0.0001899239   0.0022031942   0.0009829898   0.0099964300
        0.0032347688   0.0004314991   0.0000651348   0.0004449016  -0.0007151065
        0.0002584491  -0.0003697003  -0.0034581882  -0.0932930062  -0.0841672676
       -0.0018046137   0.0014955845  -0.0000119056  -0.0040352148  -0.0270746057
       -0.0101999074   0.0000907855   0.1086558117   0.0916566675   0.0057329339
       -0.0021577793  -0.0022457410  -0.0016277039   0.0028122071   0.0013688669
        0.0004305377   0.0006924414   0.0000053842  -0.0000800156  -0.0000865802
        0.0000349707  -0.0000014504  -0.0001089083  -0.0002080619   0.0000061480
        0.0000890250   0.0000686424  -0.0002331572  -0.0015341277  -0.0018148123
       -0.0267583866   0.0069611282   0.0428134828  -0.0098833889  -0.0221815093
       -0.0036339636   0.0021346637  -0.0008385423   0.0046308615  -0.0031355977
       -0.0084383990  -0.0000357260   0.0141968770   0.0167315284  -0.0096466769
        0.0003025247  -0.0004366777  -0.0004552055  -0.0670299345  -0.0026933609
        0.0190151880   0.0025248735  -0.0003646914   0.0057329339   0.3499205911
        0.1735044878  -0.2328333160  -0.0078688026  -0.0437794175  -0.0025937422
       -0.1581493762  -0.1389915622   0.0694800755   0.0005531490  -0.0006352935
        0.0000635487   0.0006672289   0.0004769643   0.0012168299   0.0002371781
        0.0004846424   0.0004871228  -0.0977115995   0.0202007027   0.1057585871
       -0.0210696118   0.0333145596   0.0492699556  -0.0166136968  -0.0426253217
       -0.0036339415  -0.0004758936   0.0010218102  -0.0025085281  -0.0183183183
       -0.0291400371   0.0055185167   0.0365326360  -0.0002304790  -0.0492743493
       -0.0004118511  -0.0000704876   0.0004047061  -0.0375215253  -0.2118120265
       -0.0525970385  -0.0010016415   0.0015721793  -0.0021577793   0.1735044878
        0.5651818192   0.0675877343  -0.0305271581  -0.0570759011  -0.0024603808
       -0.1001241049  -0.1991624719   0.0337440666  -0.0015289430  -0.0057593270
       -0.0022485742  -0.0009346765  -0.0004622064   0.0011410128  -0.0015681530
       -0.0000687070   0.0008159444   0.0200584502  -0.0546834030  -0.0436013448
        0.0246942910   0.0112109184  -0.0249074654  -0.0000726869   0.0038480769
        0.0005413943   0.0048581003  -0.0020367212  -0.0019816352  -0.0064167836
       -0.0079445005   0.0044398225   0.0031746025  -0.0223389343  -0.0196006122
       -0.0004442126   0.0004449608   0.0010662974  -0.0035781489  -0.1000963034
       -0.1116649488   0.0053421992  -0.0029583079  -0.0022457410  -0.2328333160
        0.0675877343   0.4565786922   0.0060431360   0.0156273641   0.0129626701
        0.0946081442   0.0866231134  -0.1135687210  -0.0004987884  -0.0034591176
       -0.0006168741  -0.0004960692  -0.0012017645   0.0003382150  -0.0000430958
       -0.0015526562   0.0003479765   0.1056626281  -0.0437538625  -0.2016890703
       -0.0006654808  -0.0020266624  -0.0000254931   0.0045407630   0.0035497212
        0.0042351114  -0.0015604628  -0.0004683487  -0.0000456278  -0.0007484386
       -0.0006292910  -0.0001820309  -0.0265708122  -0.0270528785   0.0338008882
       -0.0027994428  -0.0005466931   0.0022578716  -0.1877992751  -0.1462475771
        0.0916452253  -0.0004991132   0.0020977319  -0.0016277039  -0.0078688026
       -0.0305271581   0.0060431360   0.2189623543   0.2027249991  -0.1329414338
        0.0057740318  -0.0002676637   0.0002871177  -0.0003905541  -0.0005261038
        0.0000002667  -0.0003063598  -0.0002129233  -0.0004030659   0.0002820093
       -0.0003903005   0.0000014007  -0.0003504164   0.0005231480  -0.0030456622
       -0.0020540196   0.0010980081   0.0033289163   0.0000626704   0.0008247625
       -0.0033504846  -0.0005422522  -0.0010659420   0.0009346471  -0.0012316470
       -0.0021385774   0.0007121996  -0.0132655857   0.0028309754   0.0126928605
       -0.0010575079  -0.0001101139   0.0019119726  -0.1462996371  -0.2212284524
        0.0893459830   0.0004677555   0.0027622940   0.0028122071  -0.0437794175
       -0.0570759011   0.0156273641   0.2027249991   0.2743257989  -0.1150010552
        0.0035981249  -0.0007255029  -0.0093619002  -0.0005383074  -0.0011717454
        0.0000330154  -0.0002630849  -0.0001422060  -0.0003326276   0.0002580897
       -0.0004135917  -0.0000331746   0.0019198195   0.0022301939   0.0006800764
       -0.0000269253   0.0033104793   0.0024448375   0.0019390628  -0.0081430095
       -0.0019728732  -0.0001058992   0.0008212613  -0.0006912163  -0.0005937653
       -0.0001268575   0.0000968448   0.0426704422   0.0314076142  -0.0266487622
        0.0019452089   0.0012389022  -0.0026833283   0.0916795977   0.0893506714
       -0.1184000741  -0.0026483081   0.0006330309   0.0013688669  -0.0025937422
       -0.0024603808   0.0129626701  -0.1329414338  -0.1150010552   0.1318770757
        0.0028199703  -0.0040753582  -0.0003053608   0.0000040379   0.0000284846
       -0.0000902501   0.0002160088   0.0001052886   0.0002700283  -0.0002085931
        0.0003621528   0.0000230897  -0.0021556615   0.0025487758   0.0017484520
       -0.1222956426  -0.0066459481   0.1022340703   0.0143857239   0.0461878476
        0.0094700230  -0.0129571593   0.0017546964   0.0160696303  -0.0638122159
       -0.0127425741  -0.0018947560  -0.0237238028  -0.0111745409   0.0213393201
        0.0047401514  -0.0027571806   0.0014499971  -0.0017867502  -0.0413299461
       -0.0318538664  -0.0003309010  -0.0003041336   0.0004305377  -0.1581493762
       -0.1001241049   0.0946081442   0.0057740318   0.0035981249   0.0028199703
        0.3713372716   0.1380896752  -0.2229551016  -0.0038106506  -0.0193408140
       -0.0068080936   0.0000844227  -0.0090216260  -0.0050311353   0.0025716044
        0.0235525277   0.0116736140  -0.0120267071  -0.0097420035   0.0084476458
        0.0355533465  -0.0917988864  -0.0792597133   0.0155053034  -0.0040166216
       -0.0233198405  -0.0116837139   0.0008919927   0.0177183169  -0.0163524906
       -0.1801618821  -0.0559890294  -0.0059760285  -0.0021781990   0.0084747529
       -0.0018544053  -0.0039587047  -0.0046358868  -0.0150556430  -0.0448154560
       -0.0048140246  -0.0001572984   0.0009108810   0.0006924414  -0.1389915622
       -0.1991624719   0.0866231134  -0.0002676637  -0.0007255029  -0.0040753582
        0.1380896752   0.5616767878   0.0837453278  -0.0059338243  -0.0201990030
       -0.0052180716  -0.0006866731  -0.0008904707  -0.0061860469   0.0032605658
       -0.0188459442  -0.0104119215   0.0045504120   0.0032734810  -0.0033440599
        0.1295041574  -0.0219302221  -0.2341312434  -0.0103106900  -0.0649754612
       -0.0285256692   0.0074018484  -0.0005433281  -0.0123504576  -0.0042345375
       -0.0608555698  -0.0927350390   0.0246833566   0.0155280130  -0.0262356591
        0.0020234182  -0.0034080185   0.0021567277  -0.0148707031   0.0309025126
        0.0345652279   0.0005369067   0.0009102828   0.0000053842   0.0694800755
        0.0337440666  -0.1135687210   0.0002871177  -0.0093619002  -0.0003053608
       -0.2229551016   0.0837453278   0.4988150105   0.0018255826   0.0129219487
        0.0062139962  -0.0035958474  -0.0274087556  -0.0173096529   0.0025114136
       -0.0053972246  -0.0017827348   0.0177130030   0.0161283286  -0.0148118085
        0.0005148834   0.0015316978   0.0000540381  -0.0000438676   0.0001857275
        0.0001983825   0.0002489354   0.0000918175  -0.0002055580  -0.1435315315
       -0.0855425437   0.0797449984   0.0000020618   0.0001370318   0.0000697146
        0.0000345432   0.0000253386  -0.0000610077   0.0003731578   0.0003949603
        0.0002479447  -0.0000093086  -0.0001232022  -0.0000800156   0.0005531490
       -0.0015289430  -0.0004987884  -0.0003905541  -0.0005383074   0.0000040379
       -0.0038106506  -0.0059338243   0.0018255826   0.1644833773   0.1015785127
       -0.0938971880   0.0061576896   0.0050695517  -0.0047134386  -0.0246730375
       -0.0154955258   0.0175008970   0.0000911522   0.0001477084  -0.0001895995
       -0.0008064100   0.0006565605   0.0016376632  -0.0001109439   0.0003350922
        0.0003632677   0.0007829954  -0.0000309346  -0.0011350916  -0.0855836873
       -0.1159537684   0.0693993133   0.0000588782   0.0002820260   0.0001052903
        0.0000737999   0.0000943207  -0.0000253192  -0.0004495659   0.0002807313
        0.0005686528   0.0000323998  -0.0001071021  -0.0000865802  -0.0006352935
       -0.0057593270  -0.0034591176  -0.0005261038  -0.0011717454   0.0000284846
       -0.0193408140  -0.0201990030   0.0129219487   0.1015785127   0.1372982115
       -0.0791410145  -0.0039218043  -0.0033013151   0.0055861627   0.0086282653
        0.0075092923  -0.0065678902   0.0002197713   0.0000669612  -0.0001957700
       -0.0014549787  -0.0015410194   0.0008130113  -0.0000043016  -0.0000497204
       -0.0000182732   0.0002390174  -0.0001876080  -0.0003731817   0.0797216539
        0.0693533246  -0.1071168519   0.0000211145   0.0000150477  -0.0000300003
       -0.0000283525   0.0000426233   0.0000401331  -0.0002733748  -0.0005730840
        0.0003569027   0.0000083802   0.0001144026   0.0000349707   0.0000635487
       -0.0022485742  -0.0006168741   0.0000002667   0.0000330154  -0.0000902501
       -0.0068080936  -0.0052180716   0.0062139962  -0.0938971880  -0.0791410145
        0.1228589960   0.0201880148   0.0185002544  -0.0210592936   0.0023544521
        0.0009882167  -0.0010290335  -0.0001301590  -0.0000877928   0.0000157485
       -0.0005541681   0.0002888661   0.0002980658   0.0000224932   0.0000992262
        0.0001142669   0.0000202655  -0.0000679434  -0.0000166459  -0.0679252718
        0.0090749942  -0.0721494226   0.0000519676   0.0001350381   0.0000334933
        0.0000489267  -0.0000472942  -0.0000306410   0.0002977644   0.0006261124
        0.0000589562  -0.0000184944  -0.0000739434  -0.0000014504   0.0006672289
       -0.0009346765  -0.0004960692  -0.0003063598  -0.0002630849   0.0002160088
        0.0000844227  -0.0006866731  -0.0035958474   0.0061576896  -0.0039218043
        0.0201880148   0.0763337280  -0.0113211991   0.0850639187  -0.0144391690
        0.0073430711  -0.0299595898  -0.0004410236  -0.0002506892   0.0002769416
       -0.0013718545  -0.0023287840  -0.0009064519   0.0009725633  -0.0010757241
       -0.0000525028  -0.0002173023   0.0000070446  -0.0001044231   0.0079309923
       -0.0429735575   0.0286204612   0.0002785538   0.0002019668  -0.0002064430
        0.0000578226  -0.0002388546  -0.0001619588   0.0008824544   0.0003489859
        0.0005558287  -0.0001458772   0.0000347903  -0.0001089083   0.0004769643
       -0.0004622064  -0.0012017645  -0.0002129233  -0.0001422060   0.0001052886
       -0.0090216260  -0.0008904707  -0.0274087556   0.0050695517  -0.0033013151
        0.0185002544  -0.0113211991   0.0528381797  -0.0321742718   0.0070701346
       -0.0022446645   0.0145168827  -0.0004482546   0.0002268154   0.0000267642
       -0.0011865011  -0.0022474133  -0.0006374151   0.0008605591  -0.0003161650
        0.0003508113  -0.0003052537   0.0001662429  -0.0000368525  -0.0726885322
        0.0321787946  -0.2460418129  -0.0000773282   0.0001504679   0.0003747368
        0.0000918730  -0.0001679968  -0.0002357803   0.0011136221   0.0003050596
       -0.0001145611  -0.0002017891  -0.0000987017  -0.0002080619   0.0012168299
        0.0011410128   0.0003382150  -0.0004030659  -0.0003326276   0.0002700283
       -0.0050311353  -0.0061860469  -0.0173096529  -0.0047134386   0.0055861627
       -0.0210592936   0.0850639187  -0.0321742718   0.2867178472  -0.0030675429
        0.0019099397  -0.0024016833  -0.0006722158   0.0000855430  -0.0000065248
        0.0002558776   0.0006158719  -0.0000252578   0.0001202060  -0.0004978359
       -0.0000925229  -0.0000633487  -0.0000301073  -0.0001746259  -0.2282310368
        0.0927512911   0.0068000443   0.0003286448  -0.0000833417  -0.0003712213
       -0.0000710751   0.0000272139   0.0000926167  -0.0003736281  -0.0002818458
        0.0005084602  -0.0000611683   0.0001887547   0.0000061480   0.0002371781
       -0.0015681530  -0.0000430958   0.0002820093   0.0002580897  -0.0002085931
        0.0025716044   0.0032605658   0.0025114136  -0.0246730375   0.0086282653
        0.0023544521  -0.0144391690   0.0070701346  -0.0030675429   0.2641137219
       -0.1105847558  -0.0080155622   0.0000032214   0.0002458524  -0.0002747131
       -0.0004503463  -0.0030817036   0.0002216357  -0.0007555196  -0.0000185747
       -0.0011774146   0.0001351073  -0.0001578126   0.0001989040   0.0959801386
       -0.0884219104  -0.0004799197   0.0001156234   0.0003322861  -0.0000617960
        0.0000311994  -0.0002322633  -0.0002859542  -0.0001170103   0.0013516135
       -0.0006048223   0.0001473872  -0.0002171053   0.0000890250   0.0004846424
       -0.0000687070  -0.0015526562  -0.0003903005  -0.0004135917   0.0003621528
        0.0235525277  -0.0188459442  -0.0053972246  -0.0154955258   0.0075092923
        0.0009882167   0.0073430711  -0.0022446645   0.0019099397  -0.1105847558
        0.1048408869   0.0050024799   0.0000037611  -0.0003318016   0.0007874340
       -0.0002997170  -0.0021483259  -0.0006982039  -0.0004523749  -0.0000840199
       -0.0008326382   0.0001266164  -0.0000416546   0.0002138728   0.0086821035
       -0.0012474622  -0.0401974622  -0.0000475985   0.0000634117   0.0000282998
        0.0000320903  -0.0001203085  -0.0001115931  -0.0002418049   0.0002075737
       -0.0005662607   0.0001376114  -0.0000784776   0.0000686424   0.0004871228
        0.0008159444   0.0003479765   0.0000014007  -0.0000331746   0.0000230897
        0.0116736140  -0.0104119215  -0.0017827348   0.0175008970  -0.0065678902
       -0.0010290335  -0.0299595898   0.0145168827  -0.0024016833  -0.0080155622
        0.0050024799   0.0468297409   0.0003751913   0.0001269424   0.0001079877
        0.0023318111  -0.0048958303   0.0042268917   0.0000735010  -0.0004763714
       -0.0006104314  -0.0005069783  -0.0003317844   0.0016738082  -0.0007865348
        0.0017742984  -0.0013790702   0.0046426122  -0.0020290260   0.0023213958
       -0.0011273177   0.0005124416  -0.0004906856   0.0008343551  -0.0014057614
        0.0006962351  -0.0006787103   0.0005673088  -0.0002331572  -0.0977115995
        0.0200584502   0.1056626281  -0.0003504164   0.0019198195  -0.0021556615
       -0.0120267071   0.0045504120   0.0177130030   0.0000911522   0.0002197713
       -0.0001301590  -0.0004410236  -0.0004482546  -0.0006722158   0.0000032214
        0.0000037611   0.0003751913   0.1056526346  -0.0200192349  -0.1269977725
       -0.0045288161  -0.0011075371   0.0004105466  -0.0003901662  -0.0005413496
        0.0002837450  -0.0008735675   0.0001666588   0.0007241679   0.0002396003
        0.0004502440   0.0016808930  -0.0026410442  -0.0039387753  -0.0036886942
        0.0005526691  -0.0002662974   0.0002045370   0.0154193542  -0.0047207431
       -0.0253565435   0.0011164863  -0.0011734105  -0.0015341277   0.0202007027
       -0.0546834030  -0.0437538625   0.0005231480   0.0022301939   0.0025487758
       -0.0097420035   0.0032734810   0.0161283286   0.0001477084   0.0000669612
       -0.0000877928  -0.0002506892   0.0002268154   0.0000855430   0.0002458524
       -0.0003318016   0.0001269424  -0.0200192349   0.0603489630   0.0522275413
        0.0044498671   0.0008992709   0.0022816142  -0.0005593961   0.0004219904
        0.0008827176   0.0013259678  -0.0000026405  -0.0009346846  -0.0023695433
       -0.0003963538   0.0003310171   0.0019104683  -0.0045038384   0.0017909277
       -0.0004561196   0.0002536169  -0.0009566546   0.0115999061  -0.0024361735
       -0.0153103595   0.0001234225  -0.0008165132  -0.0018148123   0.1057585871
       -0.0436013448  -0.2016890703  -0.0030456622   0.0006800764   0.0017484520
        0.0084476458  -0.0033440599  -0.0148118085  -0.0001895995  -0.0001957700
        0.0000157485   0.0002769416   0.0000267642  -0.0000065248  -0.0002747131
        0.0007874340   0.0001079877  -0.1269977725   0.0522275413   0.2283654497
