           1           2   1.40282060484472     
           1           3  0.970472381759884     
           2           5   1.49656313804338     
           2           6  0.970413685376085     
           5           7   1.24658798363529     
           5           8  0.971205278579689     
           7           9   1.25752260834819     
           7          10   1.35833889289738     
           9          10  0.102089315902692     
           1          11   1.38284847622466     
           4          11   1.01678975135827     
           9          11   1.46716181535935     
           4          12  0.986663757647882     
           4          13  0.977566928737272     
           4          14  0.977524937748721     
           9          15  0.970231678616006     
