$hessian                                                                        
        0.4145917585  -0.0000021652  -0.0000014435  -0.4145917585   0.0000021652
        0.0000014435
       -0.0000021652  -0.0000425605   0.0000000000   0.0000021652   0.0000425605
       -0.0000000000
       -0.0000014435   0.0000000000  -0.0000425605   0.0000014435  -0.0000000000
        0.0000425605
       -0.4145917585   0.0000021652   0.0000014435   0.4145917585  -0.0000021652
       -0.0000014435
        0.0000021652   0.0000425605  -0.0000000000  -0.0000021652  -0.0000425605
        0.0000000000
        0.0000014435  -0.0000000000   0.0000425605  -0.0000014435   0.0000000000
       -0.0000425605
