$hessian                                                                        
        0.3721863086   0.0745642148  -0.1294458549  -0.2389040173  -0.1438741507
       -0.0473348440  -0.1332822912   0.0693099359   0.1767806988
        0.0745642148   0.1542989886   0.1633783387  -0.1341480179  -0.0942647764
       -0.0448872657   0.0595838031  -0.0600342122  -0.1184910729
       -0.1294458549   0.1633783387   0.3021875763  -0.0341225809  -0.0388575716
       -0.0316310438   0.1635684357  -0.1245207671  -0.2705565325
       -0.2389040173  -0.1341480179  -0.0341225809   0.2736814945   0.1496356954
        0.0336012761  -0.0347774771  -0.0154876775   0.0005213048
       -0.1438741507  -0.0942647764  -0.0388575716   0.1496356954   0.0905476411
        0.0302362498  -0.0057615447   0.0037171352   0.0086213218
       -0.0473348440  -0.0448872657  -0.0316310438   0.0336012761   0.0302362498
        0.0202427701   0.0137335679   0.0146510159   0.0113882737
       -0.1332822912   0.0595838031   0.1635684357  -0.0347774771  -0.0057615447
        0.0137335679   0.1680597683  -0.0538222584  -0.1773020036
        0.0693099359  -0.0600342122  -0.1245207671  -0.0154876775   0.0037171352
        0.0146510159  -0.0538222584   0.0563170770   0.1098697512
        0.1767806988  -0.1184910729  -0.2705565325   0.0005213048   0.0086213218
        0.0113882737  -0.1773020036   0.1098697512   0.2591682588
