# Atoms array:
     x           y            z                   Z     indx
   -7.134495    -4.412905     1.601722            6      0
   -7.883305    -3.594435     1.543463            1      1
   -7.627983    -5.608386     1.062111            8      2
   -6.218287    -4.070213     1.075738            1      3
   -6.891864    -4.606042     2.663045            1      4
   -7.945555    -5.343727    -0.368530            8      5

# Gridpoints array:
     x           y            z                   Z     indx
   -5.094495    -4.412905     1.601722            6      0
   -9.174495    -4.412905     1.601722            6      0
   -7.134495    -2.372905     1.601722            6      0
   -7.134495    -4.412905     3.641722            6      0
   -5.956701    -3.235111     2.779517            6      0
   -8.312290    -3.235111     2.779517            6      0
   -5.956701    -5.590700     2.779517            6      0
   -8.312290    -5.590700     2.779517            6      0
   -5.956701    -3.235111     0.423928            6      0
   -8.312290    -3.235111     0.423928            6      0
   -5.956701    -5.590700     0.423928            6      0
   -6.756859    -4.035269     3.570575            6      0
   -7.512131    -4.035269     3.570575            6      0
   -6.756859    -4.790541     3.570575            6      0
   -7.512131    -4.790541     3.570575            6      0
   -6.756859    -4.035269    -0.367131            6      0
   -7.512131    -4.035269    -0.367131            6      0
   -6.756859    -2.444052     1.979358            6      0
   -7.512131    -2.444052     1.979358            6      0
   -6.756859    -6.381758     1.979358            6      0
   -6.756859    -2.444052     1.224086            6      0
   -7.512131    -2.444052     1.224086            6      0
   -5.165642    -4.035269     1.979358            6      0
   -9.103348    -4.035269     1.979358            6      0
   -5.165642    -4.790541     1.979358            6      0
   -9.103348    -4.790541     1.979358            6      0
   -5.165642    -4.035269     1.224086            6      0
   -9.103348    -4.035269     1.224086            6      0
   -5.165642    -4.790541     1.224086            6      0
   -9.103348    -4.790541     1.224086            6      0
   -5.726036    -3.004446     2.042275            6      0
   -8.542954    -3.004446     2.042275            6      0
   -5.726036    -5.821364     2.042275            6      0
   -8.542954    -5.821364     2.042275            6      0
   -5.726036    -3.004446     1.161169            6      0
   -8.542954    -3.004446     1.161169            6      0
   -5.726036    -5.821364     1.161169            6      0
   -5.726036    -3.972352     3.010181            6      0
   -8.542954    -3.972352     3.010181            6      0
   -5.726036    -4.853458     3.010181            6      0
   -8.542954    -4.853458     3.010181            6      0
   -5.726036    -3.972352     0.193263            6      0
   -8.542954    -3.972352     0.193263            6      0
   -5.726036    -4.853458     0.193263            6      0
   -6.693942    -3.004446     3.010181            6      0
   -7.575048    -3.004446     3.010181            6      0
   -6.693942    -5.821364     3.010181            6      0
   -7.575048    -5.821364     3.010181            6      0
   -6.693942    -3.004446     0.193263            6      0
   -7.575048    -3.004446     0.193263            6      0
   -6.327289    -3.605699     3.292413            6      0
   -7.941702    -3.605699     3.292413            6      0
   -6.327289    -5.220112     3.292413            6      0
   -7.941702    -5.220112     3.292413            6      0
   -6.327289    -3.605699    -0.088968            6      0
   -7.941702    -3.605699    -0.088968            6      0
   -6.327289    -5.220112    -0.088968            6      0
   -6.327289    -2.722215     2.408929            6      0
   -7.941702    -2.722215     2.408929            6      0
   -6.327289    -6.103596     2.408929            6      0
   -7.941702    -6.103596     2.408929            6      0
   -6.327289    -2.722215     0.794516            6      0
   -7.941702    -2.722215     0.794516            6      0
   -6.327289    -6.103596     0.794516            6      0
   -5.443804    -3.605699     2.408929            6      0
   -8.825186    -3.605699     2.408929            6      0
   -5.443804    -5.220112     2.408929            6      0
   -8.825186    -5.220112     2.408929            6      0
   -5.443804    -3.605699     0.794516            6      0
   -8.825186    -3.605699     0.794516            6      0
   -5.443804    -5.220112     0.794516            6      0
   -6.158622    -2.621461     1.601722            6      0
   -8.110368    -2.621461     1.601722            6      0
   -6.158622    -6.204349     1.601722            6      0
   -5.343051    -3.437032     1.601722            6      0
   -8.925939    -3.437032     1.601722            6      0
   -5.343051    -5.388778     1.601722            6      0
   -8.925939    -5.388778     1.601722            6      0
   -6.158622    -4.412905     3.393166            6      0
   -8.110368    -4.412905     3.393166            6      0
   -6.158622    -4.412905    -0.189722            6      0
   -5.343051    -4.412905     2.577595            6      0
   -8.925939    -4.412905     2.577595            6      0
   -5.343051    -4.412905     0.625849            6      0
   -8.925939    -4.412905     0.625849            6      0
   -7.134495    -3.437032     3.393166            6      0
   -7.134495    -5.388778     3.393166            6      0
   -7.134495    -3.437032    -0.189722            6      0
   -7.134495    -2.621461     2.577595            6      0
   -7.134495    -6.204349     2.577595            6      0
   -7.134495    -2.621461     0.625849            6      0
   -9.203305    -3.594435     1.543463            1      1
   -7.883305    -2.274435     1.543463            1      1
   -7.121202    -2.832333     2.305565            1      1
   -8.645407    -2.832333     2.305565            1      1
   -7.121202    -2.832333     0.781360            1      1
   -8.645407    -2.832333     0.781360            1      1
   -8.127657    -3.350083     2.817426            1      1
   -7.638952    -3.350083     0.269499            1      1
   -8.127657    -3.350083     0.269499            1      1
   -7.638952    -2.320472     1.787815            1      1
   -8.127657    -2.320472     1.787815            1      1
   -7.638952    -2.320472     1.299110            1      1
   -8.127657    -2.320472     1.299110            1      1
   -9.157269    -3.350083     1.787815            1      1
   -9.157269    -3.838788     1.787815            1      1
   -9.157269    -3.350083     1.299110            1      1
   -9.157269    -3.838788     1.299110            1      1
   -6.971949    -2.683080     1.828526            1      1
   -8.794661    -2.683080     1.828526            1      1
   -6.971949    -2.683080     1.258399            1      1
   -8.794661    -2.683080     1.258399            1      1
   -8.794661    -3.309372     2.454818            1      1
   -8.794661    -3.879499     2.454818            1      1
   -8.794661    -3.309372     0.632107            1      1
   -8.794661    -3.879499     0.632107            1      1
   -7.598241    -2.683080     2.454818            1      1
   -8.168368    -2.683080     2.454818            1      1
   -7.598241    -2.683080     0.632107            1      1
   -8.168368    -2.683080     0.632107            1      1
   -7.360995    -3.072125     2.637439            1      1
   -8.405615    -3.072125     2.637439            1      1
   -7.360995    -3.072125     0.449486            1      1
   -8.405615    -3.072125     0.449486            1      1
   -7.360995    -2.500459     2.065773            1      1
   -8.405615    -2.500459     2.065773            1      1
   -7.360995    -2.500459     1.021152            1      1
   -8.405615    -2.500459     1.021152            1      1
   -8.977281    -3.072125     2.065773            1      1
   -8.977281    -4.116746     2.065773            1      1
   -8.977281    -3.072125     1.021152            1      1
   -8.977281    -4.116746     1.021152            1      1
   -7.251858    -2.435266     1.543463            1      1
   -8.514752    -2.435266     1.543463            1      1
   -9.042475    -2.962988     1.543463            1      1
   -9.042475    -4.225883     1.543463            1      1
   -8.514752    -3.594435     2.702632            1      1
   -8.514752    -3.594435     0.384293            1      1
   -9.042475    -3.594435     2.174910            1      1
   -9.042475    -3.594435     0.912015            1      1
   -7.883305    -2.962988     2.702632            1      1
   -7.883305    -2.962988     0.384293            1      1
   -7.883305    -2.435266     2.174910            1      1
   -7.883305    -2.435266     0.912015            1      1
   -5.803983    -5.608386     1.062111            8      2
   -9.451983    -5.608386     1.062111            8      2
   -7.627983    -7.432386     1.062111            8      2
   -7.627983    -5.608386     2.886111            8      2
   -8.681070    -4.555299     2.115198            8      2
   -6.574896    -6.661472     2.115198            8      2
   -8.681070    -6.661472     2.115198            8      2
   -6.574896    -4.555299     0.009024            8      2
   -6.574896    -6.661472     0.009024            8      2
   -8.681070    -6.661472     0.009024            8      2
   -7.965634    -5.270735     2.822497            8      2
   -7.290332    -5.946036     2.822497            8      2
   -7.965634    -5.946036     2.822497            8      2
   -7.290332    -7.368772     1.399762            8      2
   -7.965634    -7.368772     1.399762            8      2
   -7.290332    -7.368772     0.724460            8      2
   -7.965634    -7.368772     0.724460            8      2
   -9.388369    -5.270735     1.399762            8      2
   -5.867597    -5.946036     1.399762            8      2
   -9.388369    -5.946036     1.399762            8      2
   -5.867597    -5.270735     0.724460            8      2
   -9.388369    -5.270735     0.724460            8      2
   -5.867597    -5.946036     0.724460            8      2
   -9.388369    -5.946036     0.724460            8      2
   -8.887311    -4.349058     1.456017            8      2
   -6.368655    -6.867714     1.456017            8      2
   -8.887311    -6.867714     1.456017            8      2
   -8.887311    -4.349058     0.668205            8      2
   -6.368655    -6.867714     0.668205            8      2
   -8.887311    -6.867714     0.668205            8      2
   -8.887311    -5.214479     2.321439            8      2
   -6.368655    -6.002292     2.321439            8      2
   -8.887311    -6.002292     2.321439            8      2
   -6.368655    -5.214479    -0.197217            8      2
   -6.368655    -6.002292    -0.197217            8      2
   -7.234077    -6.867714     2.321439            8      2
   -8.021889    -6.867714     2.321439            8      2
   -7.234077    -6.867714    -0.197217            8      2
   -8.021889    -6.867714    -0.197217            8      2
   -8.349721    -4.886648     2.573787            8      2
   -6.906245    -6.330123     2.573787            8      2
   -8.349721    -6.330123     2.573787            8      2
   -6.906245    -6.330123    -0.449566            8      2
   -6.906245    -7.120062     1.783848            8      2
   -8.349721    -7.120062     1.783848            8      2
   -8.349721    -4.096709     0.340373            8      2
   -6.906245    -7.120062     0.340373            8      2
   -8.349721    -7.120062     0.340373            8      2
   -9.139660    -4.886648     1.783848            8      2
   -6.116307    -6.330123     1.783848            8      2
   -9.139660    -6.330123     1.783848            8      2
   -6.116307    -4.886648     0.340373            8      2
   -9.139660    -4.886648     0.340373            8      2
   -6.116307    -6.330123     0.340373            8      2
   -9.139660    -6.330123     0.340373            8      2
   -6.755438    -7.210147     1.062111            8      2
   -8.500528    -7.210147     1.062111            8      2
   -9.229745    -4.735840     1.062111            8      2
   -6.026221    -6.480931     1.062111            8      2
   -9.229745    -6.480931     1.062111            8      2
   -8.500528    -5.608386     2.663873            8      2
   -6.026221    -5.608386     1.934656            8      2
   -9.229745    -5.608386     1.934656            8      2
   -6.026221    -5.608386     0.189566            8      2
   -9.229745    -5.608386     0.189566            8      2
   -7.627983    -6.480931     2.663873            8      2
   -7.627983    -7.210147     1.934656            8      2
   -7.627983    -7.210147     0.189566            8      2
   -4.898287    -4.070213     1.075738            1      3
   -6.218287    -2.750213     1.075738            1      3
   -6.218287    -4.070213    -0.244262            1      3
   -5.456184    -3.308111     1.837840            1      3
   -5.456184    -4.832316     1.837840            1      3
   -5.456184    -3.308111     0.313635            1      3
   -6.980389    -3.308111     0.313635            1      3
   -5.456184    -4.832316     0.313635            1      3
   -5.973934    -3.825861    -0.198226            1      3
   -6.462639    -3.825861    -0.198226            1      3
   -5.973934    -4.314566    -0.198226            1      3
   -6.462639    -4.314566    -0.198226            1      3
   -5.973934    -2.796250     1.320090            1      3
   -6.462639    -2.796250     1.320090            1      3
   -5.973934    -2.796250     0.831385            1      3
   -6.462639    -2.796250     0.831385            1      3
   -4.944323    -3.825861     1.320090            1      3
   -4.944323    -4.314566     1.320090            1      3
   -4.944323    -3.825861     0.831385            1      3
   -4.944323    -4.314566     0.831385            1      3
   -5.306931    -3.158858     1.360801            1      3
   -5.306931    -4.981569     1.360801            1      3
   -5.306931    -3.158858     0.790674            1      3
   -5.306931    -4.981569     0.790674            1      3
   -5.306931    -3.785150     1.987093            1      3
   -5.306931    -4.355277     1.987093            1      3
   -5.306931    -3.785150     0.164382            1      3
   -5.306931    -4.355277     0.164382            1      3
   -5.933223    -3.158858     1.987093            1      3
   -5.933223    -3.158858     0.164382            1      3
   -6.503350    -3.158858     0.164382            1      3
   -5.933223    -4.981569     0.164382            1      3
   -5.695976    -3.547903     2.169714            1      3
   -5.695976    -3.547903    -0.018239            1      3
   -6.740597    -3.547903    -0.018239            1      3
   -5.695976    -4.592524    -0.018239            1      3
   -5.695976    -2.976237     1.598048            1      3
   -5.695976    -2.976237     0.553427            1      3
   -6.740597    -2.976237     0.553427            1      3
   -5.695976    -5.164190     0.553427            1      3
   -5.124310    -3.547903     1.598048            1      3
   -5.124310    -4.592524     1.598048            1      3
   -5.124310    -3.547903     0.553427            1      3
   -5.124310    -4.592524     0.553427            1      3
   -5.586839    -2.911044     1.075738            1      3
   -5.586839    -5.229383     1.075738            1      3
   -5.059117    -3.438766     1.075738            1      3
   -5.059117    -4.701661     1.075738            1      3
   -5.586839    -4.070213     2.234907            1      3
   -5.586839    -4.070213    -0.083432            1      3
   -6.849734    -4.070213    -0.083432            1      3
   -5.059117    -4.070213     1.707185            1      3
   -5.059117    -4.070213     0.444290            1      3
   -6.218287    -3.438766    -0.083432            1      3
   -6.218287    -4.701661    -0.083432            1      3
   -6.218287    -2.911044     1.707185            1      3
   -6.218287    -2.911044     0.444290            1      3
   -5.571864    -4.606042     2.663045            1      4
   -6.891864    -5.926042     2.663045            1      4
   -6.891864    -4.606042     3.983045            1      4
   -6.129762    -3.843940     3.425147            1      4
   -7.653967    -3.843940     3.425147            1      4
   -6.129762    -5.368144     3.425147            1      4
   -7.653967    -5.368144     3.425147            1      4
   -6.647512    -4.361689     3.937009            1      4
   -7.136217    -4.361689     3.937009            1      4
   -6.647512    -4.850395     3.937009            1      4
   -7.136217    -4.850395     3.937009            1      4
   -6.647512    -3.332078     2.907397            1      4
   -6.647512    -5.880006     2.907397            1      4
   -7.136217    -5.880006     2.907397            1      4
   -5.617901    -4.361689     2.907397            1      4
   -5.617901    -4.850395     2.907397            1      4
   -5.617901    -4.361689     2.418692            1      4
   -5.617901    -4.850395     2.418692            1      4
   -5.980509    -3.694686     2.948108            1      4
   -5.980509    -5.517398     2.948108            1      4
   -7.803220    -5.517398     2.948108            1      4
   -5.980509    -5.517398     2.377981            1      4
   -5.980509    -4.320978     3.574401            1      4
   -7.803220    -4.320978     3.574401            1      4
   -5.980509    -4.891106     3.574401            1      4
   -7.803220    -4.891106     3.574401            1      4
   -6.606801    -3.694686     3.574401            1      4
   -7.176928    -3.694686     3.574401            1      4
   -6.606801    -5.517398     3.574401            1      4
   -7.176928    -5.517398     3.574401            1      4
   -6.369554    -4.083732     3.757021            1      4
   -7.414174    -4.083732     3.757021            1      4
   -6.369554    -5.128352     3.757021            1      4
   -7.414174    -5.128352     3.757021            1      4
   -6.369554    -3.512066     3.185355            1      4
   -7.414174    -3.512066     3.185355            1      4
   -6.369554    -5.700018     3.185355            1      4
   -7.414174    -5.700018     3.185355            1      4
   -5.797888    -4.083732     3.185355            1      4
   -7.985841    -4.083732     3.185355            1      4
   -5.797888    -5.128352     3.185355            1      4
   -7.985841    -5.128352     3.185355            1      4
   -6.260417    -5.765212     2.663045            1      4
   -5.732695    -3.974595     2.663045            1      4
   -5.732695    -5.237489     2.663045            1      4
   -6.260417    -4.606042     3.822215            1      4
   -7.523311    -4.606042     3.822215            1      4
   -5.732695    -4.606042     3.294492            1      4
   -8.051034    -4.606042     3.294492            1      4
   -6.891864    -3.974595     3.822215            1      4
   -6.891864    -5.237489     3.822215            1      4
   -6.891864    -3.446872     3.294492            1      4
   -6.891864    -5.765212     3.294492            1      4
   -6.121555    -5.343727    -0.368530            8      5
   -9.769555    -5.343727    -0.368530            8      5
   -7.945555    -3.519727    -0.368530            8      5
   -7.945555    -7.167727    -0.368530            8      5
   -7.945555    -5.343727    -2.192530            8      5
   -8.998642    -4.290640     0.684557            8      5
   -8.998642    -6.396814     0.684557            8      5
   -6.892469    -4.290640    -1.421617            8      5
   -8.998642    -4.290640    -1.421617            8      5
   -6.892469    -6.396814    -1.421617            8      5
   -8.998642    -6.396814    -1.421617            8      5
   -7.607905    -5.006076    -2.128916            8      5
   -8.283206    -5.006076    -2.128916            8      5
   -7.607905    -5.681378    -2.128916            8      5
   -8.283206    -5.681378    -2.128916            8      5
   -7.607905    -3.583341    -0.030879            8      5
   -8.283206    -3.583341    -0.030879            8      5
   -7.607905    -7.104114    -0.030879            8      5
   -8.283206    -7.104114    -0.030879            8      5
   -7.607905    -3.583341    -0.706181            8      5
   -8.283206    -3.583341    -0.706181            8      5
   -7.607905    -7.104114    -0.706181            8      5
   -8.283206    -7.104114    -0.706181            8      5
   -6.185169    -5.006076    -0.030879            8      5
   -9.705942    -5.006076    -0.030879            8      5
   -6.185169    -5.681378    -0.030879            8      5
   -9.705942    -5.681378    -0.030879            8      5
   -6.185169    -5.006076    -0.706181            8      5
   -9.705942    -5.006076    -0.706181            8      5
   -6.185169    -5.681378    -0.706181            8      5
   -9.705942    -5.681378    -0.706181            8      5
   -6.686227    -4.084399     0.025376            8      5
   -9.204883    -4.084399     0.025376            8      5
   -6.686227    -6.603055     0.025376            8      5
   -9.204883    -6.603055     0.025376            8      5
   -6.686227    -4.084399    -0.762436            8      5
   -9.204883    -4.084399    -0.762436            8      5
   -6.686227    -6.603055    -0.762436            8      5
   -9.204883    -6.603055    -0.762436            8      5
   -9.204883    -4.949821     0.890798            8      5
   -9.204883    -5.737633     0.890798            8      5
   -6.686227    -4.949821    -1.627858            8      5
   -9.204883    -4.949821    -1.627858            8      5
   -6.686227    -5.737633    -1.627858            8      5
   -9.204883    -5.737633    -1.627858            8      5
   -7.551649    -4.084399    -1.627858            8      5
   -8.339462    -4.084399    -1.627858            8      5
   -7.551649    -6.603055    -1.627858            8      5
   -8.339462    -6.603055    -1.627858            8      5
   -7.223818    -4.621990    -1.880206            8      5
   -8.667293    -4.621990    -1.880206            8      5
   -7.223818    -6.065465    -1.880206            8      5
   -8.667293    -6.065465    -1.880206            8      5
   -8.667293    -3.832051     0.353208            8      5
   -7.223818    -6.855404     0.353208            8      5
   -8.667293    -6.855404     0.353208            8      5
   -7.223818    -3.832051    -1.090267            8      5
   -8.667293    -3.832051    -1.090267            8      5
   -7.223818    -6.855404    -1.090267            8      5
   -8.667293    -6.855404    -1.090267            8      5
   -9.457232    -4.621990     0.353208            8      5
   -6.433879    -6.065465     0.353208            8      5
   -9.457232    -6.065465     0.353208            8      5
   -6.433879    -4.621990    -1.090267            8      5
   -9.457232    -4.621990    -1.090267            8      5
   -6.433879    -6.065465    -1.090267            8      5
   -9.457232    -6.065465    -1.090267            8      5
   -7.073010    -3.741966    -0.368530            8      5
   -8.818101    -3.741966    -0.368530            8      5
   -7.073010    -6.945489    -0.368530            8      5
   -8.818101    -6.945489    -0.368530            8      5
   -6.343794    -4.471182    -0.368530            8      5
   -9.547317    -4.471182    -0.368530            8      5
   -6.343794    -6.216272    -0.368530            8      5
   -9.547317    -6.216272    -0.368530            8      5
   -7.073010    -5.343727    -1.970292            8      5
   -8.818101    -5.343727    -1.970292            8      5
   -9.547317    -5.343727     0.504015            8      5
   -6.343794    -5.343727    -1.241075            8      5
   -9.547317    -5.343727    -1.241075            8      5
   -7.945555    -4.471182    -1.970292            8      5
   -7.945555    -6.216272    -1.970292            8      5
   -7.945555    -6.945489     0.504015            8      5
   -7.945555    -3.741966    -1.241075            8      5
   -7.945555    -6.945489    -1.241075            8      5
