$hessian                                                                        
        0.0649018969   0.0540839954  -0.0479356396  -0.0736451632  -0.0275713796
        0.0244452393  -0.0085078330  -0.0323107975   0.0211704105   0.0165961443
        0.0144606275  -0.0157058178   0.0006549551  -0.0086624458   0.0180258076
        0.0540839954   0.2484677188  -0.1756663802  -0.0276084222  -0.1672146971
        0.0895731218  -0.0325077716  -0.0448369514   0.0200429500   0.0147938839
       -0.0471365265   0.0343815482  -0.0087616855   0.0107204562   0.0316687602
       -0.0479356396  -0.1756663802   0.2057566468   0.0244705764   0.0895552582
       -0.1454916754   0.0214460516   0.0203756335   0.0090806273  -0.0159730606
        0.0345336823  -0.0137445971   0.0179920722   0.0312018062  -0.0556010016
       -0.0736451632  -0.0276084222   0.0244705764   0.3289197008   0.0039791723
       -0.0035147664  -0.0957709450  -0.0319434224  -0.0312957054  -0.1132930635
        0.0447297015  -0.0038833998  -0.0462105291   0.0108429708   0.0142232952
       -0.0275713796  -0.1672146971   0.0895552582   0.0039791723   0.3423525182
       -0.0126875293  -0.0260389284  -0.0537249141  -0.0205043839   0.0355115102
       -0.0570813320  -0.0040626438   0.0141196256  -0.0643315750  -0.0523007012
        0.0244452393   0.0895731218  -0.1454916754  -0.0035147664  -0.0126875293
        0.3392062497  -0.0386842622  -0.0284673855  -0.0584977113   0.0032313418
       -0.0080502867  -0.0376661807   0.0145224475  -0.0403679203  -0.0975506823
       -0.0085078330  -0.0325077716   0.0214460516  -0.0957709450  -0.0260389284
       -0.0386842622   0.1414340361   0.0669957950   0.0386365247  -0.0389044220
       -0.0091801847  -0.0176479160   0.0017491640   0.0007310897  -0.0037503982
       -0.0323107975  -0.0448369514   0.0203756335  -0.0319434224  -0.0537249141
       -0.0284673855   0.0669957950   0.1026508508   0.0229805608   0.0111722093
        0.0086580136   0.0039339964  -0.0139137844  -0.0127469990  -0.0188228051
        0.0211704105   0.0200429500   0.0090806273  -0.0312957054  -0.0205043839
       -0.0584977113   0.0386365247   0.0229805608   0.0723752070  -0.0048207793
       -0.0021077674  -0.0019145167  -0.0236904506  -0.0204113595  -0.0210436063
        0.0165961443   0.0147938839  -0.0159730606  -0.1132930635   0.0355115102
        0.0032313418  -0.0389044220   0.0111722093  -0.0048207793   0.1507736253
       -0.0715018385   0.0114096958  -0.0151722841   0.0100242351   0.0061528023
        0.0144606275  -0.0471365265   0.0345336823   0.0447297015  -0.0570813320
       -0.0080502867  -0.0091801847   0.0086580136  -0.0021077674  -0.0715018385
        0.1093886739  -0.0151516469   0.0214916942  -0.0138288291  -0.0092239813
       -0.0157058178   0.0343815482  -0.0137445971  -0.0038833998  -0.0040626438
       -0.0376661807  -0.0176479160   0.0039339964  -0.0019145167   0.0114096958
       -0.0151516469   0.0563351403   0.0258274377  -0.0191012538  -0.0030098458
        0.0006549551  -0.0087616855   0.0179920722  -0.0462105291   0.0141196256
        0.0145224475   0.0017491640  -0.0139137844  -0.0236904506  -0.0151722841
        0.0214916942   0.0258274377   0.0589786941  -0.0129358499  -0.0346515068
       -0.0086624458   0.0107204562   0.0312018062   0.0108429708  -0.0643315750
       -0.0403679203   0.0007310897  -0.0127469990  -0.0204113595   0.0100242351
       -0.0138288291  -0.0191012538  -0.0129358499   0.0801869469   0.0486787274
        0.0180258076   0.0316687602  -0.0556010016   0.0142232952  -0.0523007012
       -0.0975506823  -0.0037503982  -0.0188228051  -0.0210436063   0.0061528023
       -0.0092239813  -0.0030098458  -0.0346515068   0.0486787274   0.1772051359
