$hessian                                                                        
        0.4385853321  -0.0132504667   0.0173754956  -0.1802073257  -0.0117385571
        0.0415106415  -0.0419967411  -0.0016347276   0.0028405650  -0.0891854204
        0.0940208371   0.0083869507  -0.0847566586  -0.0549288340  -0.0712399752
       -0.0161489181  -0.0113284948  -0.0090726716  -0.0204864024   0.0011569585
        0.0059489966  -0.0058038657  -0.0022967153   0.0042499974
       -0.0132504667   0.5111704879   0.0052662410  -0.0176811261  -0.0663670911
        0.0099550848  -0.0015734644  -0.0961093065   0.0967187610   0.0938855470
       -0.2301112566  -0.0187716544  -0.0560661899  -0.1132411365  -0.0887958189
       -0.0163560080  -0.0048445886  -0.0041557776   0.0261996905   0.0020059626
       -0.0072776128  -0.0151579824  -0.0025030711   0.0070607769
        0.0173754956   0.0052662410   0.5118224480   0.0313578008   0.0067389197
       -0.0720920404   0.0028120363   0.0963614347  -0.2278349617   0.0082905782
       -0.0184744875  -0.0466171182  -0.0731610787  -0.0894053812  -0.1561186052
       -0.0176276433  -0.0068709529   0.0006151895   0.0038241816   0.0003545297
        0.0002098006   0.0271286295   0.0060296965  -0.0099847127
       -0.1802073257  -0.0176811261   0.0313578008   0.3964096339  -0.0416531636
       -0.0369519568  -0.0043225845  -0.0025339911   0.0041546392  -0.0191167968
        0.0015051930   0.0048848440  -0.0190207759  -0.0054594652   0.0015409165
       -0.0465993262  -0.0264179863  -0.0344604914  -0.0873502076   0.0953082635
        0.0126731820  -0.0397926172  -0.0030677242   0.0168010657
       -0.0117385571  -0.0663670911   0.0067389197  -0.0416531636   0.4123744543
       -0.0575875569  -0.0148474987  -0.0027849395   0.0059307258   0.0260383105
        0.0022916363  -0.0068572529  -0.0173633026  -0.0030310891   0.0025937161
       -0.0247033866  -0.0570464017  -0.0375972771   0.0842081633  -0.1943393535
       -0.0106629189   0.0000594348  -0.0910972156   0.0974416443
        0.0415106415   0.0099550848  -0.0720920404  -0.0369519568  -0.0575875569
        0.3811924602   0.0263315546   0.0062190441  -0.0098374776   0.0035319122
       -0.0005273099  -0.0001548784  -0.0187743377  -0.0038680541   0.0045528086
       -0.0315079909  -0.0366380078  -0.0725208166   0.0069063888  -0.0029634977
       -0.0401741290   0.0089537884   0.0854102976  -0.1909659268
       -0.0419967411  -0.0015734644   0.0028120363  -0.0043225845  -0.0148474987
        0.0263315546   0.0503048208   0.0031368639  -0.0068737181   0.0001210886
        0.0084186174  -0.0130990265  -0.0000160251   0.0061511985  -0.0136789463
        0.0013801485   0.0010043709   0.0004612659   0.0009997440  -0.0005267355
        0.0003815390  -0.0064704511  -0.0017633522   0.0036652952
       -0.0016347276  -0.0961093065   0.0963614347  -0.0025339911  -0.0027849395
        0.0062190441   0.0031368639   0.1091833899  -0.1147721090   0.0019841876
       -0.0188470397   0.0280855794  -0.0001388039   0.0075643138  -0.0159021351
        0.0005677738  -0.0000736934  -0.0002438510   0.0003743169   0.0003863073
       -0.0006501328  -0.0017556196   0.0006809681   0.0009021698
        0.0028405650   0.0967187610  -0.2278349617   0.0041546392   0.0059307258
       -0.0098374776  -0.0068737181  -0.1147721090   0.2633520266  -0.0009411657
        0.0016595936  -0.0000739013  -0.0019829045   0.0102602278  -0.0259066338
        0.0001893477   0.0002193418   0.0010013681  -0.0004285058  -0.0002936822
        0.0000387996   0.0030417422   0.0002771411  -0.0007392199
       -0.0891854204   0.0938855470   0.0082905782  -0.0191167968   0.0260383105
        0.0035319122   0.0001210886   0.0019841876  -0.0009411657   0.1073042202
       -0.1113689834  -0.0118825885   0.0061136586  -0.0118995187  -0.0015959320
        0.0015484917   0.0003561432   0.0002959353  -0.0076683777   0.0003922088
        0.0027463035   0.0008831358   0.0006121050  -0.0004450430
        0.0940208371  -0.2301112566  -0.0184744875   0.0015051930   0.0022916363
       -0.0005273099   0.0084186174  -0.0188470397   0.0016595936  -0.1113689834
        0.2650044492   0.0209597478   0.0076242673  -0.0207974894  -0.0039665648
        0.0005064900   0.0009277011   0.0009744811  -0.0002889056   0.0009586283
       -0.0003726805  -0.0004175159   0.0005733708  -0.0002527798
        0.0083869507  -0.0187716544  -0.0466171182   0.0048848440  -0.0068572529
       -0.0001548784  -0.0130990265   0.0280855794  -0.0000739013  -0.0118825885
        0.0209597478   0.0504603463   0.0092953924  -0.0229532799  -0.0036413214
        0.0000459714   0.0003389675  -0.0000708588   0.0022395280  -0.0001140361
        0.0001335753   0.0001289285  -0.0006880713  -0.0000358435
       -0.0847566586  -0.0560661899  -0.0731610787  -0.0190207759  -0.0173633026
       -0.0187743377  -0.0000160251  -0.0001388039  -0.0019829045   0.0061136586
        0.0076242673   0.0092953924   0.1024765972   0.0677666995   0.0850753532
       -0.0060381178  -0.0020883020  -0.0000825034   0.0005011167   0.0002273886
       -0.0003038536   0.0007402050   0.0000382430  -0.0000660676
       -0.0549288340  -0.1132411365  -0.0894053812  -0.0054594652  -0.0030310891
       -0.0038680541   0.0061511985   0.0075643138   0.0102602278  -0.0118995187
       -0.0207974894  -0.0229532799   0.0677666995   0.1296174557   0.1054426770
       -0.0021894058  -0.0002428274   0.0001517493   0.0004692130   0.0003723146
        0.0002071028   0.0000901127  -0.0002415418   0.0001649583
       -0.0712399752  -0.0887958189  -0.1561186052   0.0015409165   0.0025937161
        0.0045528086  -0.0136789463  -0.0159021351  -0.0259066338  -0.0015959320
       -0.0039665648  -0.0036413214   0.0850753532   0.1054426770   0.1798847201
       -0.0002287108   0.0001100283   0.0006597749  -0.0001436425   0.0003747971
        0.0001040622   0.0002709370   0.0001433003   0.0004651945
       -0.0161489181  -0.0163560080  -0.0176276433  -0.0465993262  -0.0247033866
       -0.0315079909   0.0013801485   0.0005677738   0.0001893477   0.0015484917
        0.0005064900   0.0000459714  -0.0060381178  -0.0021894058  -0.0002287108
        0.0643907644   0.0498281244   0.0601517252   0.0040452031  -0.0052853500
       -0.0002166897  -0.0025782454  -0.0023682380  -0.0108060097
       -0.0113284948  -0.0048445886  -0.0068709529  -0.0264179863  -0.0570464017
       -0.0366380078   0.0010043709  -0.0000736934   0.0002193418   0.0003561432
        0.0009277011   0.0003389675  -0.0020883020  -0.0002428274   0.0001100283
        0.0498281244   0.0751678792   0.0694018799  -0.0109439257  -0.0184747659
       -0.0205072164  -0.0004099298   0.0045866966  -0.0060540404
       -0.0090726716  -0.0041557776   0.0006151895  -0.0344604914  -0.0375972771
       -0.0725208166   0.0004612659  -0.0002438510   0.0010013681   0.0002959353
        0.0009744811  -0.0000708588  -0.0000825034   0.0001517493   0.0006597749
        0.0601517252   0.0694018799   0.1043184827  -0.0034044771  -0.0143157896
       -0.0087643012  -0.0138887829  -0.0142154149  -0.0252388386
       -0.0204864024   0.0261996905   0.0038241816  -0.0873502076   0.0842081633
        0.0069063888   0.0009997440   0.0003743169  -0.0004285058  -0.0076683777
       -0.0002889056   0.0022395280   0.0005011167   0.0004692130  -0.0001436425
        0.0040452031  -0.0109439257  -0.0034044771   0.1097767959  -0.1018881465
       -0.0081781973   0.0001821280   0.0018695940  -0.0008152757
        0.0011569585   0.0020059626   0.0003545297   0.0953082635  -0.1943393535
       -0.0029634977  -0.0005267355   0.0003863073  -0.0002936822   0.0003922088
        0.0009586283  -0.0001140361   0.0002273886   0.0003723146   0.0003747971
       -0.0052853500  -0.0184747659  -0.0143157896  -0.1018881465   0.2298508805
        0.0119011840   0.0106154125  -0.0207599738   0.0050564947
        0.0059489966  -0.0072776128   0.0002098006   0.0126731820  -0.0106629189
       -0.0401741290   0.0003815390  -0.0006501328   0.0000387996   0.0027463035
       -0.0003726805   0.0001335753  -0.0003038536   0.0002071028   0.0001040622
       -0.0002166897  -0.0205072164  -0.0087643012  -0.0081781973   0.0119011840
        0.0493354234  -0.0130512805   0.0273622745  -0.0008832311
       -0.0058038657  -0.0151579824   0.0271286295  -0.0397926172   0.0000594348
        0.0089537884  -0.0064704511  -0.0017556196   0.0030417422   0.0008831358
       -0.0004175159   0.0001289285   0.0007402050   0.0000901127   0.0002709370
       -0.0025782454  -0.0004099298  -0.0138887829   0.0001821280   0.0106154125
       -0.0130512805   0.0528397107   0.0069760876  -0.0125839623
       -0.0022967153  -0.0025030711   0.0060296965  -0.0030677242  -0.0910972156
        0.0854102976  -0.0017633522   0.0006809681   0.0002771411   0.0006121050
        0.0005733708  -0.0006880713   0.0000382430  -0.0002415418   0.0001433003
       -0.0023682380   0.0045866966  -0.0142154149   0.0018695940  -0.0207599738
        0.0273622745   0.0069760876   0.1087607669  -0.1043192239
        0.0042499974   0.0070607769  -0.0099847127   0.0168010657   0.0974416443
       -0.1909659268   0.0036652952   0.0009021698  -0.0007392199  -0.0004450430
       -0.0002527798  -0.0000358435  -0.0000660676   0.0001649583   0.0004651945
       -0.0108060097  -0.0060540404  -0.0252388386  -0.0008152757   0.0050564947
       -0.0008832311  -0.0125839623  -0.1043192239   0.2273825781
