# Atoms array:
     x           y            z                   Z     indx
   -3.811318    -0.661628    -0.675668            6      0
   -2.496413     0.130439    -0.851168            6      1
   -1.412929    -0.472893    -0.364267            7      2
   -2.586384     1.260475    -1.435856            8      3
   -4.551342    -0.045494    -0.120897            1      4
   -4.263766    -0.866902    -1.669948            1      5
   -3.666692    -1.621259    -0.140914            1      6
   -0.632407     0.186735    -0.566180            1      7

# Gridpoints array:
     x           y            z                   Z     indx
   -5.851318    -0.661628    -0.675668            6      0
   -3.811318    -2.701628    -0.675668            6      0
   -3.811318    -0.661628     1.364332            6      0
   -3.811318    -0.661628    -2.715668            6      0
   -4.989112     0.516167     0.502126            6      0
   -2.633523    -1.839422     0.502126            6      0
   -4.989112    -1.839422     0.502126            6      0
   -4.989112     0.516167    -1.853463            6      0
   -2.633523    -1.839422    -1.853463            6      0
   -4.989112    -1.839422    -1.853463            6      0
   -3.433682    -0.283992     1.293185            6      0
   -4.188954    -0.283992     1.293185            6      0
   -3.433682    -1.039264     1.293185            6      0
   -4.188954    -1.039264     1.293185            6      0
   -3.433682    -0.283992    -2.644521            6      0
   -4.188954    -0.283992    -2.644521            6      0
   -3.433682    -1.039264    -2.644521            6      0
   -4.188954    -1.039264    -2.644521            6      0
   -4.188954     1.307225    -0.298032            6      0
   -3.433682    -2.630481    -0.298032            6      0
   -4.188954    -2.630481    -0.298032            6      0
   -4.188954     1.307225    -1.053304            6      0
   -3.433682    -2.630481    -1.053304            6      0
   -4.188954    -2.630481    -1.053304            6      0
   -5.780171    -0.283992    -0.298032            6      0
   -5.780171    -1.039264    -0.298032            6      0
   -5.780171    -0.283992    -1.053304            6      0
   -5.780171    -1.039264    -1.053304            6      0
   -5.219777     0.746831    -0.235115            6      0
   -2.402859    -2.070087    -0.235115            6      0
   -5.219777    -2.070087    -0.235115            6      0
   -5.219777     0.746831    -1.116221            6      0
   -2.402859    -2.070087    -1.116221            6      0
   -5.219777    -2.070087    -1.116221            6      0
   -5.219777    -0.221075     0.732791            6      0
   -2.402859    -1.102181     0.732791            6      0
   -5.219777    -1.102181     0.732791            6      0
   -5.219777    -0.221075    -2.084127            6      0
   -2.402859    -1.102181    -2.084127            6      0
   -5.219777    -1.102181    -2.084127            6      0
   -3.370765     0.746831     0.732791            6      0
   -4.251870     0.746831     0.732791            6      0
   -3.370765    -2.070087     0.732791            6      0
   -4.251870    -2.070087     0.732791            6      0
   -4.251870     0.746831    -2.084127            6      0
   -3.370765    -2.070087    -2.084127            6      0
   -4.251870    -2.070087    -2.084127            6      0
   -3.004111     0.145579     1.015023            6      0
   -4.618524     0.145579     1.015023            6      0
   -3.004111    -1.468834     1.015023            6      0
   -4.618524    -1.468834     1.015023            6      0
   -4.618524     0.145579    -2.366359            6      0
   -3.004111    -1.468834    -2.366359            6      0
   -4.618524    -1.468834    -2.366359            6      0
   -4.618524     1.029063     0.131538            6      0
   -3.004111    -2.352319     0.131538            6      0
   -4.618524    -2.352319     0.131538            6      0
   -4.618524     1.029063    -1.482875            6      0
   -3.004111    -2.352319    -1.482875            6      0
   -4.618524    -2.352319    -1.482875            6      0
   -5.502008     0.145579     0.131538            6      0
   -5.502008    -1.468834     0.131538            6      0
   -5.502008     0.145579    -1.482875            6      0
   -2.120627    -1.468834    -1.482875            6      0
   -5.502008    -1.468834    -1.482875            6      0
   -4.787190     1.129816    -0.675668            6      0
   -2.835445    -2.453072    -0.675668            6      0
   -4.787190    -2.453072    -0.675668            6      0
   -5.602762     0.314245    -0.675668            6      0
   -5.602762    -1.637501    -0.675668            6      0
   -2.835445    -0.661628     1.115776            6      0
   -4.787190    -0.661628     1.115776            6      0
   -2.835445    -0.661628    -2.467112            6      0
   -4.787190    -0.661628    -2.467112            6      0
   -5.602762    -0.661628     0.300205            6      0
   -5.602762    -0.661628    -1.651541            6      0
   -3.811318     0.314245     1.115776            6      0
   -3.811318    -1.637501     1.115776            6      0
   -3.811318     0.314245    -2.467112            6      0
   -3.811318    -1.637501    -2.467112            6      0
   -3.811318     1.129816     0.300205            6      0
   -3.811318    -2.453072     0.300205            6      0
   -3.811318    -2.453072    -1.651541            6      0
   -2.496413    -1.909561    -0.851168            6      1
   -2.496413     0.130439     1.188832            6      1
   -2.496413     0.130439    -2.891168            6      1
   -1.318618     1.308234     0.326627            6      1
   -3.674208     1.308234     0.326627            6      1
   -1.318618     1.308234    -2.028962            6      1
   -1.318618    -1.047355    -2.028962            6      1
   -2.118777     0.508075     1.117686            6      1
   -2.874049     0.508075     1.117686            6      1
   -2.118777    -0.247197     1.117686            6      1
   -2.874049    -0.247197     1.117686            6      1
   -2.118777     0.508075    -2.820021            6      1
   -2.874049     0.508075    -2.820021            6      1
   -2.118777    -0.247197    -2.820021            6      1
   -2.874049    -0.247197    -2.820021            6      1
   -2.118777     2.099292    -0.473532            6      1
   -2.118777    -1.838414    -0.473532            6      1
   -2.118777    -1.838414    -1.228803            6      1
   -2.874049    -1.838414    -1.228803            6      1
   -1.087954     1.538898    -0.410615            6      1
   -3.904872     1.538898    -0.410615            6      1
   -1.087954     1.538898    -1.291720            6      1
   -3.904872     1.538898    -1.291720            6      1
   -1.087954     0.570992     0.557291            6      1
   -3.904872     0.570992     0.557291            6      1
   -1.087954     0.570992    -2.259626            6      1
   -3.904872     0.570992    -2.259626            6      1
   -1.087954    -0.310114    -2.259626            6      1
   -2.055860     1.538898     0.557291            6      1
   -2.936966     1.538898     0.557291            6      1
   -2.055860    -1.278020     0.557291            6      1
   -2.936966    -1.278020     0.557291            6      1
   -2.055860    -1.278020    -2.259626            6      1
   -2.936966    -1.278020    -2.259626            6      1
   -1.689206     0.937646     0.839523            6      1
   -3.303620     0.937646     0.839523            6      1
   -3.303620    -0.676767     0.839523            6      1
   -1.689206     0.937646    -2.541858            6      1
   -3.303620     0.937646    -2.541858            6      1
   -1.689206    -0.676767    -2.541858            6      1
   -3.303620    -0.676767    -2.541858            6      1
   -1.689206     1.821130    -0.043961            6      1
   -3.303620     1.821130    -0.043961            6      1
   -1.689206    -1.560252    -1.658374            6      1
   -0.805722     0.937646    -0.043961            6      1
   -4.187104     0.937646    -0.043961            6      1
   -0.805722     0.937646    -1.658374            6      1
   -4.187104     0.937646    -1.658374            6      1
   -0.805722    -0.676767    -1.658374            6      1
   -1.520540     1.921883    -0.851168            6      1
   -0.704969     1.106312    -0.851168            6      1
   -4.287857     1.106312    -0.851168            6      1
   -1.520540     0.130439     0.940277            6      1
   -3.472286     0.130439     0.940277            6      1
   -1.520540     0.130439    -2.642612            6      1
   -3.472286     0.130439    -2.642612            6      1
   -0.704969     0.130439    -1.827040            6      1
   -2.496413     1.106312     0.940277            6      1
   -2.496413    -0.845434     0.940277            6      1
   -2.496413    -0.845434    -2.642612            6      1
   -2.496413     1.921883     0.124705            6      1
   -2.496413    -1.661005     0.124705            6      1
   -2.496413    -1.661005    -1.827040            6      1
    0.447071    -0.472893    -0.364267            7      2
   -1.412929    -2.332893    -0.364267            7      2
   -1.412929    -0.472893     1.495733            7      2
   -1.412929    -0.472893    -2.224267            7      2
   -0.339057     0.600979     0.709604            7      2
   -2.486800     0.600979     0.709604            7      2
   -0.339057    -1.546764     0.709604            7      2
   -2.486800    -1.546764     0.709604            7      2
   -0.339057     0.600979    -1.438139            7      2
   -0.339057    -1.546764    -1.438139            7      2
   -2.486800    -1.546764    -1.438139            7      2
   -1.068614    -0.128578     1.430863            7      2
   -1.757244    -0.128578     1.430863            7      2
   -1.068614    -0.817208     1.430863            7      2
   -1.757244    -0.817208     1.430863            7      2
   -1.068614    -0.128578    -2.159398            7      2
   -1.068614    -0.817208    -2.159398            7      2
   -1.757244    -0.817208    -2.159398            7      2
   -1.068614     1.322238    -0.019952            7      2
   -1.068614    -2.268024    -0.019952            7      2
   -1.757244    -2.268024    -0.019952            7      2
   -1.068614     1.322238    -0.708582            7      2
   -1.068614    -2.268024    -0.708582            7      2
   -1.757244    -2.268024    -0.708582            7      2
    0.382202    -0.128578    -0.019952            7      2
    0.382202    -0.817208    -0.019952            7      2
    0.382202    -0.128578    -0.708582            7      2
    0.382202    -0.817208    -0.708582            7      2
   -0.128746     0.811290     0.037413            7      2
   -0.128746    -1.757076     0.037413            7      2
   -0.128746     0.811290    -0.765948            7      2
   -0.128746    -1.757076    -0.765948            7      2
   -0.128746    -0.071212     0.919916            7      2
   -2.697112    -0.071212     0.919916            7      2
   -0.128746    -0.874573     0.919916            7      2
   -2.697112    -0.874573     0.919916            7      2
   -0.128746    -0.071212    -1.648450            7      2
   -0.128746    -0.874573    -1.648450            7      2
   -1.011248     0.811290     0.919916            7      2
   -1.814609     0.811290     0.919916            7      2
   -1.011248    -1.757076     0.919916            7      2
   -1.814609    -1.757076     0.919916            7      2
   -1.011248     0.811290    -1.648450            7      2
   -1.011248    -1.757076    -1.648450            7      2
   -1.814609    -1.757076    -1.648450            7      2
   -0.676946     0.263090     1.177245            7      2
   -2.148911     0.263090     1.177245            7      2
   -0.676946    -1.208875     1.177245            7      2
   -2.148911    -1.208875     1.177245            7      2
   -0.676946     0.263090    -1.905779            7      2
   -0.676946    -1.208875    -1.905779            7      2
   -2.148911    -1.208875    -1.905779            7      2
   -0.676946     1.068619     0.371715            7      2
   -2.148911     1.068619     0.371715            7      2
   -0.676946    -2.014405     0.371715            7      2
   -2.148911    -2.014405     0.371715            7      2
   -0.676946     1.068619    -1.100250            7      2
   -0.676946    -2.014405    -1.100250            7      2
   -2.148911    -2.014405    -1.100250            7      2
    0.128583     0.263090     0.371715            7      2
    0.128583    -1.208875     0.371715            7      2
    0.128583     0.263090    -1.100250            7      2
    0.128583    -1.208875    -1.100250            7      2
   -0.523162     1.160483    -0.364267            7      2
   -0.523162    -2.106268    -0.364267            7      2
   -2.302695    -2.106268    -0.364267            7      2
    0.220447     0.416874    -0.364267            7      2
    0.220447    -1.362659    -0.364267            7      2
   -0.523162    -0.472893     1.269108            7      2
   -2.302695    -0.472893     1.269108            7      2
   -0.523162    -0.472893    -1.997643            7      2
    0.220447    -0.472893     0.525499            7      2
    0.220447    -0.472893    -1.254034            7      2
   -1.412929     0.416874     1.269108            7      2
   -1.412929    -1.362659     1.269108            7      2
   -1.412929    -1.362659    -1.997643            7      2
   -1.412929     1.160483     0.525499            7      2
   -1.412929    -2.106268     0.525499            7      2
   -1.412929    -2.106268    -1.254034            7      2
   -0.762384     1.260475    -1.435856            8      3
   -4.410384     1.260475    -1.435856            8      3
   -2.586384     3.084475    -1.435856            8      3
   -2.586384     1.260475    -3.259856            8      3
   -1.533297     2.313562    -0.382769            8      3
   -3.639471     2.313562    -0.382769            8      3
   -1.533297     2.313562    -2.488943            8      3
   -3.639471     2.313562    -2.488943            8      3
   -1.533297     0.207388    -2.488943            8      3
   -3.639471     0.207388    -2.488943            8      3
   -2.248733     1.598126     0.324530            8      3
   -2.924035     1.598126     0.324530            8      3
   -2.248733     1.598126    -3.196242            8      3
   -2.924035     1.598126    -3.196242            8      3
   -2.248733     0.922824    -3.196242            8      3
   -2.924035     0.922824    -3.196242            8      3
   -2.248733     3.020862    -1.098205            8      3
   -2.924035     3.020862    -1.098205            8      3
   -2.248733     3.020862    -1.773507            8      3
   -2.924035     3.020862    -1.773507            8      3
   -0.825998     1.598126    -1.098205            8      3
   -4.346770     1.598126    -1.098205            8      3
   -4.346770     0.922824    -1.098205            8      3
   -0.825998     1.598126    -1.773507            8      3
   -4.346770     1.598126    -1.773507            8      3
   -0.825998     0.922824    -1.773507            8      3
   -4.346770     0.922824    -1.773507            8      3
   -1.327056     2.519803    -1.041950            8      3
   -3.845712     2.519803    -1.041950            8      3
   -1.327056     2.519803    -1.829762            8      3
   -3.845712     2.519803    -1.829762            8      3
   -1.327056     1.654381    -0.176528            8      3
   -3.845712     1.654381    -0.176528            8      3
   -1.327056     1.654381    -2.695184            8      3
   -3.845712     1.654381    -2.695184            8      3
   -1.327056     0.866569    -2.695184            8      3
   -3.845712     0.866569    -2.695184            8      3
   -2.192478     2.519803    -0.176528            8      3
   -2.980290     2.519803    -0.176528            8      3
   -2.192478     2.519803    -2.695184            8      3
   -2.980290     2.519803    -2.695184            8      3
   -2.192478     0.001147    -2.695184            8      3
   -2.980290     0.001147    -2.695184            8      3
   -1.864647     1.982213     0.075821            8      3
   -3.308122     1.982213     0.075821            8      3
   -1.864647     1.982213    -2.947532            8      3
   -3.308122     1.982213    -2.947532            8      3
   -1.864647     0.538738    -2.947532            8      3
   -3.308122     0.538738    -2.947532            8      3
   -1.864647     2.772152    -0.714118            8      3
   -3.308122     2.772152    -0.714118            8      3
   -1.864647     2.772152    -2.157593            8      3
   -3.308122     2.772152    -2.157593            8      3
   -1.074708     1.982213    -0.714118            8      3
   -4.098061     1.982213    -0.714118            8      3
   -1.074708     1.982213    -2.157593            8      3
   -4.098061     1.982213    -2.157593            8      3
   -1.074708     0.538738    -2.157593            8      3
   -4.098061     0.538738    -2.157593            8      3
   -1.713839     2.862237    -1.435856            8      3
   -3.458929     2.862237    -1.435856            8      3
   -0.984622     2.133020    -1.435856            8      3
   -4.188146     2.133020    -1.435856            8      3
   -1.713839     1.260475     0.165906            8      3
   -3.458929     1.260475     0.165906            8      3
   -1.713839     1.260475    -3.037618            8      3
   -3.458929     1.260475    -3.037618            8      3
   -0.984622     1.260475    -0.563311            8      3
   -4.188146     1.260475    -0.563311            8      3
   -0.984622     1.260475    -2.308401            8      3
   -4.188146     1.260475    -2.308401            8      3
   -2.586384     2.133020     0.165906            8      3
   -2.586384     2.133020    -3.037618            8      3
   -2.586384     0.387930    -3.037618            8      3
   -2.586384     2.862237    -0.563311            8      3
   -2.586384     2.862237    -2.308401            8      3
   -5.871342    -0.045494    -0.120897            1      4
   -4.551342     1.274506    -0.120897            1      4
   -4.551342    -0.045494     1.199103            1      4
   -3.789239     0.716608     0.641205            1      4
   -5.313444     0.716608     0.641205            1      4
   -5.313444    -0.807597     0.641205            1      4
   -5.313444     0.716608    -0.883000            1      4
   -4.306989     0.198858     1.153067            1      4
   -4.795694     0.198858     1.153067            1      4
   -4.306989    -0.289847     1.153067            1      4
   -4.795694    -0.289847     1.153067            1      4
   -4.306989     1.228469     0.123455            1      4
   -4.795694     1.228469     0.123455            1      4
   -4.306989     1.228469    -0.365250            1      4
   -4.795694     1.228469    -0.365250            1      4
   -5.825305     0.198858     0.123455            1      4
   -5.825305    -0.289847     0.123455            1      4
   -5.825305     0.198858    -0.365250            1      4
   -5.825305    -0.289847    -0.365250            1      4
   -5.462697     0.865861     0.164166            1      4
   -5.462697    -0.956850     0.164166            1      4
   -5.462697     0.865861    -0.405961            1      4
   -5.462697    -0.956850    -0.405961            1      4
   -3.639986     0.239569     0.790459            1      4
   -5.462697     0.239569     0.790459            1      4
   -5.462697    -0.330558     0.790459            1      4
   -5.462697     0.239569    -1.032253            1      4
   -5.462697    -0.330558    -1.032253            1      4
   -4.266278     0.865861     0.790459            1      4
   -4.836405     0.865861     0.790459            1      4
   -4.836405    -0.956850     0.790459            1      4
   -4.836405     0.865861    -1.032253            1      4
   -4.029031     0.476816     0.973079            1      4
   -5.073652     0.476816     0.973079            1      4
   -5.073652    -0.567804     0.973079            1      4
   -5.073652     0.476816    -1.214874            1      4
   -4.029031     1.048482     0.401413            1      4
   -5.073652     1.048482     0.401413            1      4
   -5.073652    -1.139471     0.401413            1      4
   -5.073652     1.048482    -0.643207            1      4
   -5.645318     0.476816     0.401413            1      4
   -5.645318    -0.567804     0.401413            1      4
   -5.645318     0.476816    -0.643207            1      4
   -5.645318    -0.567804    -0.643207            1      4
   -3.919894     1.113675    -0.120897            1      4
   -5.182789     1.113675    -0.120897            1      4
   -5.710511     0.585953    -0.120897            1      4
   -5.710511    -0.676941    -0.120897            1      4
   -3.919894    -0.045494     1.038273            1      4
   -5.182789    -0.045494     1.038273            1      4
   -5.710511    -0.045494     0.510550            1      4
   -5.710511    -0.045494    -0.752344            1      4
   -4.551342     0.585953     1.038273            1      4
   -4.551342    -0.676941     1.038273            1      4
   -4.551342     1.113675     0.510550            1      4
   -4.551342     1.113675    -0.752344            1      4
   -5.583766    -0.866902    -1.669948            1      5
   -4.263766    -2.186902    -1.669948            1      5
   -4.263766    -0.866902    -2.989948            1      5
   -3.501664    -0.104799    -2.432050            1      5
   -5.025869    -0.104799    -2.432050            1      5
   -3.501664    -1.629004    -2.432050            1      5
   -5.025869    -1.629004    -2.432050            1      5
   -4.019414    -0.622549    -2.943911            1      5
   -4.508119    -0.622549    -2.943911            1      5
   -4.019414    -1.111254    -2.943911            1      5
   -4.508119    -1.111254    -2.943911            1      5
   -4.508119    -2.140865    -1.425595            1      5
   -4.508119     0.407062    -1.914300            1      5
   -4.019414    -2.140865    -1.914300            1      5
   -4.508119    -2.140865    -1.914300            1      5
   -5.537730    -0.622549    -1.425595            1      5
   -5.537730    -1.111254    -1.425595            1      5
   -5.537730    -0.622549    -1.914300            1      5
   -5.537730    -1.111254    -1.914300            1      5
   -5.175122     0.044454    -1.384884            1      5
   -5.175122    -1.778258    -1.384884            1      5
   -5.175122     0.044454    -1.955011            1      5
   -3.352410    -1.778258    -1.955011            1      5
   -5.175122    -1.778258    -1.955011            1      5
   -3.352410    -0.581838    -2.581303            1      5
   -5.175122    -0.581838    -2.581303            1      5
   -3.352410    -1.151965    -2.581303            1      5
   -5.175122    -1.151965    -2.581303            1      5
   -3.978703     0.044454    -2.581303            1      5
   -4.548830     0.044454    -2.581303            1      5
   -3.978703    -1.778258    -2.581303            1      5
   -4.548830    -1.778258    -2.581303            1      5
   -3.741456    -0.344592    -2.763924            1      5
   -4.786076    -0.344592    -2.763924            1      5
   -3.741456    -1.389212    -2.763924            1      5
   -4.786076    -1.389212    -2.763924            1      5
   -4.786076     0.227075    -2.192258            1      5
   -3.741456    -1.960878    -2.192258            1      5
   -4.786076    -1.960878    -2.192258            1      5
   -5.357743    -1.389212    -1.147637            1      5
   -5.357743    -0.344592    -2.192258            1      5
   -3.169790    -1.389212    -2.192258            1      5
   -5.357743    -1.389212    -2.192258            1      5
   -4.895213     0.292268    -1.669948            1      5
   -3.632319    -2.026071    -1.669948            1      5
   -4.895213    -2.026071    -1.669948            1      5
   -5.422936    -0.235455    -1.669948            1      5
   -5.422936    -1.498349    -1.669948            1      5
   -3.632319    -0.866902    -2.829117            1      5
   -4.895213    -0.866902    -2.829117            1      5
   -3.104596    -0.866902    -2.301395            1      5
   -5.422936    -0.866902    -2.301395            1      5
   -4.263766    -0.235455    -2.829117            1      5
   -4.263766    -1.498349    -2.829117            1      5
   -4.263766     0.292268    -2.301395            1      5
   -4.263766    -2.026071    -2.301395            1      5
   -3.666692    -2.941259    -0.140914            1      6
   -3.666692    -1.621259     1.179086            1      6
   -2.904589    -2.383362     0.621188            1      6
   -4.428794    -2.383362     0.621188            1      6
   -2.904589    -2.383362    -0.903016            1      6
   -4.428794    -2.383362    -0.903016            1      6
   -3.422339    -1.376907     1.133050            1      6
   -3.911044    -1.376907     1.133050            1      6
   -3.422339    -1.865612     1.133050            1      6
   -3.911044    -1.865612     1.133050            1      6
   -3.422339    -2.895223     0.103439            1      6
   -3.911044    -2.895223     0.103439            1      6
   -3.422339    -2.895223    -0.385267            1      6
   -3.911044    -2.895223    -0.385267            1      6
   -2.392728    -1.865612     0.103439            1      6
   -4.940656    -1.865612     0.103439            1      6
   -2.392728    -1.865612    -0.385267            1      6
   -2.755336    -2.532615     0.144150            1      6
   -4.578048    -2.532615     0.144150            1      6
   -2.755336    -2.532615    -0.425978            1      6
   -4.578048    -2.532615    -0.425978            1      6
   -2.755336    -1.336196     0.770442            1      6
   -4.578048    -1.336196     0.770442            1      6
   -2.755336    -1.906323     0.770442            1      6
   -4.578048    -1.906323     0.770442            1      6
   -3.381628    -2.532615     0.770442            1      6
   -3.951755    -2.532615     0.770442            1      6
   -3.381628    -2.532615    -1.052270            1      6
   -3.951755    -2.532615    -1.052270            1      6
   -3.144382    -1.098949     0.953062            1      6
   -4.189002    -1.098949     0.953062            1      6
   -3.144382    -2.143569     0.953062            1      6
   -4.189002    -2.143569     0.953062            1      6
   -3.144382    -2.143569    -1.234890            1      6
   -3.144382    -2.715236     0.381396            1      6
   -4.189002    -2.715236     0.381396            1      6
   -3.144382    -2.715236    -0.663224            1      6
   -4.189002    -2.715236    -0.663224            1      6
   -2.572715    -2.143569     0.381396            1      6
   -4.760668    -2.143569     0.381396            1      6
   -2.572715    -2.143569    -0.663224            1      6
   -4.760668    -2.143569    -0.663224            1      6
   -3.035245    -2.780429    -0.140914            1      6
   -4.298139    -2.780429    -0.140914            1      6
   -2.507522    -2.252706    -0.140914            1      6
   -4.825862    -2.252706    -0.140914            1      6
   -3.035245    -1.621259     1.018256            1      6
   -4.298139    -1.621259     1.018256            1      6
   -2.507522    -1.621259     0.490533            1      6
   -4.825862    -1.621259     0.490533            1      6
   -3.666692    -0.989812     1.018256            1      6
   -3.666692    -2.252706     1.018256            1      6
   -3.666692    -2.252706    -1.300084            1      6
   -3.666692    -2.780429     0.490533            1      6
   -3.666692    -2.780429    -0.772361            1      6
    0.687593     0.186735    -0.566180            1      7
   -0.632407     1.506735    -0.566180            1      7
   -0.632407     0.186735    -1.886180            1      7
    0.129695     0.948838     0.195922            1      7
    0.129695    -0.575367     0.195922            1      7
    0.129695     0.948838    -1.328283            1      7
    0.129695    -0.575367    -1.328283            1      7
   -0.388054     0.431088     0.707783            1      7
   -0.388054     0.431088    -1.840144            1      7
   -0.876760     0.431088    -1.840144            1      7
   -0.388054    -0.057617    -1.840144            1      7
   -0.876760    -0.057617    -1.840144            1      7
   -0.388054     1.460699    -0.321828            1      7
   -0.876760     1.460699    -0.321828            1      7
   -0.388054     1.460699    -0.810533            1      7
   -0.876760     1.460699    -0.810533            1      7
    0.641557     0.431088    -0.321828            1      7
    0.641557    -0.057617    -0.321828            1      7
    0.641557     0.431088    -0.810533            1      7
    0.641557    -0.057617    -0.810533            1      7
    0.278949     1.098091    -0.281117            1      7
    0.278949    -0.724620    -0.281117            1      7
    0.278949     1.098091    -0.851244            1      7
    0.278949    -0.724620    -0.851244            1      7
    0.278949     0.471799     0.345175            1      7
    0.278949    -0.098328     0.345175            1      7
    0.278949     0.471799    -1.477536            1      7
    0.278949    -0.098328    -1.477536            1      7
   -0.347343     1.098091     0.345175            1      7
   -0.917471     1.098091     0.345175            1      7
   -0.347343     1.098091    -1.477536            1      7
   -0.917471     1.098091    -1.477536            1      7
   -0.347343    -0.724620    -1.477536            1      7
   -0.110097     0.709046     0.527796            1      7
   -0.110097    -0.335575     0.527796            1      7
   -0.110097     0.709046    -1.660157            1      7
   -0.110097    -0.335575    -1.660157            1      7
   -0.110097     1.280712    -0.043870            1      7
   -1.154717     1.280712    -0.043870            1      7
   -0.110097     1.280712    -1.088490            1      7
   -0.110097    -0.907241    -1.088490            1      7
    0.461569     0.709046    -0.043870            1      7
    0.461569    -0.335575    -0.043870            1      7
    0.461569     0.709046    -1.088490            1      7
    0.461569    -0.335575    -1.088490            1      7
   -0.000960     1.345905    -0.566180            1      7
    0.526763     0.818183    -0.566180            1      7
    0.526763    -0.444712    -0.566180            1      7
   -0.000960     0.186735     0.592989            1      7
   -0.000960     0.186735    -1.725350            1      7
    0.526763     0.186735     0.065267            1      7
    0.526763     0.186735    -1.197627            1      7
   -0.632407     0.818183     0.592989            1      7
   -0.632407     0.818183    -1.725350            1      7
   -0.632407    -0.444712    -1.725350            1      7
   -0.632407     1.345905     0.065267            1      7
   -0.632407     1.345905    -1.197627            1      7
