$hessian                                                                        
        0.4341494487   0.0397307897   0.0097390250  -0.0826989982  -0.0436001529
       -0.0133427935  -0.1297793229   0.0722652659   0.0397664934  -0.0687179980
       -0.0607610232   0.0397901284  -0.0907359767  -0.0238849353  -0.0877670920
       -0.0465764835   0.0306096250   0.0180721832  -0.0051364712  -0.0067788787
        0.0002497482  -0.0105041982  -0.0075806905  -0.0065076927
        0.0397307897   0.3762964123  -0.0043428324  -0.0310810806  -0.0521526664
       -0.0008022393   0.0453477685  -0.0877603979  -0.0238236404  -0.0331075225
       -0.1568759693   0.0715343677  -0.0192679199  -0.0550731270  -0.0401733811
        0.0258783111  -0.0018267426  -0.0037340493  -0.0216417314  -0.0190372674
        0.0038189105  -0.0058586149  -0.0035702418  -0.0024771357
        0.0097390250  -0.0043428324   0.3731860168  -0.0081261767   0.0005982048
       -0.0402922524   0.0286646608  -0.0269503024  -0.0569350601   0.0196438057
        0.0689765061  -0.0877158295  -0.0543467155  -0.0338519265  -0.1675785703
        0.0161564536  -0.0042715346  -0.0037345649   0.0146264727   0.0132912748
       -0.0034312276  -0.0263575255  -0.0134493899  -0.0134985120
       -0.0826989982  -0.0310810806  -0.0081261767   0.3288502906  -0.0299034398
       -0.0064393213  -0.0086600325  -0.0058545469  -0.0012622592  -0.0014065634
        0.0068496504  -0.0047691993  -0.0054143302  -0.0008596855   0.0054062300
       -0.1461636115   0.0876253340   0.0456870950  -0.0380489043  -0.0179402659
        0.0095096521  -0.0464578504  -0.0088359658  -0.0400060206
       -0.0436001529  -0.0521526664   0.0005982048  -0.0299034398   0.3890102447
        0.0070716748   0.0307043427  -0.0049240760  -0.0061619721  -0.0249613582
       -0.0197079131   0.0093656933  -0.0081940006  -0.0011955393  -0.0049424178
        0.0950041657  -0.1646721051  -0.0518108868  -0.0110167909  -0.1062227075
        0.0530342691  -0.0080327661  -0.0401352373  -0.0071545652
       -0.0133427935  -0.0008022393  -0.0402922524  -0.0064393213   0.0070716748
        0.3840773894   0.0138549294  -0.0019860531  -0.0008150498   0.0154256373
        0.0122525933  -0.0030440936  -0.0308873008  -0.0124012048  -0.0176201225
        0.0487018143  -0.0509327832  -0.0933088311   0.0017451985   0.0608884595
       -0.0857166846  -0.0290581639  -0.0140904472  -0.1432803555
       -0.1297793229   0.0453477685   0.0286646608  -0.0086600325   0.0307043427
        0.0138549294   0.1371599073  -0.1031748565  -0.0513882449   0.0066788717
        0.0243350384  -0.0097505668   0.0137344565   0.0049837561   0.0169993719
       -0.0216172953  -0.0000387728   0.0026479539   0.0014088189  -0.0016515323
        0.0006789100   0.0010745963  -0.0005057440  -0.0017070143
        0.0722652659  -0.0877603979  -0.0269503024  -0.0058545469  -0.0049240760
       -0.0019860531  -0.1031748565   0.1770304800   0.0603924970   0.0258472252
       -0.0682792424   0.0081584156   0.0057446021  -0.0193491794  -0.0393815296
        0.0055367112   0.0005192586  -0.0008931142  -0.0003127979   0.0021785768
       -0.0008321819  -0.0000516032   0.0005845804   0.0014922686
        0.0397664934  -0.0238236404  -0.0569350601  -0.0012622592  -0.0061619721
       -0.0008150498  -0.0513882449   0.0603924970   0.0900055079  -0.0103207015
        0.0087855785   0.0108660293   0.0185441623  -0.0397564143  -0.0453581048
        0.0049271247  -0.0002586821   0.0005281071  -0.0002952156   0.0000758776
       -0.0000529596   0.0000286408   0.0007467558   0.0017615300
       -0.0687179980  -0.0331075225   0.0196438057  -0.0014065634  -0.0249613582
        0.0154256373   0.0066788717   0.0258472252  -0.0103207015   0.0579404647
        0.0266620268  -0.0200243422   0.0093269624   0.0089371322  -0.0053472127
        0.0028383716   0.0017866121  -0.0007437424  -0.0079566934  -0.0055670729
        0.0007987321   0.0012965844   0.0004029573   0.0005678238
       -0.0607610232  -0.1568759693   0.0689765061   0.0068496504  -0.0197079131
        0.0122525933   0.0243350384  -0.0682792424   0.0087855785   0.0266620268
        0.2396512953  -0.1224628228   0.0096293481   0.0027451125   0.0319051760
       -0.0003243529   0.0069992446   0.0002871340  -0.0072671459  -0.0046996406
        0.0005307458   0.0008764582   0.0001671131  -0.0002749111
        0.0397901284   0.0715343677  -0.0877158295  -0.0047691993   0.0093656933
       -0.0030440936  -0.0097505668   0.0081584156   0.0108660293  -0.0200243422
       -0.1224628228   0.1421376245  -0.0074210284   0.0335187774  -0.0650708018
       -0.0006645106  -0.0023779409   0.0008586426   0.0028357006   0.0019865605
        0.0007206777   0.0000038183   0.0002769492   0.0012477510
       -0.0907359767  -0.0192679199  -0.0543467155  -0.0054143302  -0.0081940006
       -0.0308873008   0.0137344565   0.0057446021   0.0185441623   0.0093269624
        0.0096293481  -0.0074210284   0.0779120014   0.0146533529   0.0754681372
        0.0032420767   0.0015457664   0.0019173538   0.0012865162   0.0005320694
       -0.0002003195  -0.0093517063  -0.0046432185  -0.0030742891
       -0.0238849353  -0.0550731270  -0.0338519265  -0.0008596855  -0.0011955393
       -0.0124012048   0.0049837561  -0.0193491794  -0.0397564143   0.0089371322
        0.0027451125   0.0335187774   0.0146533529   0.0705198841   0.0525009058
       -0.0003070667   0.0029269352   0.0019913115   0.0006023591   0.0007917250
       -0.0004146937  -0.0041249128  -0.0013658110  -0.0015867553
       -0.0877670920  -0.0401733811  -0.1675785703   0.0054062300  -0.0049424178
       -0.0176201225   0.0169993719  -0.0393815296  -0.0453581048  -0.0053472127
        0.0319051760  -0.0650708018   0.0754681372   0.0525009058   0.2917726276
        0.0002317718   0.0041657189   0.0044641901   0.0005694185  -0.0009062407
        0.0006179397  -0.0055606247  -0.0031682315  -0.0012271580
       -0.0465764835   0.0258783111   0.0161564536  -0.1461636115   0.0950041657
        0.0487018143  -0.0216172953   0.0055367112   0.0049271247   0.0028383716
       -0.0003243529  -0.0006645106   0.0032420767  -0.0003070667   0.0002317718
        0.2145292007  -0.1714438936  -0.0902890845  -0.0072350885   0.0325790175
       -0.0061784651   0.0009828299   0.0130771076   0.0271148957
        0.0306096250  -0.0018267426  -0.0042715346   0.0876253340  -0.1646721051
       -0.0509327832  -0.0000387728   0.0005192586  -0.0002586821   0.0017866121
        0.0069992446  -0.0023779409   0.0015457664   0.0029269352   0.0041657189
       -0.1714438936   0.2257113513   0.0929161376   0.0345550852  -0.0512800197
       -0.0043489743   0.0153602436  -0.0183779222  -0.0348919414
        0.0180721832  -0.0037340493  -0.0037345649   0.0456870950  -0.0518108868
       -0.0933088311   0.0026479539  -0.0008931142   0.0005281071  -0.0007437424
        0.0002871340   0.0008586426   0.0019173538   0.0019913115   0.0044641901
       -0.0902890845   0.0929161376   0.0990986697  -0.0051286170  -0.0035668634
        0.0166365458   0.0278368580  -0.0351896693  -0.0245427592
       -0.0051364712  -0.0216417314   0.0146264727  -0.0380489043  -0.0110167909
        0.0017451985   0.0014088189  -0.0003127979  -0.0002952156  -0.0079566934
       -0.0072671459   0.0028357006   0.0012865162   0.0006023591   0.0005694185
       -0.0072350885   0.0345550852  -0.0051286170   0.0539271490  -0.0003917365
       -0.0060651010   0.0017546733   0.0054727582  -0.0082878566
       -0.0067788787  -0.0190372674   0.0132912748  -0.0179402659  -0.1062227075
        0.0608884595  -0.0016515323   0.0021785768   0.0000758776  -0.0055670729
       -0.0046996406   0.0019865605   0.0005320694   0.0007917250  -0.0009062407
        0.0325790175  -0.0512800197  -0.0035668634  -0.0003917365   0.1768083663
       -0.0774951004  -0.0007816005   0.0014609672   0.0057260322
        0.0002497482   0.0038189105  -0.0034312276   0.0095096521   0.0530342691
       -0.0857166846   0.0006789100  -0.0008321819  -0.0000529596   0.0007987321
        0.0005307458   0.0007206777  -0.0002003195  -0.0004146937   0.0006179397
       -0.0061784651  -0.0043489743   0.0166365458  -0.0060651010  -0.0774951004
        0.1013241182   0.0012068432   0.0257070249  -0.0300984094
       -0.0105041982  -0.0058586149  -0.0263575255  -0.0464578504  -0.0080327661
       -0.0290581639   0.0010745963  -0.0000516032   0.0000286408   0.0012965844
        0.0008764582   0.0000038183  -0.0093517063  -0.0041249128  -0.0055606247
        0.0009828299   0.0153602436   0.0278368580   0.0017546733  -0.0007816005
        0.0012068432   0.0612050709   0.0026127957   0.0319001538
       -0.0075806905  -0.0035702418  -0.0134493899  -0.0088359658  -0.0401352373
       -0.0140904472  -0.0005057440   0.0005845804   0.0007467558   0.0004029573
        0.0001671131   0.0002769492  -0.0046432185  -0.0013658110  -0.0031682315
        0.0130771076  -0.0183779222  -0.0351896693   0.0054727582   0.0014609672
        0.0257070249   0.0026127957   0.0612365515   0.0391670079
       -0.0065076927  -0.0024771357  -0.0134985120  -0.0400060206  -0.0071545652
       -0.1432803555  -0.0017070143   0.0014922686   0.0017615300   0.0005678238
       -0.0002749111   0.0012477510  -0.0030742891  -0.0015867553  -0.0012271580
        0.0271148957  -0.0348919414  -0.0245427592  -0.0082878566   0.0057260322
       -0.0300984094   0.0319001538   0.0391670079   0.2096379132
