$hessian                                                                        
        0.0784362967   0.2425037121  -0.1245363539  -0.0717980543  -0.1184999993
        0.0311027196   0.0160737191  -0.0724789011  -0.0004400517  -0.0227119615
       -0.0515248117   0.0938736861
        0.2425037121  -0.0923779993   0.1758166777  -0.1185450691   0.0162087666
       -0.0350038904  -0.0724933323   0.0145860754  -0.1016851119  -0.0514653107
        0.0615831574  -0.0391276754
       -0.1245363539   0.1758166777   0.1597202312   0.0310949025  -0.0350379648
        0.0070403286  -0.0004628738  -0.1016991705  -0.0793035903   0.0939043251
       -0.0390795425  -0.0874569695
       -0.0717980543  -0.1185450691   0.0310949025   0.1287084833   0.1097183856
       -0.0181090008  -0.0229035659   0.0006980465  -0.0213878003  -0.0340068632
        0.0081286369   0.0084018986
       -0.1184999993   0.0162087666  -0.0350379648   0.1097183856   0.0455844902
        0.0141625586   0.0021637245  -0.0375856285   0.0004782575   0.0066178892
       -0.0242076283   0.0203971486
        0.0311027196  -0.0350038904   0.0070403286  -0.0181090008   0.0141625586
        0.0131902046  -0.0185075547   0.0025071501  -0.0089664645   0.0055138360
        0.0183341817  -0.0112640687
        0.0160737191  -0.0724933323  -0.0004628738  -0.0229035659   0.0021637245
       -0.0185075547   0.0157671043   0.0505720409   0.0224648603  -0.0089372575
        0.0197575669  -0.0034944318
       -0.0724789011   0.0145860754  -0.1016991705   0.0006980465  -0.0375856285
        0.0025071501   0.0505720409   0.0476729312   0.0998185337   0.0212088136
       -0.0246733781  -0.0006265133
       -0.0004400517  -0.1016851119  -0.0793035903  -0.0213878003   0.0004782575
       -0.0089664645   0.0224648603   0.0998185337   0.1240834843  -0.0006370083
        0.0013883207  -0.0358134296
       -0.0227119615  -0.0514653107   0.0939043251  -0.0340068632   0.0066178892
        0.0055138360  -0.0089372575   0.0212088136  -0.0006370083   0.0656560822
        0.0236386079  -0.0987811528
       -0.0515248117   0.0615831574  -0.0390795425   0.0081286369  -0.0242076283
        0.0183341817   0.0197575669  -0.0246733781   0.0013883207   0.0236386079
       -0.0127021510   0.0193570401
        0.0938736861  -0.0391276754  -0.0874569695   0.0084018986   0.0203971486
       -0.0112640687  -0.0034944318  -0.0006265133  -0.0358134296  -0.0987811528
        0.0193570401   0.1345344678
