$hessian                                                                        
        0.4465366819  -0.0309198827  -0.0093167686  -0.1499823519   0.1044565937
       -0.0105649166  -0.0629143558  -0.0436818674  -0.0147544740  -0.1805104488
       -0.0395083271   0.0867641571  -0.0481528756   0.0136176367  -0.0386784277
       -0.0049766498  -0.0039641532  -0.0134495702
       -0.0309198827   0.4113675577  -0.0633639649   0.1022705929  -0.1335827540
        0.0153348011  -0.0476474534  -0.1854827344  -0.0286560684  -0.0367576885
       -0.0502893064   0.0288279276   0.0124755548  -0.0560824066   0.0600580895
        0.0005788768   0.0140696438  -0.0122007849
       -0.0093167686  -0.0633639649   0.4892693898  -0.0121772635   0.0142114336
       -0.0446845514  -0.0107802848  -0.0146147042  -0.0700008912   0.0879075752
        0.0282740378  -0.0972699619  -0.0375247405   0.0640832148  -0.2415524327
       -0.0181085177  -0.0285900171  -0.0357615525
       -0.1499823519   0.1022705929  -0.0121772635   0.1697616461  -0.1216650143
        0.0103364607   0.0128433929  -0.0051852476   0.0018306725  -0.0273515117
        0.0192613481   0.0003447103  -0.0058805043   0.0053428357  -0.0016633407
        0.0006093288  -0.0000245149   0.0013287607
        0.1044565937  -0.1335827540   0.0142114336  -0.1216650143   0.1814825037
       -0.0094505334   0.0113002716  -0.0491269603  -0.0065559296  -0.0014167540
        0.0042678556  -0.0000793622   0.0084771335  -0.0068421131   0.0033324895
       -0.0011522305   0.0038014682  -0.0014580980
       -0.0105649166   0.0153348011  -0.0446845514   0.0103364607  -0.0094505334
        0.0461061942   0.0055207047  -0.0186372810   0.0002226980   0.0149267917
       -0.0099761926   0.0005245048  -0.0217741608   0.0213653811  -0.0044416721
        0.0015551202   0.0013638248   0.0022728266
       -0.0629143558  -0.0476474534  -0.0107802848   0.0128433929   0.0113002716
        0.0055207047   0.0903935909   0.0729094726   0.0912342932  -0.0157409674
       -0.0341117749  -0.0117519841  -0.0037302269  -0.0068846858  -0.0076810203
       -0.0208514337   0.0044341699  -0.0665417087
       -0.0436818674  -0.1854827344  -0.0146147042  -0.0051852476  -0.0491269603
       -0.0186372810   0.0729094726   0.3076194969  -0.0072715643  -0.0252071194
       -0.0281437486  -0.0058830681   0.0004678677   0.0040920856  -0.0022295733
        0.0006968942  -0.0489581392   0.0486361910
       -0.0147544740  -0.0286560684  -0.0700008912   0.0018306725  -0.0065559296
        0.0002226980   0.0912342932  -0.0072715643   0.3781891637  -0.0003790023
        0.0089856475   0.0078800185  -0.0151954765  -0.0285597535  -0.0249054270
       -0.0627360129   0.0620576683  -0.2913855620
       -0.1805104488  -0.0367576885   0.0879075752  -0.0273515117  -0.0014167540
        0.0149267917  -0.0157409674  -0.0252071194  -0.0003790023   0.2191204624
        0.0597234748  -0.1006823565   0.0033154069   0.0015033676  -0.0007811118
        0.0011670587   0.0021547195  -0.0009918962
       -0.0395083271  -0.0502893064   0.0282740378   0.0192613481   0.0042678556
       -0.0099761926  -0.0341117749  -0.0281437486   0.0089856475   0.0597234748
        0.0739285159  -0.0323162167  -0.0071098605  -0.0020698834   0.0066969728
        0.0017451396   0.0023065669  -0.0016642489
        0.0867641571   0.0288279276  -0.0972699619   0.0003447103  -0.0000793622
        0.0005245048  -0.0117519841  -0.0058830681   0.0078800185  -0.1006823565
       -0.0323162167   0.1041103477   0.0249454188   0.0083881431  -0.0184364146
        0.0003800545   0.0010625763   0.0031915054
       -0.0481528756   0.0124755548  -0.0375247405  -0.0058805043   0.0084771335
       -0.0217741608  -0.0037302269   0.0004678677  -0.0151954765   0.0033154069
       -0.0071098605   0.0249454188   0.0550848117  -0.0112629575   0.0513257066
       -0.0006366117  -0.0030477380  -0.0017767477
        0.0136176367  -0.0560824066   0.0640832148   0.0053428357  -0.0068421131
        0.0213653811  -0.0068846858   0.0040920856  -0.0285597535   0.0015033676
       -0.0020698834   0.0083881431  -0.0112629575   0.0647199636  -0.0616257595
       -0.0023161968  -0.0038176461  -0.0036512260
       -0.0386784277   0.0600580895  -0.2415524327  -0.0016633407   0.0033324895
       -0.0044416721  -0.0076810203  -0.0022295733  -0.0249054270  -0.0007811118
        0.0066969728  -0.0184364146   0.0513257066  -0.0616257595   0.2912822233
       -0.0025218060  -0.0062322191  -0.0019462768
       -0.0049766498   0.0005788768  -0.0181085177   0.0006093288  -0.0011522305
        0.0015551202  -0.0208514337   0.0006968942  -0.0627360129   0.0011670587
        0.0017451396   0.0003800545  -0.0006366117  -0.0023161968  -0.0025218060
        0.0246883077   0.0004475166   0.0814311620
       -0.0039641532   0.0140696438  -0.0285900171  -0.0000245149   0.0038014682
        0.0013638248   0.0044341699  -0.0489581392   0.0620576683   0.0021547195
        0.0023065669   0.0010625763  -0.0030477380  -0.0038176461  -0.0062322191
        0.0004475166   0.0325981064  -0.0296618332
       -0.0134495702  -0.0122007849  -0.0357615525   0.0013287607  -0.0014580980
        0.0022728266  -0.0665417087   0.0486361910  -0.2913855620  -0.0009918962
       -0.0016642489   0.0031915054  -0.0017767477  -0.0036512260  -0.0019462768
        0.0814311620  -0.0296618332   0.3236290593
