# Atoms array:
     x           y            z                   Z     indx
   -5.189689    -6.314193     2.947580            6      0
   -4.993686    -5.044348     3.517823            6      1
   -6.119077    -7.332065     3.563581            6      2
   -4.469907    -6.587782     1.768360            6      3
   -4.134648    -4.097495     2.955772            6      4
   -5.535004    -4.789835     4.436557            1      5
   -3.386211    -4.349760     1.754049            6      6
   -4.012768    -3.120337     3.435455            1      7
   -3.607630    -5.657237     1.190964            6      8
   -2.584523    -3.482638     1.224669            8      9
   -4.591321    -7.565586     1.287496            1     10
   -6.596745    -6.930747     4.469454            1     11
   -6.924273    -7.632719     2.872285            1     12
   -5.591513    -8.256947     3.852083            1     13
   -3.066741    -5.911929     0.273049            1     14

# Gridpoints array:
     x           y            z                   Z     indx
   -3.149689    -6.314193     2.947580            6      0
   -5.189689    -6.314193     4.987580            6      0
   -4.011894    -7.491987     4.125374            6      0
   -6.367483    -5.136398     1.769785            6      0
   -6.367483    -7.491987     1.769785            6      0
   -4.812053    -5.936557     4.916433            6      0
   -5.567324    -5.936557     4.916433            6      0
   -4.812053    -6.691829     4.916433            6      0
   -4.812053    -8.283046     2.569944            6      0
   -3.220836    -5.936557     3.325215            6      0
   -7.158542    -5.936557     3.325215            6      0
   -3.220836    -6.691829     3.325215            6      0
   -7.158542    -5.936557     2.569944            6      0
   -6.598148    -4.905734     3.388132            6      0
   -3.781230    -7.722652     3.388132            6      0
   -6.598148    -4.905734     2.507027            6      0
   -3.781230    -7.722652     2.507027            6      0
   -3.781230    -5.873640     4.356039            6      0
   -6.598148    -5.873640     4.356039            6      0
   -3.781230    -6.754746     4.356039            6      0
   -6.598148    -5.873640     1.539121            6      0
   -6.598148    -6.754746     1.539121            6      0
   -4.749136    -7.722652     4.356039            6      0
   -5.630241    -4.905734     1.539121            6      0
   -5.630241    -7.722652     1.539121            6      0
   -4.382482    -7.121399     4.638270            6      0
   -5.996895    -5.506986     1.256889            6      0
   -5.996895    -7.121399     1.256889            6      0
   -4.382482    -8.004883     3.754786            6      0
   -5.996895    -4.623502     2.140373            6      0
   -5.996895    -8.004883     2.140373            6      0
   -6.880379    -5.506986     3.754786            6      0
   -3.498998    -7.121399     3.754786            6      0
   -6.880379    -5.506986     2.140373            6      0
   -4.213816    -8.105637     2.947580            6      0
   -6.981133    -5.338320     2.947580            6      0
   -3.398244    -7.290066     2.947580            6      0
   -4.213816    -6.314193     4.739024            6      0
   -6.165561    -6.314193     1.156135            6      0
   -3.398244    -6.314193     3.923452            6      0
   -6.981133    -6.314193     1.971707            6      0
   -5.189689    -8.105637     1.971707            6      0
   -7.033686    -5.044348     3.517823            6      1
   -4.993686    -5.044348     5.557823            6      1
   -3.815892    -3.866553     4.695618            6      1
   -6.171481    -3.866553     4.695618            6      1
   -3.815892    -6.222142     4.695618            6      1
   -6.171481    -3.866553     2.340029            6      1
   -4.616050    -4.666712     5.486676            6      1
   -5.371322    -4.666712     5.486676            6      1
   -4.616050    -5.421983     5.486676            6      1
   -5.371322    -5.421983     5.486676            6      1
   -5.371322    -4.666712     1.548970            6      1
   -5.371322    -3.075494     3.895459            6      1
   -5.371322    -3.075494     3.140187            6      1
   -3.024833    -4.666712     3.895459            6      1
   -6.962539    -4.666712     3.895459            6      1
   -3.024833    -5.421983     3.895459            6      1
   -6.962539    -5.421983     3.895459            6      1
   -6.962539    -4.666712     3.140187            6      1
   -3.024833    -5.421983     3.140187            6      1
   -6.962539    -5.421983     3.140187            6      1
   -6.402145    -3.635889     3.958376            6      1
   -3.585227    -6.452806     3.958376            6      1
   -6.402145    -3.635889     3.077270            6      1
   -3.585227    -4.603795     4.926282            6      1
   -6.402145    -4.603795     4.926282            6      1
   -3.585227    -5.484900     4.926282            6      1
   -6.402145    -5.484900     4.926282            6      1
   -6.402145    -4.603795     2.109364            6      1
   -6.402145    -5.484900     2.109364            6      1
   -4.553133    -3.635889     4.926282            6      1
   -5.434239    -3.635889     4.926282            6      1
   -4.553133    -6.452806     4.926282            6      1
   -5.434239    -6.452806     4.926282            6      1
   -5.434239    -3.635889     2.109364            6      1
   -4.186480    -4.237141     5.208514            6      1
   -5.800893    -4.237141     5.208514            6      1
   -4.186480    -5.851554     5.208514            6      1
   -5.800893    -5.851554     5.208514            6      1
   -5.800893    -4.237141     1.827132            6      1
   -5.800893    -3.353657     4.325030            6      1
   -4.186480    -6.735038     4.325030            6      1
   -5.800893    -3.353657     2.710617            6      1
   -3.302995    -4.237141     4.325030            6      1
   -6.684377    -4.237141     4.325030            6      1
   -3.302995    -5.851554     4.325030            6      1
   -6.684377    -5.851554     4.325030            6      1
   -6.684377    -4.237141     2.710617            6      1
   -5.969559    -3.252903     3.517823            6      1
   -6.785130    -4.068475     3.517823            6      1
   -3.202242    -6.020220     3.517823            6      1
   -4.017813    -5.044348     5.309267            6      1
   -5.969559    -5.044348     5.309267            6      1
   -5.969559    -5.044348     1.726379            6      1
   -3.202242    -5.044348     4.493696            6      1
   -6.785130    -5.044348     4.493696            6      1
   -6.785130    -5.044348     2.541950            6      1
   -4.993686    -4.068475     5.309267            6      1
   -4.993686    -6.020220     5.309267            6      1
   -4.993686    -3.252903     4.493696            6      1
   -8.159077    -7.332065     3.563581            6      2
   -6.119077    -9.372065     3.563581            6      2
   -6.119077    -7.332065     5.603581            6      2
   -6.119077    -7.332065     1.523581            6      2
   -4.941283    -6.154271     4.741376            6      2
   -7.296872    -6.154271     4.741376            6      2
   -4.941283    -8.509860     4.741376            6      2
   -7.296872    -8.509860     4.741376            6      2
   -7.296872    -6.154271     2.385787            6      2
   -4.941283    -8.509860     2.385787            6      2
   -7.296872    -8.509860     2.385787            6      2
   -5.741442    -6.954429     5.532434            6      2
   -6.496713    -6.954429     5.532434            6      2
   -5.741442    -7.709701     5.532434            6      2
   -6.496713    -7.709701     5.532434            6      2
   -6.496713    -6.954429     1.594728            6      2
   -5.741442    -7.709701     1.594728            6      2
   -6.496713    -7.709701     1.594728            6      2
   -5.741442    -9.300918     3.941217            6      2
   -6.496713    -9.300918     3.941217            6      2
   -5.741442    -9.300918     3.185945            6      2
   -6.496713    -9.300918     3.185945            6      2
   -4.150224    -6.954429     3.941217            6      2
   -8.087930    -6.954429     3.941217            6      2
   -4.150224    -7.709701     3.941217            6      2
   -8.087930    -7.709701     3.941217            6      2
   -8.087930    -6.954429     3.185945            6      2
   -4.150224    -7.709701     3.185945            6      2
   -8.087930    -7.709701     3.185945            6      2
   -7.527536    -5.923606     4.004134            6      2
   -4.710619    -8.740524     4.004134            6      2
   -7.527536    -8.740524     4.004134            6      2
   -7.527536    -5.923606     3.123028            6      2
   -4.710619    -8.740524     3.123028            6      2
   -7.527536    -8.740524     3.123028            6      2
   -4.710619    -6.891512     4.972040            6      2
   -7.527536    -6.891512     4.972040            6      2
   -4.710619    -7.772618     4.972040            6      2
   -7.527536    -7.772618     4.972040            6      2
   -7.527536    -6.891512     2.155122            6      2
   -7.527536    -7.772618     2.155122            6      2
   -5.678525    -5.923606     4.972040            6      2
   -6.559630    -5.923606     4.972040            6      2
   -5.678525    -8.740524     4.972040            6      2
   -6.559630    -8.740524     4.972040            6      2
   -6.559630    -5.923606     2.155122            6      2
   -5.678525    -8.740524     2.155122            6      2
   -6.559630    -8.740524     2.155122            6      2
   -5.311871    -6.524859     5.254272            6      2
   -6.926284    -6.524859     5.254272            6      2
   -5.311871    -8.139272     5.254272            6      2
   -6.926284    -8.139272     5.254272            6      2
   -6.926284    -6.524859     1.872890            6      2
   -5.311871    -8.139272     1.872890            6      2
   -6.926284    -8.139272     1.872890            6      2
   -6.926284    -5.641375     4.370788            6      2
   -5.311871    -9.022756     4.370788            6      2
   -6.926284    -9.022756     4.370788            6      2
   -6.926284    -5.641375     2.756375            6      2
   -5.311871    -9.022756     2.756375            6      2
   -6.926284    -9.022756     2.756375            6      2
   -4.428387    -6.524859     4.370788            6      2
   -7.809768    -6.524859     4.370788            6      2
   -4.428387    -8.139272     4.370788            6      2
   -7.809768    -8.139272     4.370788            6      2
   -7.809768    -6.524859     2.756375            6      2
   -4.428387    -8.139272     2.756375            6      2
   -7.809768    -8.139272     2.756375            6      2
   -7.094950    -5.540621     3.563581            6      2
   -5.143205    -9.123509     3.563581            6      2
   -7.094950    -9.123509     3.563581            6      2
   -7.910522    -6.356192     3.563581            6      2
   -4.327633    -8.307938     3.563581            6      2
   -7.910522    -8.307938     3.563581            6      2
   -5.143205    -7.332065     5.355025            6      2
   -7.094950    -7.332065     5.355025            6      2
   -7.094950    -7.332065     1.772137            6      2
   -4.327633    -7.332065     4.539454            6      2
   -7.910522    -7.332065     4.539454            6      2
   -7.910522    -7.332065     2.587708            6      2
   -6.119077    -6.356192     5.355025            6      2
   -6.119077    -8.307938     5.355025            6      2
   -6.119077    -8.307938     1.772137            6      2
   -6.119077    -9.123509     4.539454            6      2
   -6.119077    -9.123509     2.587708            6      2
   -6.509907    -6.587782     1.768360            6      3
   -4.469907    -8.627782     1.768360            6      3
   -4.469907    -6.587782    -0.271640            6      3
   -3.292113    -7.765577     2.946155            6      3
   -5.647702    -5.409988     0.590565            6      3
   -3.292113    -7.765577     0.590565            6      3
   -5.647702    -7.765577     0.590565            6      3
   -4.847543    -6.210146    -0.200493            6      3
   -4.092271    -6.965418    -0.200493            6      3
   -4.847543    -6.965418    -0.200493            6      3
   -4.092271    -8.556635     2.145996            6      3
   -4.847543    -8.556635     2.145996            6      3
   -4.092271    -8.556635     1.390724            6      3
   -4.847543    -8.556635     1.390724            6      3
   -2.501054    -6.210146     2.145996            6      3
   -2.501054    -6.965418     2.145996            6      3
   -6.438760    -6.210146     1.390724            6      3
   -2.501054    -6.965418     1.390724            6      3
   -6.438760    -6.965418     1.390724            6      3
   -3.061448    -7.996241     2.208913            6      3
   -5.878366    -5.179323     1.327807            6      3
   -3.061448    -7.996241     1.327807            6      3
   -5.878366    -7.996241     1.327807            6      3
   -3.061448    -6.147229     3.176819            6      3
   -3.061448    -7.028335     3.176819            6      3
   -5.878366    -6.147229     0.359901            6      3
   -3.061448    -7.028335     0.359901            6      3
   -5.878366    -7.028335     0.359901            6      3
   -4.029354    -7.996241     3.176819            6      3
   -4.910460    -5.179323     0.359901            6      3
   -4.029354    -7.996241     0.359901            6      3
   -4.910460    -7.996241     0.359901            6      3
   -3.662701    -7.394989     3.459051            6      3
   -5.277114    -5.780576     0.077669            6      3
   -3.662701    -7.394989     0.077669            6      3
   -5.277114    -7.394989     0.077669            6      3
   -3.662701    -8.278473     2.575566            6      3
   -5.277114    -8.278473     2.575566            6      3
   -5.277114    -4.897092     0.961153            6      3
   -3.662701    -8.278473     0.961153            6      3
   -5.277114    -8.278473     0.961153            6      3
   -2.779217    -7.394989     2.575566            6      3
   -6.160598    -5.780576     0.961153            6      3
   -2.779217    -7.394989     0.961153            6      3
   -6.160598    -7.394989     0.961153            6      3
   -5.445780    -4.796338     1.768360            6      3
   -3.494035    -8.379227     1.768360            6      3
   -5.445780    -8.379227     1.768360            6      3
   -6.261352    -5.611910     1.768360            6      3
   -2.678463    -7.563655     1.768360            6      3
   -6.261352    -7.563655     1.768360            6      3
   -3.494035    -6.587782     3.559804            6      3
   -5.445780    -6.587782    -0.023084            6      3
   -2.678463    -6.587782     2.744233            6      3
   -6.261352    -6.587782     0.792487            6      3
   -4.469907    -7.563655    -0.023084            6      3
   -4.469907    -8.379227     2.744233            6      3
   -4.469907    -8.379227     0.792487            6      3
   -2.094648    -4.097495     2.955772            6      4
   -4.134648    -2.057495     2.955772            6      4
   -4.134648    -4.097495     4.995772            6      4
   -2.956853    -2.919700     4.133567            6      4
   -5.312442    -2.919700     4.133567            6      4
   -2.956853    -5.275289     4.133567            6      4
   -5.312442    -2.919700     1.777978            6      4
   -3.757012    -3.719859     4.924625            6      4
   -4.512284    -3.719859     4.924625            6      4
   -3.757012    -4.475131     4.924625            6      4
   -3.757012    -2.128642     3.333408            6      4
   -4.512284    -2.128642     3.333408            6      4
   -3.757012    -2.128642     2.578136            6      4
   -4.512284    -2.128642     2.578136            6      4
   -2.165795    -3.719859     3.333408            6      4
   -6.103501    -3.719859     3.333408            6      4
   -2.165795    -4.475131     3.333408            6      4
   -6.103501    -3.719859     2.578136            6      4
   -6.103501    -4.475131     2.578136            6      4
   -2.726189    -2.689036     3.396325            6      4
   -5.543107    -2.689036     3.396325            6      4
   -2.726189    -5.505954     3.396325            6      4
   -2.726189    -2.689036     2.515220            6      4
   -5.543107    -2.689036     2.515220            6      4
   -2.726189    -3.656942     4.364231            6      4
   -5.543107    -3.656942     4.364231            6      4
   -2.726189    -4.538048     4.364231            6      4
   -5.543107    -3.656942     1.547313            6      4
   -5.543107    -4.538048     1.547313            6      4
   -3.694095    -2.689036     4.364231            6      4
   -4.575201    -2.689036     4.364231            6      4
   -3.694095    -5.505954     4.364231            6      4
   -4.575201    -2.689036     1.547313            6      4
   -3.327441    -3.290288     4.646463            6      4
   -4.941854    -3.290288     4.646463            6      4
   -3.327441    -4.904701     4.646463            6      4
   -4.941854    -3.290288     1.265082            6      4
   -3.327441    -2.406804     3.762979            6      4
   -4.941854    -2.406804     3.762979            6      4
   -3.327441    -5.788186     3.762979            6      4
   -3.327441    -2.406804     2.148566            6      4
   -4.941854    -2.406804     2.148566            6      4
   -2.443957    -3.290288     3.762979            6      4
   -5.825339    -3.290288     3.762979            6      4
   -2.443957    -4.904701     3.762979            6      4
   -5.825339    -3.290288     2.148566            6      4
   -3.158775    -2.306051     2.955772            6      4
   -5.110521    -2.306051     2.955772            6      4
   -3.158775    -5.888939     2.955772            6      4
   -2.343204    -3.121622     2.955772            6      4
   -5.926092    -3.121622     2.955772            6      4
   -2.343204    -5.073368     2.955772            6      4
   -3.158775    -4.097495     4.747217            6      4
   -5.110521    -4.097495     1.164328            6      4
   -2.343204    -4.097495     3.931645            6      4
   -5.926092    -4.097495     1.979900            6      4
   -4.134648    -3.121622     4.747217            6      4
   -4.134648    -2.306051     3.931645            6      4
   -4.134648    -2.306051     1.979900            6      4
   -6.855004    -4.789835     4.436557            1      5
   -5.535004    -3.469835     4.436557            1      5
   -5.535004    -4.789835     5.756557            1      5
   -4.772902    -4.027733     5.198660            1      5
   -6.297106    -4.027733     5.198660            1      5
   -4.772902    -5.551938     5.198660            1      5
   -6.297106    -5.551938     5.198660            1      5
   -5.290651    -4.545483     5.710521            1      5
   -5.779357    -4.545483     5.710521            1      5
   -5.290651    -5.034188     5.710521            1      5
   -5.779357    -5.034188     5.710521            1      5
   -5.290651    -3.515872     4.680910            1      5
   -5.779357    -3.515872     4.680910            1      5
   -5.779357    -3.515872     4.192205            1      5
   -6.808968    -4.545483     4.680910            1      5
   -6.808968    -5.034188     4.680910            1      5
   -6.808968    -4.545483     4.192205            1      5
   -6.808968    -5.034188     4.192205            1      5
   -6.446360    -3.878480     4.721621            1      5
   -6.446360    -5.701191     4.721621            1      5
   -6.446360    -3.878480     4.151494            1      5
   -4.623648    -4.504772     5.347913            1      5
   -6.446360    -4.504772     5.347913            1      5
   -4.623648    -5.074899     5.347913            1      5
   -6.446360    -5.074899     5.347913            1      5
   -5.249941    -3.878480     5.347913            1      5
   -5.820068    -3.878480     5.347913            1      5
   -5.249941    -5.701191     5.347913            1      5
   -5.820068    -5.701191     5.347913            1      5
   -5.012694    -4.267525     5.530534            1      5
   -6.057314    -4.267525     5.530534            1      5
   -5.012694    -5.312145     5.530534            1      5
   -6.057314    -5.312145     5.530534            1      5
   -5.012694    -3.695859     4.958867            1      5
   -6.057314    -3.695859     4.958867            1      5
   -6.057314    -5.883812     4.958867            1      5
   -6.057314    -3.695859     3.914247            1      5
   -4.441028    -4.267525     4.958867            1      5
   -6.628981    -4.267525     4.958867            1      5
   -6.628981    -5.312145     4.958867            1      5
   -6.628981    -4.267525     3.914247            1      5
   -6.166451    -3.630666     4.436557            1      5
   -6.694174    -4.158388     4.436557            1      5
   -6.694174    -5.421283     4.436557            1      5
   -4.903557    -4.789835     5.595727            1      5
   -6.166451    -4.789835     5.595727            1      5
   -6.694174    -4.789835     5.068004            1      5
   -6.694174    -4.789835     3.805110            1      5
   -5.535004    -4.158388     5.595727            1      5
   -5.535004    -5.421283     5.595727            1      5
   -5.535004    -3.630666     5.068004            1      5
   -5.535004    -5.949005     5.068004            1      5
   -1.346211    -4.349760     1.754049            6      6
   -5.426211    -4.349760     1.754049            6      6
   -3.386211    -2.309760     1.754049            6      6
   -3.386211    -4.349760    -0.285951            6      6
   -2.208417    -3.171966     2.931844            6      6
   -2.208417    -5.527555     2.931844            6      6
   -4.564006    -3.171966     0.576255            6      6
   -3.008576    -3.972124    -0.214804            6      6
   -3.763847    -3.972124    -0.214804            6      6
   -3.008576    -4.727396    -0.214804            6      6
   -3.763847    -4.727396    -0.214804            6      6
   -3.008576    -2.380907     2.131685            6      6
   -3.763847    -2.380907     2.131685            6      6
   -3.763847    -2.380907     1.376413            6      6
   -1.417358    -3.972124     2.131685            6      6
   -1.417358    -4.727396     2.131685            6      6
   -5.355064    -3.972124     1.376413            6      6
   -1.417358    -4.727396     1.376413            6      6
   -5.355064    -4.727396     1.376413            6      6
   -4.794670    -2.941301     2.194602            6      6
   -1.977752    -5.758219     2.194602            6      6
   -4.794670    -2.941301     1.313496            6      6
   -1.977752    -5.758219     1.313496            6      6
   -1.977752    -3.909207     3.162508            6      6
   -1.977752    -4.790313     3.162508            6      6
   -4.794670    -3.909207     0.345590            6      6
   -1.977752    -4.790313     0.345590            6      6
   -4.794670    -4.790313     0.345590            6      6
   -2.945659    -2.941301     3.162508            6      6
   -2.945659    -5.758219     3.162508            6      6
   -3.826764    -2.941301     0.345590            6      6
   -2.579005    -3.542554     3.444740            6      6
   -2.579005    -5.156967     3.444740            6      6
   -4.193418    -3.542554     0.063358            6      6
   -2.579005    -2.659069     2.561256            6      6
   -2.579005    -6.040451     2.561256            6      6
   -4.193418    -2.659069     0.946843            6      6
   -1.695521    -3.542554     2.561256            6      6
   -1.695521    -5.156967     2.561256            6      6
   -5.076902    -3.542554     0.946843            6      6
   -1.695521    -5.156967     0.946843            6      6
   -4.362084    -2.558316     1.754049            6      6
   -5.177656    -3.373887     1.754049            6      6
   -1.594767    -5.325633     1.754049            6      6
   -2.410339    -4.349760     3.545493            6      6
   -2.410339    -4.349760    -0.037395            6      6
   -4.362084    -4.349760    -0.037395            6      6
   -1.594767    -4.349760     2.729922            6      6
   -1.594767    -4.349760     0.778176            6      6
   -5.177656    -4.349760     0.778176            6      6
   -3.386211    -3.373887    -0.037395            6      6
   -3.386211    -2.558316     2.729922            6      6
   -3.386211    -2.558316     0.778176            6      6
   -4.012768    -1.800337     3.435455            1      7
   -4.012768    -3.120337     4.755455            1      7
   -3.250666    -2.358235     4.197558            1      7
   -4.774871    -2.358235     4.197558            1      7
   -3.250666    -2.358235     2.673353            1      7
   -4.774871    -2.358235     2.673353            1      7
   -3.768416    -2.875984     4.709419            1      7
   -4.257121    -2.875984     4.709419            1      7
   -3.768416    -3.364690     4.709419            1      7
   -4.257121    -3.364690     4.709419            1      7
   -3.768416    -1.846373     3.679808            1      7
   -4.257121    -1.846373     3.679808            1      7
   -3.768416    -1.846373     3.191103            1      7
   -4.257121    -1.846373     3.191103            1      7
   -2.738805    -2.875984     3.679808            1      7
   -5.286732    -2.875984     3.679808            1      7
   -2.738805    -3.364690     3.679808            1      7
   -2.738805    -2.875984     3.191103            1      7
   -3.101413    -2.208981     3.720519            1      7
   -4.924124    -2.208981     3.720519            1      7
   -3.101413    -2.208981     3.150392            1      7
   -4.924124    -2.208981     3.150392            1      7
   -3.101413    -2.835273     4.346811            1      7
   -4.924124    -2.835273     4.346811            1      7
   -3.101413    -3.405401     4.346811            1      7
   -3.727705    -2.208981     4.346811            1      7
   -4.297832    -2.208981     4.346811            1      7
   -3.727705    -2.208981     2.524100            1      7
   -4.297832    -2.208981     2.524100            1      7
   -3.490458    -2.598027     4.529432            1      7
   -4.535078    -2.598027     4.529432            1      7
   -3.490458    -3.642647     4.529432            1      7
   -3.490458    -2.026361     3.957765            1      7
   -4.535078    -2.026361     3.957765            1      7
   -3.490458    -2.026361     2.913145            1      7
   -4.535078    -2.026361     2.913145            1      7
   -2.918792    -2.598027     3.957765            1      7
   -5.106745    -2.598027     3.957765            1      7
   -2.918792    -2.598027     2.913145            1      7
   -5.106745    -2.598027     2.913145            1      7
   -3.381321    -1.961167     3.435455            1      7
   -4.644215    -1.961167     3.435455            1      7
   -2.853599    -2.488890     3.435455            1      7
   -5.171938    -2.488890     3.435455            1      7
   -3.381321    -3.120337     4.594625            1      7
   -4.644215    -3.120337     4.594625            1      7
   -2.853599    -3.120337     4.066902            1      7
   -5.171938    -3.120337     4.066902            1      7
   -4.012768    -2.488890     4.594625            1      7
   -4.012768    -2.488890     2.276286            1      7
   -4.012768    -1.961167     4.066902            1      7
   -4.012768    -1.961167     2.804008            1      7
   -1.567630    -5.657237     1.190964            6      8
   -3.607630    -5.657237    -0.849036            6      8
   -2.429836    -6.835032     2.368759            6      8
   -2.429836    -4.479443     0.013170            6      8
   -4.785425    -4.479443     0.013170            6      8
   -2.429836    -6.835032     0.013170            6      8
   -4.785425    -6.835032     0.013170            6      8
   -3.229995    -6.034873     3.159817            6      8
   -3.229995    -5.279601    -0.777889            6      8
   -3.985266    -5.279601    -0.777889            6      8
   -3.229995    -6.034873    -0.777889            6      8
   -3.985266    -6.034873    -0.777889            6      8
   -3.229995    -7.626090     1.568600            6      8
   -3.229995    -7.626090     0.813329            6      8
   -1.638777    -5.279601     1.568600            6      8
   -5.576484    -5.279601     1.568600            6      8
   -1.638777    -6.034873     1.568600            6      8
   -1.638777    -5.279601     0.813329            6      8
   -5.576484    -5.279601     0.813329            6      8
   -1.638777    -6.034873     0.813329            6      8
   -5.576484    -6.034873     0.813329            6      8
   -2.199172    -7.065696     1.631517            6      8
   -5.016089    -4.248778     0.750412            6      8
   -2.199172    -7.065696     0.750412            6      8
   -2.199172    -5.216684     2.599423            6      8
   -2.199172    -6.097790     2.599423            6      8
   -2.199172    -5.216684    -0.217494            6      8
   -5.016089    -5.216684    -0.217494            6      8
   -2.199172    -6.097790    -0.217494            6      8
   -5.016089    -6.097790    -0.217494            6      8
   -3.167078    -7.065696     2.599423            6      8
   -3.167078    -4.248778    -0.217494            6      8
   -4.048183    -4.248778    -0.217494            6      8
   -3.167078    -7.065696    -0.217494            6      8
   -4.048183    -7.065696    -0.217494            6      8
   -2.800424    -6.464444     2.881655            6      8
   -2.800424    -4.850031    -0.499726            6      8
   -4.414837    -4.850031    -0.499726            6      8
   -2.800424    -6.464444    -0.499726            6      8
   -4.414837    -6.464444    -0.499726            6      8
   -2.800424    -7.347928     1.998171            6      8
   -4.414837    -3.966546     0.383758            6      8
   -2.800424    -7.347928     0.383758            6      8
   -1.916940    -4.850031     1.998171            6      8
   -1.916940    -6.464444     1.998171            6      8
   -1.916940    -4.850031     0.383758            6      8
   -5.298321    -4.850031     0.383758            6      8
   -1.916940    -6.464444     0.383758            6      8
   -5.298321    -6.464444     0.383758            6      8
   -2.631758    -7.448681     1.190964            6      8
   -5.399075    -4.681364     1.190964            6      8
   -1.816186    -6.633110     1.190964            6      8
   -2.631758    -5.657237     2.982409            6      8
   -2.631758    -5.657237    -0.600480            6      8
   -4.583503    -5.657237    -0.600480            6      8
   -1.816186    -5.657237     2.166837            6      8
   -1.816186    -5.657237     0.215092            6      8
   -5.399075    -5.657237     0.215092            6      8
   -3.607630    -4.681364    -0.600480            6      8
   -3.607630    -6.633110    -0.600480            6      8
   -3.607630    -7.448681     0.215092            6      8
   -0.760523    -3.482638     1.224669            8      9
   -2.584523    -1.658638     1.224669            8      9
   -2.584523    -3.482638    -0.599331            8      9
   -1.531436    -2.429551     2.277756            8      9
   -3.637610    -2.429551     2.277756            8      9
   -1.531436    -4.535725     2.277756            8      9
   -1.531436    -2.429551     0.171582            8      9
   -3.637610    -2.429551     0.171582            8      9
   -1.531436    -4.535725     0.171582            8      9
   -2.246872    -3.144987     2.985055            8      9
   -2.246872    -3.820289     2.985055            8      9
   -2.246872    -3.144987    -0.535718            8      9
   -2.922174    -3.144987    -0.535718            8      9
   -2.246872    -3.820289    -0.535718            8      9
   -2.922174    -3.820289    -0.535718            8      9
   -2.246872    -1.722251     1.562320            8      9
   -2.922174    -1.722251     1.562320            8      9
   -2.246872    -1.722251     0.887018            8      9
   -2.922174    -1.722251     0.887018            8      9
   -0.824137    -3.144987     1.562320            8      9
   -0.824137    -3.820289     1.562320            8      9
   -0.824137    -3.144987     0.887018            8      9
   -4.344909    -3.144987     0.887018            8      9
   -0.824137    -3.820289     0.887018            8      9
   -1.325195    -2.223310     1.618575            8      9
   -3.843851    -2.223310     1.618575            8      9
   -1.325195    -4.741966     1.618575            8      9
   -1.325195    -2.223310     0.830763            8      9
   -3.843851    -2.223310     0.830763            8      9
   -1.325195    -4.741966     0.830763            8      9
   -1.325195    -3.088732     2.483997            8      9
   -1.325195    -3.876544     2.483997            8      9
   -1.325195    -3.088732    -0.034659            8      9
   -3.843851    -3.088732    -0.034659            8      9
   -1.325195    -3.876544    -0.034659            8      9
   -3.843851    -3.876544    -0.034659            8      9
   -2.190617    -2.223310     2.483997            8      9
   -2.978429    -2.223310     2.483997            8      9
   -2.190617    -2.223310    -0.034659            8      9
   -2.978429    -2.223310    -0.034659            8      9
   -2.190617    -4.741966    -0.034659            8      9
   -1.862785    -2.760900     2.736345            8      9
   -1.862785    -4.204375     2.736345            8      9
   -1.862785    -2.760900    -0.287008            8      9
   -3.306261    -2.760900    -0.287008            8      9
   -1.862785    -4.204375    -0.287008            8      9
   -3.306261    -4.204375    -0.287008            8      9
   -1.862785    -1.970961     1.946406            8      9
   -3.306261    -1.970961     1.946406            8      9
   -1.862785    -4.994314     1.946406            8      9
   -1.862785    -1.970961     0.502931            8      9
   -3.306261    -1.970961     0.502931            8      9
   -1.862785    -4.994314     0.502931            8      9
   -1.072847    -2.760900     1.946406            8      9
   -1.072847    -4.204375     1.946406            8      9
   -1.072847    -2.760900     0.502931            8      9
   -4.096200    -2.760900     0.502931            8      9
   -1.072847    -4.204375     0.502931            8      9
   -1.711978    -1.880876     1.224669            8      9
   -3.457068    -1.880876     1.224669            8      9
   -1.711978    -5.084399     1.224669            8      9
   -0.982761    -2.610092     1.224669            8      9
   -4.186285    -2.610092     1.224669            8      9
   -0.982761    -4.355183     1.224669            8      9
   -1.711978    -3.482638     2.826431            8      9
   -1.711978    -3.482638    -0.377093            8      9
   -3.457068    -3.482638    -0.377093            8      9
   -0.982761    -3.482638     2.097214            8      9
   -0.982761    -3.482638     0.352124            8      9
   -4.186285    -3.482638     0.352124            8      9
   -2.584523    -2.610092     2.826431            8      9
   -2.584523    -2.610092    -0.377093            8      9
   -2.584523    -4.355183    -0.377093            8      9
   -2.584523    -1.880876     2.097214            8      9
   -2.584523    -1.880876     0.352124            8      9
   -4.591321    -8.885586     1.287496            1     10
   -4.591321    -7.565586    -0.032504            1     10
   -3.829218    -8.327688     2.049598            1     10
   -5.353423    -8.327688     2.049598            1     10
   -3.829218    -8.327688     0.525393            1     10
   -5.353423    -8.327688     0.525393            1     10
   -4.346968    -7.321233     0.013532            1     10
   -4.835673    -7.321233     0.013532            1     10
   -4.346968    -7.809938     0.013532            1     10
   -4.835673    -7.809938     0.013532            1     10
   -4.346968    -8.839550     1.531848            1     10
   -4.835673    -8.839550     1.531848            1     10
   -4.346968    -8.839550     1.043143            1     10
   -4.835673    -8.839550     1.043143            1     10
   -5.865284    -7.809938     1.531848            1     10
   -5.865284    -7.321233     1.043143            1     10
   -3.317357    -7.809938     1.043143            1     10
   -5.865284    -7.809938     1.043143            1     10
   -3.679965    -8.476942     1.572559            1     10
   -5.502676    -8.476942     1.572559            1     10
   -3.679965    -8.476942     1.002432            1     10
   -5.502676    -8.476942     1.002432            1     10
   -5.502676    -7.280522     0.376140            1     10
   -3.679965    -7.850649     0.376140            1     10
   -5.502676    -7.850649     0.376140            1     10
   -4.306257    -8.476942     2.198851            1     10
   -4.876384    -8.476942     2.198851            1     10
   -4.306257    -8.476942     0.376140            1     10
   -4.876384    -8.476942     0.376140            1     10
   -5.113631    -7.043276     0.193519            1     10
   -4.069011    -8.087896     0.193519            1     10
   -5.113631    -8.087896     0.193519            1     10
   -4.069011    -8.659562     1.809806            1     10
   -5.113631    -8.659562     1.809806            1     10
   -4.069011    -8.659562     0.765185            1     10
   -5.113631    -8.659562     0.765185            1     10
   -3.497344    -8.087896     1.809806            1     10
   -5.685297    -8.087896     1.809806            1     10
   -3.497344    -8.087896     0.765185            1     10
   -5.685297    -8.087896     0.765185            1     10
   -3.959874    -8.724756     1.287496            1     10
   -5.222768    -8.724756     1.287496            1     10
   -3.432151    -8.197033     1.287496            1     10
   -5.750490    -8.197033     1.287496            1     10
   -3.959874    -7.565586     0.128326            1     10
   -5.222768    -7.565586     0.128326            1     10
   -3.432151    -7.565586     0.656048            1     10
   -5.750490    -7.565586     0.656048            1     10
   -4.591321    -8.197033     2.446665            1     10
   -4.591321    -8.197033     0.128326            1     10
   -4.591321    -8.724756     1.918943            1     10
   -4.591321    -8.724756     0.656048            1     10
   -7.916745    -6.930747     4.469454            1     11
   -6.596745    -5.610747     4.469454            1     11
   -6.596745    -6.930747     5.789454            1     11
   -5.834643    -6.168645     5.231556            1     11
   -7.358847    -6.168645     5.231556            1     11
   -5.834643    -7.692849     5.231556            1     11
   -7.358847    -7.692849     5.231556            1     11
   -7.358847    -6.168645     3.707352            1     11
   -6.352392    -6.686394     5.743418            1     11
   -6.841098    -6.686394     5.743418            1     11
   -6.352392    -7.175100     5.743418            1     11
   -6.841098    -7.175100     5.743418            1     11
   -6.352392    -5.656783     4.713807            1     11
   -6.841098    -5.656783     4.713807            1     11
   -6.841098    -5.656783     4.225101            1     11
   -7.870709    -6.686394     4.713807            1     11
   -7.870709    -7.175100     4.713807            1     11
   -7.870709    -6.686394     4.225101            1     11
   -7.870709    -7.175100     4.225101            1     11
   -7.508101    -6.019391     4.754518            1     11
   -7.508101    -7.842103     4.754518            1     11
   -7.508101    -6.019391     4.184390            1     11
   -5.685389    -6.645683     5.380810            1     11
   -7.508101    -6.645683     5.380810            1     11
   -5.685389    -7.215811     5.380810            1     11
   -7.508101    -7.215811     5.380810            1     11
   -6.311681    -6.019391     5.380810            1     11
   -6.881809    -6.019391     5.380810            1     11
   -6.311681    -7.842103     5.380810            1     11
   -6.881809    -7.842103     5.380810            1     11
   -6.074435    -6.408437     5.563430            1     11
   -7.119055    -6.408437     5.563430            1     11
   -6.074435    -7.453057     5.563430            1     11
   -7.119055    -7.453057     5.563430            1     11
   -6.074435    -5.836771     4.991764            1     11
   -7.119055    -5.836771     4.991764            1     11
   -7.119055    -8.024723     4.991764            1     11
   -7.119055    -5.836771     3.947144            1     11
   -5.502769    -6.408437     4.991764            1     11
   -7.690721    -6.408437     4.991764            1     11
   -7.690721    -7.453057     4.991764            1     11
   -7.690721    -6.408437     3.947144            1     11
   -7.228192    -5.771577     4.469454            1     11
   -7.755915    -6.299300     4.469454            1     11
   -7.755915    -7.562194     4.469454            1     11
   -5.965298    -6.930747     5.628624            1     11
   -7.228192    -6.930747     5.628624            1     11
   -5.437575    -6.930747     5.100901            1     11
   -7.755915    -6.930747     5.100901            1     11
   -7.755915    -6.930747     3.838007            1     11
   -6.596745    -6.299300     5.628624            1     11
   -6.596745    -7.562194     5.628624            1     11
   -6.596745    -5.771577     5.100901            1     11
   -6.596745    -8.089917     5.100901            1     11
   -8.244273    -7.632719     2.872285            1     12
   -6.924273    -8.952719     2.872285            1     12
   -6.924273    -7.632719     1.552285            1     12
   -7.686376    -8.394821     3.634387            1     12
   -7.686376    -6.870616     2.110182            1     12
   -6.162171    -8.394821     2.110182            1     12
   -7.686376    -8.394821     2.110182            1     12
   -6.679921    -7.388366     1.598321            1     12
   -7.168626    -7.388366     1.598321            1     12
   -6.679921    -7.877071     1.598321            1     12
   -7.168626    -7.877071     1.598321            1     12
   -6.679921    -8.906682     3.116637            1     12
   -7.168626    -8.906682     3.116637            1     12
   -6.679921    -8.906682     2.627932            1     12
   -7.168626    -8.906682     2.627932            1     12
   -8.198237    -7.388366     3.116637            1     12
   -8.198237    -7.877071     3.116637            1     12
   -8.198237    -7.388366     2.627932            1     12
   -8.198237    -7.877071     2.627932            1     12
   -7.835629    -6.721363     3.157348            1     12
   -7.835629    -8.544075     3.157348            1     12
   -7.835629    -6.721363     2.587221            1     12
   -7.835629    -8.544075     2.587221            1     12
   -7.835629    -7.347655     3.783641            1     12
   -7.835629    -7.917782     3.783641            1     12
   -7.835629    -7.347655     1.960929            1     12
   -6.012917    -7.917782     1.960929            1     12
   -7.835629    -7.917782     1.960929            1     12
   -7.209337    -6.721363     1.960929            1     12
   -6.639210    -8.544075     1.960929            1     12
   -7.209337    -8.544075     1.960929            1     12
   -6.401963    -7.110409     1.778308            1     12
   -7.446583    -7.110409     1.778308            1     12
   -6.401963    -8.155029     1.778308            1     12
   -7.446583    -8.155029     1.778308            1     12
   -7.446583    -8.726695     3.394595            1     12
   -7.446583    -6.538742     2.349975            1     12
   -6.401963    -8.726695     2.349975            1     12
   -7.446583    -8.726695     2.349975            1     12
   -8.018250    -7.110409     3.394595            1     12
   -8.018250    -8.155029     3.394595            1     12
   -8.018250    -7.110409     2.349975            1     12
   -8.018250    -8.155029     2.349975            1     12
   -7.555720    -6.473549     2.872285            1     12
   -7.555720    -8.791889     2.872285            1     12
   -8.083443    -7.001272     2.872285            1     12
   -8.083443    -8.264166     2.872285            1     12
   -6.292826    -7.632719     1.713115            1     12
   -7.555720    -7.632719     1.713115            1     12
   -8.083443    -7.632719     3.503732            1     12
   -8.083443    -7.632719     2.240838            1     12
   -6.924273    -7.001272     1.713115            1     12
   -6.924273    -8.264166     1.713115            1     12
   -6.924273    -6.473549     2.240838            1     12
   -6.924273    -8.791889     2.240838            1     12
   -4.271513    -8.256947     3.852083            1     13
   -5.591513    -9.576947     3.852083            1     13
   -5.591513    -8.256947     5.172083            1     13
   -4.829411    -9.019049     4.614185            1     13
   -6.353616    -9.019049     4.614185            1     13
   -4.829411    -9.019049     3.089980            1     13
   -6.353616    -9.019049     3.089980            1     13
   -5.347161    -8.012594     5.126047            1     13
   -5.835866    -8.012594     5.126047            1     13
   -5.347161    -8.501300     5.126047            1     13
   -5.835866    -8.501300     5.126047            1     13
   -5.347161    -9.530911     4.096435            1     13
   -5.835866    -9.530911     4.096435            1     13
   -5.347161    -9.530911     3.607730            1     13
   -5.835866    -9.530911     3.607730            1     13
   -4.317550    -8.012594     4.096435            1     13
   -4.317550    -8.501300     4.096435            1     13
   -4.317550    -8.012594     3.607730            1     13
   -4.317550    -8.501300     3.607730            1     13
   -4.680158    -9.168303     4.137146            1     13
   -6.502869    -9.168303     4.137146            1     13
   -4.680158    -9.168303     3.567019            1     13
   -6.502869    -9.168303     3.567019            1     13
   -4.680158    -7.971883     4.763439            1     13
   -4.680158    -8.542011     4.763439            1     13
   -6.502869    -8.542011     4.763439            1     13
   -4.680158    -8.542011     2.940727            1     13
   -5.306450    -9.168303     4.763439            1     13
   -5.876577    -9.168303     4.763439            1     13
   -5.306450    -9.168303     2.940727            1     13
   -5.876577    -9.168303     2.940727            1     13
   -5.069203    -7.734637     4.946059            1     13
   -5.069203    -8.779257     4.946059            1     13
   -6.113824    -8.779257     4.946059            1     13
   -5.069203    -8.779257     2.758106            1     13
   -5.069203    -9.350923     4.374393            1     13
   -6.113824    -9.350923     4.374393            1     13
   -5.069203    -9.350923     3.329773            1     13
   -6.113824    -9.350923     3.329773            1     13
   -4.497537    -7.734637     4.374393            1     13
   -4.497537    -8.779257     4.374393            1     13
   -6.685490    -8.779257     4.374393            1     13
   -4.497537    -8.779257     3.329773            1     13
   -4.960066    -9.416117     3.852083            1     13
   -6.222961    -9.416117     3.852083            1     13
   -4.432344    -8.888394     3.852083            1     13
   -6.750683    -8.888394     3.852083            1     13
   -4.960066    -8.256947     5.011253            1     13
   -6.222961    -8.256947     5.011253            1     13
   -4.432344    -8.256947     4.483530            1     13
   -4.432344    -8.256947     3.220636            1     13
   -5.591513    -8.888394     5.011253            1     13
   -5.591513    -8.888394     2.692913            1     13
   -5.591513    -9.416117     4.483530            1     13
   -5.591513    -9.416117     3.220636            1     13
   -1.746741    -5.911929     0.273049            1     14
   -3.066741    -7.231929     0.273049            1     14
   -3.066741    -5.911929    -1.046951            1     14
   -2.304639    -5.149827    -0.489053            1     14
   -3.828844    -5.149827    -0.489053            1     14
   -2.304639    -6.674031    -0.489053            1     14
   -3.828844    -6.674031    -0.489053            1     14
   -2.822389    -5.667576    -1.000915            1     14
   -3.311094    -5.667576    -1.000915            1     14
   -2.822389    -6.156282    -1.000915            1     14
   -3.311094    -6.156282    -1.000915            1     14
   -2.822389    -7.185893     0.517402            1     14
   -2.822389    -7.185893     0.028696            1     14
   -3.311094    -7.185893     0.028696            1     14
   -1.792777    -5.667576     0.517402            1     14
   -1.792777    -6.156282     0.517402            1     14
   -1.792777    -5.667576     0.028696            1     14
   -1.792777    -6.156282     0.028696            1     14
   -2.155385    -6.823285     0.558113            1     14
   -2.155385    -5.000573    -0.012015            1     14
   -2.155385    -6.823285    -0.012015            1     14
   -2.155385    -5.626866    -0.638307            1     14
   -3.978097    -5.626866    -0.638307            1     14
   -2.155385    -6.196993    -0.638307            1     14
   -3.978097    -6.196993    -0.638307            1     14
   -2.781678    -5.000573    -0.638307            1     14
   -3.351805    -5.000573    -0.638307            1     14
   -2.781678    -6.823285    -0.638307            1     14
   -3.351805    -6.823285    -0.638307            1     14
   -2.544431    -5.389619    -0.820928            1     14
   -3.589051    -5.389619    -0.820928            1     14
   -2.544431    -6.434239    -0.820928            1     14
   -3.589051    -6.434239    -0.820928            1     14
   -2.544431    -7.005906     0.795359            1     14
   -2.544431    -4.817953    -0.249261            1     14
   -2.544431    -7.005906    -0.249261            1     14
   -3.589051    -7.005906    -0.249261            1     14
   -1.972765    -6.434239     0.795359            1     14
   -1.972765    -5.389619    -0.249261            1     14
   -1.972765    -6.434239    -0.249261            1     14
   -4.160718    -6.434239    -0.249261            1     14
   -2.435294    -7.071099     0.273049            1     14
   -1.907571    -5.280482     0.273049            1     14
   -1.907571    -6.543376     0.273049            1     14
   -2.435294    -5.911929    -0.886121            1     14
   -3.698188    -5.911929    -0.886121            1     14
   -1.907571    -5.911929     0.904496            1     14
   -1.907571    -5.911929    -0.358398            1     14
   -3.066741    -5.280482    -0.886121            1     14
   -3.066741    -6.543376    -0.886121            1     14
   -3.066741    -4.752759    -0.358398            1     14
   -3.066741    -7.071099    -0.358398            1     14
