$hessian                                                                        
        0.0675727580   0.2325419730   0.0387297714  -0.0500623957  -0.2131877835
       -0.0354152168   0.0081987876  -0.0082258314  -0.0008103139  -0.0269469187
       -0.0120580543  -0.0020433880   0.0012377689   0.0009296964  -0.0004608526
        0.2325419730   1.1510229814   0.1872337651  -0.2155058613  -1.0361477179
       -0.1710162604  -0.0067200857  -0.0378478630  -0.0086126372  -0.0072644802
       -0.0747921694  -0.0083028511  -0.0030515457  -0.0022352310   0.0006979837
        0.0387297714   0.1872337651   0.0513349780  -0.0358704692  -0.1712826804
       -0.0340457248  -0.0003575202  -0.0077305393   0.0099110318  -0.0011395238
       -0.0077038921  -0.0264216219  -0.0013622581  -0.0005166533  -0.0007786631
       -0.0500623957  -0.2155058613  -0.0358704692   0.0475912492   0.2133060952
        0.0354212534  -0.0013492795  -0.0075403357  -0.0011419104   0.0041644410
        0.0102237777   0.0015849056  -0.0003440149  -0.0004836759   0.0000062206
       -0.2131877835  -1.0361477179  -0.1712826804   0.2133060952   1.0233669103
        0.1693302918  -0.0072835120  -0.0361186382  -0.0056104959   0.0087775538
        0.0505165129   0.0074373623  -0.0016123535  -0.0016170671   0.0001255221
       -0.0354152168  -0.1710162604  -0.0340457248   0.0354212534   0.1693302918
        0.0311828088  -0.0012190353  -0.0060220848  -0.0008000699   0.0014346227
        0.0079683100   0.0034834744  -0.0002216240  -0.0002602566   0.0001795114
        0.0081987876  -0.0067200857  -0.0003575202  -0.0013492795  -0.0072835120
       -0.0012190353   0.4587213595   0.0282176812  -0.1338418093  -0.0358270788
       -0.0107268886   0.0013226147  -0.4297437888  -0.0034871949   0.1340957501
       -0.0082258314  -0.0378478630  -0.0077305393  -0.0075403357  -0.0361186382
       -0.0060220848   0.0282176812   0.1411419729   0.0189043357   0.0157618093
       -0.0396495680  -0.0082389785  -0.0282133233  -0.0275259037   0.0030872669
       -0.0008103139  -0.0086126372   0.0099110318  -0.0011419104  -0.0056104959
       -0.0008000699  -0.1338418093   0.0189043357   0.0598128360   0.0070506573
        0.0000087876  -0.0265010576   0.1287433763  -0.0046899901  -0.0424227403
       -0.0269469187  -0.0072644802  -0.0011395238   0.0041644410   0.0087775538
        0.0014346227  -0.0358270788   0.0157618093   0.0070506573   0.0658214982
        0.0066851768  -0.0049592991  -0.0072119416  -0.0239600597  -0.0023864570
       -0.0120580543  -0.0747921694  -0.0077038921   0.0102237777   0.0505165129
        0.0079683100  -0.0107268886  -0.0396495680   0.0000087876   0.0066851768
        0.0617781419   0.0014902800   0.0058759884   0.0021470826  -0.0017634855
       -0.0020433880  -0.0083028511  -0.0264216219   0.0015849056   0.0074373623
        0.0034834744   0.0013226147  -0.0082389785  -0.0265010576  -0.0049592991
        0.0014902800   0.0473037662   0.0040951669   0.0076141872   0.0021354390
        0.0012377689  -0.0030515457  -0.0013622581  -0.0003440149  -0.0016123535
       -0.0002216240  -0.4297437888  -0.0282133233   0.1287433763  -0.0072119416
        0.0058759884   0.0040951669   0.4360619765   0.0270012341  -0.1312546611
        0.0009296964  -0.0022352310  -0.0005166533  -0.0004836759  -0.0016170671
       -0.0002602566  -0.0034871949  -0.0275259037  -0.0046899901  -0.0239600597
        0.0021470826   0.0076141872   0.0270012341   0.0292311192  -0.0021472872
       -0.0004608526   0.0006979837  -0.0007786631   0.0000062206   0.0001255221
        0.0001795114   0.1340957501   0.0030872669  -0.0424227403  -0.0023864570
       -0.0017634855   0.0021354390  -0.1312546611  -0.0021472872   0.0408864531
