$hessian                                                                        
        0.3317378903   0.0492697077  -0.1387307469  -0.2097496699  -0.1240170924
       -0.0384346075  -0.1219882204   0.0747473847   0.1771653544
        0.0492697077   0.1480783535   0.1706093189  -0.1170783516  -0.0830310010
       -0.0402092782   0.0678086439  -0.0650473525  -0.1304000407
       -0.1387307469   0.1706093189   0.3177664991  -0.0290088193  -0.0359076215
       -0.0307940103   0.1677395661  -0.1347016975  -0.2869724888
       -0.2097496699  -0.1170783516  -0.0290088193   0.2477351578   0.1336583962
        0.0279826188  -0.0379854879  -0.0165800446   0.0010262004
       -0.1240170924  -0.0830310010  -0.0359076215   0.1336583962   0.0800064771
        0.0258219151  -0.0096413039   0.0030245239   0.0100857063
       -0.0384346075  -0.0402092782  -0.0307940103   0.0279826188   0.0258219151
        0.0177294827   0.0104519887   0.0143873630   0.0130645276
       -0.1219882204   0.0678086439   0.1677395661  -0.0379854879  -0.0096413039
        0.0104519887   0.1599737083  -0.0581673401  -0.1781915548
        0.0747473847  -0.0650473525  -0.1347016975  -0.0165800446   0.0030245239
        0.0143873630  -0.0581673401   0.0620228285   0.1203143344
        0.1771653544  -0.1304000407  -0.2869724888   0.0010262004   0.0100857063
        0.0130645276  -0.1781915548   0.1203143344   0.2739079612
