$hessian                                                                        
        0.6397723127   0.1436311785   0.0988856026  -0.3318936324  -0.1911722864
       -0.0026748528  -0.0352410484  -0.0068299374  -0.0069689807   0.0022875283
       -0.0148715282   0.0044178725  -0.0422675910   0.0037856995  -0.0100971322
       -0.2278714600   0.0659813277  -0.0825335369  -0.0000604009  -0.0012683767
        0.0005927305  -0.0023379221   0.0002782512  -0.0012245110  -0.0023877864
        0.0004656718  -0.0003971920
        0.1436311785   0.5557334576  -0.1706391680  -0.1866612952  -0.1949545652
        0.0191107928   0.0034569150   0.0039614316  -0.0000344076  -0.0368733310
       -0.0525687474   0.0150670168   0.0071546016  -0.2457475127   0.0978308388
        0.0627929256  -0.0671265579   0.0372538481   0.0017380858   0.0012084941
       -0.0001685225   0.0026779637  -0.0006052207   0.0002950155   0.0020829560
        0.0000992204   0.0012845862
        0.0988856026  -0.1706391680   0.1383992054  -0.0044555731   0.0179658831
       -0.0354969010  -0.0111240018  -0.0027396117  -0.0001700991   0.0133722885
        0.0208603306   0.0034694130  -0.0114737076   0.0969099354  -0.0522965756
       -0.0812834826   0.0380771976  -0.0530677419  -0.0006370810  -0.0009576171
       -0.0001049561  -0.0013288261   0.0000607320  -0.0000367440  -0.0019552189
        0.0004623182  -0.0006956007
       -0.3318936324  -0.1866612952  -0.0044555731   0.5936124877   0.1876489720
        0.0388832095  -0.1381365760   0.0213370755  -0.0285090401  -0.0702387673
       -0.0217999088   0.0039586881   0.0024745916   0.0066117587   0.0003825933
       -0.0239932041  -0.0133503519   0.0002664693   0.0065099026  -0.0025341282
        0.0028170434  -0.0252004424   0.0076726276  -0.0052687460  -0.0131343598
        0.0010752503  -0.0080746443
       -0.1911722864  -0.1949545652   0.0179658831   0.1876489720   0.6409267213
       -0.1473838244   0.0163166015  -0.0685636548   0.0066711688  -0.0150186332
       -0.3574382715   0.1204206898  -0.0161717177  -0.0189088882  -0.0002268685
        0.0160388908   0.0048689032   0.0002040089   0.0181268864  -0.0141423285
        0.0103942022  -0.0002452781   0.0017063718   0.0003638175  -0.0155234353
        0.0065057119  -0.0084090774
       -0.0026748528   0.0191107928  -0.0354969010   0.0388832095  -0.1473838244
        0.2267829117  -0.0264556558   0.0079374680  -0.0729816340   0.0011628787
        0.1185500247  -0.0994816439   0.0096284747   0.0057281146  -0.0088986582
       -0.0116151111  -0.0074005271  -0.0046962641  -0.0056093806   0.0049878888
       -0.0038056194   0.0177091531  -0.0076273291   0.0077690086  -0.0210287157
        0.0060973918  -0.0091911998
       -0.0352410484   0.0034569150  -0.0111240018  -0.1381365760   0.0163166015
       -0.0264556558   0.4290712268   0.0380311539  -0.0279823971   0.0018509480
        0.0193592600  -0.0096680034  -0.0002696326   0.0018147316  -0.0002207635
       -0.0044295579  -0.0033311470  -0.0026439666  -0.0457009869  -0.0331170209
        0.0128269853  -0.1485801071  -0.0005810748   0.1153007122  -0.0585642659
       -0.0419494192  -0.0500329093
       -0.0068299374   0.0039614316  -0.0027396117   0.0213370755  -0.0685636548
        0.0079374680   0.0380311539   0.5152200004  -0.0056740121   0.0332216210
       -0.0346757833   0.0263356592  -0.0017893141   0.0008831300  -0.0016829459
       -0.0047818437   0.0007289945   0.0028164136  -0.0321437607  -0.2457242559
        0.0742336390  -0.0011634603  -0.0439196439   0.0023752353  -0.0458815342
       -0.1279102187  -0.1036018454
       -0.0069689807  -0.0000344076  -0.0001700991  -0.0285090401   0.0066711688
       -0.0729816340  -0.0279823971  -0.0056740121   0.4719163878  -0.0152861653
        0.0226917237  -0.0045929624   0.0012300728  -0.0007642085  -0.0015743481
       -0.0020485841   0.0032008884   0.0089020506   0.0124377907   0.0739577715
       -0.0700787829   0.1216591798   0.0010168900  -0.1625779477  -0.0545318760
       -0.1010658142  -0.1688426642
        0.0022875283  -0.0368733310   0.0133722885  -0.0702387673  -0.0150186332
        0.0011628787   0.0018509480   0.0332216210  -0.0152861653   0.0703017338
        0.0211383511   0.0032948343  -0.0036442916  -0.0081605441  -0.0004728009
        0.0025207252   0.0011379570   0.0011548705  -0.0061413277   0.0055091901
       -0.0041588038   0.0019907744  -0.0008412034  -0.0000148379   0.0010726769
       -0.0001134076   0.0009477359
       -0.0148715282  -0.0525687474   0.0208603306  -0.0217999088  -0.3574382715
        0.1185500247   0.0193592600  -0.0346757833   0.0226917237   0.0211383511
        0.4535748769  -0.1685918718  -0.0082718101  -0.0070702938   0.0049821765
       -0.0020052731   0.0010577958  -0.0023031335   0.0065108958  -0.0031421993
        0.0034655111  -0.0001742252  -0.0001579360  -0.0011706816   0.0001142384
        0.0004205584   0.0015159204
        0.0044178725   0.0150670168   0.0034694130   0.0039586881   0.1204206898
       -0.0994816439  -0.0096680034   0.0263356592  -0.0045929624   0.0032948343
       -0.1685918718   0.0946379907  -0.0004191621   0.0050631374   0.0085649186
        0.0024189491  -0.0015719467  -0.0023335636  -0.0045665120   0.0032006326
       -0.0013543613  -0.0009730288   0.0006048478   0.0003820076   0.0015363625
       -0.0005281651   0.0007082011
       -0.0422675910   0.0071546016  -0.0114737076   0.0024745916  -0.0161717177
        0.0096284747  -0.0002696326  -0.0017893141   0.0012300728  -0.0036442916
       -0.0082718101  -0.0004191621   0.0495908038  -0.0059396570   0.0121491437
       -0.0043564087   0.0249659841  -0.0107167721  -0.0014739451  -0.0000856316
       -0.0004132388  -0.0001684266   0.0000617062  -0.0000020245   0.0001149002
        0.0000758387   0.0000172140
        0.0037856995  -0.2457475127   0.0969099354   0.0066117587  -0.0189088882
        0.0057281146   0.0018147316   0.0008831300  -0.0007642085  -0.0081605441
       -0.0070702938   0.0050631374  -0.0059396570   0.2823957241  -0.1112258566
        0.0023987812  -0.0125387685   0.0048539697  -0.0005671380   0.0011141914
       -0.0005265098   0.0002073783  -0.0000040578   0.0001115890  -0.0001510103
       -0.0001235245  -0.0001501712
       -0.0100971322   0.0978308388  -0.0522965756   0.0003825933  -0.0002268685
       -0.0088986582  -0.0002207635  -0.0016829459  -0.0015743481  -0.0004728009
        0.0049821765   0.0085649186   0.0121491437  -0.1112258566   0.0611596438
       -0.0015555356   0.0107816104  -0.0069994768  -0.0002165683  -0.0004062084
        0.0003135400   0.0005400131   0.0000227053  -0.0000653856  -0.0005089497
       -0.0000754516  -0.0002036580
       -0.2278714600   0.0627929256  -0.0812834826  -0.0239932041   0.0160388908
       -0.0116151111  -0.0044295579  -0.0047818437  -0.0020485841   0.0025207252
       -0.0020052731   0.0024189491  -0.0043564087   0.0023987812  -0.0015555356
        0.2612057575  -0.0746292946   0.0951320566   0.0002074101  -0.0002177400
        0.0001274835  -0.0012051227   0.0002471245  -0.0000662734  -0.0020781394
        0.0001564293  -0.0011095025
        0.0659813277  -0.0671265579   0.0380771976  -0.0133503519   0.0048689032
       -0.0074005271  -0.0033311470   0.0007289945   0.0032008884   0.0011379570
        0.0010577958  -0.0015719467   0.0249659841  -0.0125387685   0.0107816104
       -0.0746292946   0.0723982468  -0.0428856463  -0.0000779838   0.0000421753
       -0.0000082678  -0.0011587709   0.0004107733  -0.0003936073   0.0004622794
        0.0001584375   0.0002002989
       -0.0825335369   0.0372538481  -0.0530677419   0.0002664693   0.0002040089
       -0.0046962641  -0.0026439666   0.0028164136   0.0089020506   0.0011548705
       -0.0023031335  -0.0023335636  -0.0107167721   0.0048539697  -0.0069994768
        0.0951320566  -0.0428856463   0.0577478391   0.0000705654  -0.0000413015
        0.0001068364  -0.0024020069   0.0004387800  -0.0004086899   0.0016723207
       -0.0003369390   0.0007490103
       -0.0000604009   0.0017380858  -0.0006370810   0.0065099026   0.0181268864
       -0.0056093806  -0.0457009869  -0.0321437607   0.0124377907  -0.0061413277
        0.0065108958  -0.0045665120  -0.0014739451  -0.0005671380  -0.0002165683
        0.0002074101  -0.0000779838   0.0000705654   0.0530669126   0.0383393452
       -0.0139331486  -0.0048050257  -0.0217696063   0.0095458238  -0.0016025391
       -0.0101567245   0.0029085106
       -0.0012683767   0.0012084941  -0.0009576171  -0.0025341282  -0.0141423285
        0.0049878888  -0.0331170209  -0.2457242559   0.0739577715   0.0055091901
       -0.0031421993   0.0032006326  -0.0000856316   0.0011141914  -0.0004062084
       -0.0002177400   0.0000421753  -0.0000413015   0.0383393452   0.2872083093
       -0.0881236567  -0.0017587586  -0.0027908166   0.0021303714  -0.0048668793
       -0.0237735699   0.0052521194
        0.0005927305  -0.0001685225  -0.0001049561   0.0028170434   0.0103942022
       -0.0038056194   0.0128269853   0.0742336390  -0.0700787829  -0.0041588038
        0.0034655111  -0.0013543613  -0.0004132388  -0.0005265098   0.0003135400
        0.0001274835  -0.0000082678   0.0001068364  -0.0139331486  -0.0881236567
        0.0788678756   0.0061787210   0.0240154729  -0.0108763840  -0.0040377725
       -0.0232818683   0.0069318517
       -0.0023379221   0.0026779637  -0.0013288261  -0.0252004424  -0.0002452781
        0.0177091531  -0.1485801071  -0.0011634603   0.1216591798   0.0019907744
       -0.0001742252  -0.0009730288  -0.0001684266   0.0002073783   0.0005400131
       -0.0012051227  -0.0011587709  -0.0024020069  -0.0048050257  -0.0017587586
        0.0061787210   0.1744017189   0.0015276649  -0.1366940787   0.0059045533
        0.0000874860  -0.0046891265
        0.0002782512  -0.0006052207   0.0000607320   0.0076726276   0.0017063718
       -0.0076273291  -0.0005810748  -0.0439196439   0.0010168900  -0.0008412034
       -0.0001579360   0.0006048478   0.0000617062  -0.0000040578   0.0000227053
        0.0002471245   0.0004107733   0.0004387800  -0.0217696063  -0.0027908166
        0.0240154729   0.0015276649   0.0464041398  -0.0007715652   0.0134045102
       -0.0010436099  -0.0177605336
       -0.0012245110   0.0002950155  -0.0000367440  -0.0052687460   0.0003638175
        0.0077690086   0.1153007122   0.0023752353  -0.1625779477  -0.0000148379
       -0.0011706816   0.0003820076  -0.0000020245   0.0001115890  -0.0000653856
       -0.0000662734  -0.0003936073  -0.0004086899   0.0095458238   0.0021303714
       -0.0108763840  -0.1366940787  -0.0007715652   0.1905157071   0.0184239355
       -0.0029401746  -0.0247015720
       -0.0023877864   0.0020829560  -0.0019552189  -0.0131343598  -0.0155234353
       -0.0210287157  -0.0585642659  -0.0458815342  -0.0545318760   0.0010726769
        0.0001142384   0.0015363625   0.0001149002  -0.0001510103  -0.0005089497
       -0.0020781394   0.0004622794   0.0016723207  -0.0016025391  -0.0048668793
       -0.0040377725   0.0059045533   0.0134045102   0.0184239355   0.0706749601
        0.0503588751   0.0604299141
        0.0004656718   0.0000992204   0.0004623182   0.0010752503   0.0065057119
        0.0060973918  -0.0419494192  -0.1279102187  -0.1010658142  -0.0001134076
        0.0004205584  -0.0005281651   0.0000758387  -0.0001235245  -0.0000754516
        0.0001564293   0.0001584375  -0.0003369390  -0.0101567245  -0.0237735699
       -0.0232818683   0.0000874860  -0.0010436099  -0.0029401746   0.0503588751
        0.1456669946   0.1216687029
       -0.0003971920   0.0012845862  -0.0006956007  -0.0080746443  -0.0084090774
       -0.0091911998  -0.0500329093  -0.1036018454  -0.1688426642   0.0009477359
        0.0015159204   0.0007082011   0.0000172140  -0.0001501712  -0.0002036580
       -0.0011095025   0.0002002989   0.0007490103   0.0029085106   0.0052521194
        0.0069318517  -0.0046891265  -0.0177605336  -0.0247015720   0.0604299141
        0.1216687029   0.1952456316
