# Atoms array:
     x           y            z                   Z     indx
   -3.706143    -4.003373    -2.674550            6      0
   -4.224429    -2.603998    -3.145013            6      1
   -3.272209    -1.676303    -3.203186            8      2
   -6.264642    -2.947116    -2.209594            1      3
   -5.431024    -2.206898    -2.230089            6      4
   -4.748068    -2.854541    -4.165770            1      5
   -5.836148    -1.228788    -2.569331            1      6
   -5.059927    -2.059346    -1.189344            1      7
   -3.288297    -3.905788    -1.645722            1      8
   -4.476081    -4.809925    -2.670717            1      9
   -2.868302    -4.318232    -3.334078            1     10

# Gridpoints array:
     x           y            z                   Z     indx
   -1.666143    -4.003373    -2.674550            6      0
   -5.746143    -4.003373    -2.674550            6      0
   -3.706143    -6.043373    -2.674550            6      0
   -3.706143    -4.003373    -0.634550            6      0
   -3.706143    -4.003373    -4.714550            6      0
   -2.528349    -2.825578    -1.496756            6      0
   -2.528349    -5.181167    -1.496756            6      0
   -4.883938    -5.181167    -1.496756            6      0
   -2.528349    -2.825578    -3.852345            6      0
   -2.528349    -5.181167    -3.852345            6      0
   -4.883938    -5.181167    -3.852345            6      0
   -3.328507    -3.625737    -0.705697            6      0
   -4.083779    -3.625737    -0.705697            6      0
   -3.328507    -4.381008    -0.705697            6      0
   -4.083779    -4.381008    -0.705697            6      0
   -3.328507    -3.625737    -4.643403            6      0
   -4.083779    -3.625737    -4.643403            6      0
   -3.328507    -4.381008    -4.643403            6      0
   -4.083779    -4.381008    -4.643403            6      0
   -3.328507    -5.972226    -2.296914            6      0
   -4.083779    -5.972226    -2.296914            6      0
   -3.328507    -5.972226    -3.052186            6      0
   -4.083779    -5.972226    -3.052186            6      0
   -1.737290    -3.625737    -2.296914            6      0
   -1.737290    -4.381008    -2.296914            6      0
   -5.674996    -4.381008    -2.296914            6      0
   -1.737290    -3.625737    -3.052186            6      0
   -1.737290    -4.381008    -3.052186            6      0
   -5.674996    -4.381008    -3.052186            6      0
   -2.297684    -2.594914    -2.233997            6      0
   -2.297684    -5.411831    -2.233997            6      0
   -5.114602    -5.411831    -2.233997            6      0
   -2.297684    -2.594914    -3.115103            6      0
   -2.297684    -5.411831    -3.115103            6      0
   -5.114602    -5.411831    -3.115103            6      0
   -2.297684    -3.562820    -1.266091            6      0
   -5.114602    -3.562820    -1.266091            6      0
   -2.297684    -4.443925    -1.266091            6      0
   -5.114602    -4.443925    -1.266091            6      0
   -2.297684    -3.562820    -4.083009            6      0
   -2.297684    -4.443925    -4.083009            6      0
   -5.114602    -4.443925    -4.083009            6      0
   -3.265590    -2.594914    -1.266091            6      0
   -3.265590    -5.411831    -1.266091            6      0
   -4.146696    -5.411831    -1.266091            6      0
   -3.265590    -5.411831    -4.083009            6      0
   -4.146696    -5.411831    -4.083009            6      0
   -2.898937    -3.196166    -0.983860            6      0
   -4.513350    -3.196166    -0.983860            6      0
   -2.898937    -4.810579    -0.983860            6      0
   -4.513350    -4.810579    -0.983860            6      0
   -2.898937    -3.196166    -4.365241            6      0
   -2.898937    -4.810579    -4.365241            6      0
   -4.513350    -4.810579    -4.365241            6      0
   -2.898937    -2.312682    -1.867344            6      0
   -2.898937    -5.694063    -1.867344            6      0
   -4.513350    -5.694063    -1.867344            6      0
   -2.898937    -5.694063    -3.481757            6      0
   -4.513350    -5.694063    -3.481757            6      0
   -2.015453    -3.196166    -1.867344            6      0
   -2.015453    -4.810579    -1.867344            6      0
   -5.396834    -4.810579    -1.867344            6      0
   -2.015453    -3.196166    -3.481757            6      0
   -2.015453    -4.810579    -3.481757            6      0
   -5.396834    -4.810579    -3.481757            6      0
   -2.730270    -5.794817    -2.674550            6      0
   -4.682016    -5.794817    -2.674550            6      0
   -1.914699    -3.027500    -2.674550            6      0
   -1.914699    -4.979245    -2.674550            6      0
   -5.497587    -4.979245    -2.674550            6      0
   -2.730270    -4.003373    -0.883106            6      0
   -4.682016    -4.003373    -0.883106            6      0
   -2.730270    -4.003373    -4.465994            6      0
   -4.682016    -4.003373    -4.465994            6      0
   -1.914699    -4.003373    -1.698677            6      0
   -5.497587    -4.003373    -1.698677            6      0
   -1.914699    -4.003373    -3.650423            6      0
   -5.497587    -4.003373    -3.650423            6      0
   -3.706143    -3.027500    -0.883106            6      0
   -3.706143    -4.979245    -0.883106            6      0
   -3.706143    -4.979245    -4.465994            6      0
   -3.706143    -5.794817    -1.698677            6      0
   -3.706143    -5.794817    -3.650423            6      0
   -4.224429    -2.603998    -5.185013            6      1
   -5.402224    -1.426203    -4.322808            6      1
   -3.046634    -3.781793    -4.322808            6      1
   -5.402224    -3.781793    -4.322808            6      1
   -3.846793    -2.226362    -1.176160            6      1
   -3.846793    -2.981634    -1.176160            6      1
   -3.846793    -2.226362    -5.113866            6      1
   -4.602065    -2.226362    -5.113866            6      1
   -3.846793    -2.981634    -5.113866            6      1
   -4.602065    -2.981634    -5.113866            6      1
   -4.602065    -0.635145    -2.767377            6      1
   -4.602065    -0.635145    -3.522649            6      1
   -2.255576    -2.981634    -2.767377            6      1
   -2.255576    -2.981634    -3.522649            6      1
   -6.193282    -2.981634    -3.522649            6      1
   -5.632888    -4.012457    -2.704460            6      1
   -5.632888    -1.195539    -3.585566            6      1
   -5.632888    -4.012457    -3.585566            6      1
   -2.815970    -2.163445    -1.736554            6      1
   -2.815970    -2.163445    -4.553472            6      1
   -5.632888    -2.163445    -4.553472            6      1
   -2.815970    -3.044551    -4.553472            6      1
   -5.632888    -3.044551    -4.553472            6      1
   -3.783876    -1.195539    -1.736554            6      1
   -3.783876    -1.195539    -4.553472            6      1
   -4.664982    -1.195539    -4.553472            6      1
   -3.783876    -4.012457    -4.553472            6      1
   -4.664982    -4.012457    -4.553472            6      1
   -3.417222    -1.796791    -1.454323            6      1
   -3.417222    -1.796791    -4.835704            6      1
   -5.031636    -1.796791    -4.835704            6      1
   -3.417222    -3.411204    -4.835704            6      1
   -5.031636    -3.411204    -4.835704            6      1
   -5.031636    -0.913307    -3.952220            6      1
   -5.031636    -4.294689    -3.952220            6      1
   -5.915120    -1.796791    -3.952220            6      1
   -2.533738    -3.411204    -3.952220            6      1
   -5.915120    -3.411204    -3.952220            6      1
   -6.015873    -3.579871    -3.145013            6      1
   -3.248556    -2.603998    -1.353569            6      1
   -3.248556    -2.603998    -4.936458            6      1
   -5.200302    -2.603998    -4.936458            6      1
   -2.432985    -2.603998    -2.169141            6      1
   -2.432985    -2.603998    -4.120886            6      1
   -6.015873    -2.603998    -4.120886            6      1
   -4.224429    -1.628125    -4.936458            6      1
   -4.224429    -3.579871    -4.936458            6      1
   -4.224429    -0.812554    -2.169141            6      1
   -4.224429    -0.812554    -4.120886            6      1
   -4.224429    -4.395442    -4.120886            6      1
   -1.448209    -1.676303    -3.203186            8      2
   -3.272209     0.147697    -3.203186            8      2
   -3.272209    -1.676303    -1.379186            8      2
   -3.272209    -1.676303    -5.027186            8      2
   -2.219122    -0.623216    -2.150099            8      2
   -4.325296    -0.623216    -2.150099            8      2
   -2.219122    -2.729390    -2.150099            8      2
   -2.219122    -0.623216    -4.256272            8      2
   -4.325296    -0.623216    -4.256272            8      2
   -2.219122    -2.729390    -4.256272            8      2
   -2.934558    -1.338652    -1.442799            8      2
   -3.609860    -1.338652    -1.442799            8      2
   -2.934558    -2.013954    -1.442799            8      2
   -3.609860    -2.013954    -1.442799            8      2
   -2.934558    -1.338652    -4.963572            8      2
   -3.609860    -1.338652    -4.963572            8      2
   -2.934558    -2.013954    -4.963572            8      2
   -3.609860    -2.013954    -4.963572            8      2
   -2.934558     0.084084    -2.865535            8      2
   -3.609860     0.084084    -2.865535            8      2
   -2.934558     0.084084    -3.540836            8      2
   -3.609860     0.084084    -3.540836            8      2
   -1.511823    -1.338652    -2.865535            8      2
   -1.511823    -2.013954    -2.865535            8      2
   -1.511823    -1.338652    -3.540836            8      2
   -1.511823    -2.013954    -3.540836            8      2
   -2.012881    -0.416975    -2.809279            8      2
   -4.531537    -0.416975    -2.809279            8      2
   -2.012881    -2.935631    -2.809279            8      2
   -2.012881    -0.416975    -3.597092            8      2
   -4.531537    -0.416975    -3.597092            8      2
   -2.012881    -2.935631    -3.597092            8      2
   -2.012881    -1.282397    -1.943858            8      2
   -2.012881    -2.070209    -1.943858            8      2
   -2.012881    -1.282397    -4.462514            8      2
   -4.531537    -1.282397    -4.462514            8      2
   -2.012881    -2.070209    -4.462514            8      2
   -2.878303    -0.416975    -1.943858            8      2
   -3.666115    -0.416975    -1.943858            8      2
   -2.878303    -0.416975    -4.462514            8      2
   -3.666115    -0.416975    -4.462514            8      2
   -2.878303    -2.935631    -4.462514            8      2
   -2.550471    -0.954565    -1.691509            8      2
   -3.993947    -0.954565    -1.691509            8      2
   -2.550471    -2.398040    -1.691509            8      2
   -2.550471    -0.954565    -4.714862            8      2
   -3.993947    -0.954565    -4.714862            8      2
   -2.550471    -2.398040    -4.714862            8      2
   -2.550471    -0.164626    -2.481448            8      2
   -3.993947    -0.164626    -2.481448            8      2
   -2.550471    -0.164626    -3.924923            8      2
   -3.993947    -0.164626    -3.924923            8      2
   -2.550471    -3.187979    -3.924923            8      2
   -1.760533    -0.954565    -2.481448            8      2
   -1.760533    -2.398040    -2.481448            8      2
   -1.760533    -0.954565    -3.924923            8      2
   -4.783886    -0.954565    -3.924923            8      2
   -1.760533    -2.398040    -3.924923            8      2
   -2.399664    -0.074541    -3.203186            8      2
   -4.144754    -0.074541    -3.203186            8      2
   -1.670447    -0.803758    -3.203186            8      2
   -4.873971    -0.803758    -3.203186            8      2
   -1.670447    -2.548848    -3.203186            8      2
   -2.399664    -1.676303    -1.601424            8      2
   -2.399664    -1.676303    -4.804947            8      2
   -4.144754    -1.676303    -4.804947            8      2
   -1.670447    -1.676303    -2.330640            8      2
   -1.670447    -1.676303    -4.075731            8      2
   -3.272209    -0.803758    -1.601424            8      2
   -3.272209    -2.548848    -1.601424            8      2
   -3.272209    -0.803758    -4.804947            8      2
   -3.272209    -2.548848    -4.804947            8      2
   -3.272209    -0.074541    -2.330640            8      2
   -3.272209    -0.074541    -4.075731            8      2
   -7.584642    -2.947116    -2.209594            1      3
   -6.264642    -4.267116    -2.209594            1      3
   -7.026744    -2.185013    -1.447491            1      3
   -5.502539    -3.709218    -1.447491            1      3
   -7.026744    -3.709218    -1.447491            1      3
   -7.026744    -2.185013    -2.971696            1      3
   -7.026744    -3.709218    -2.971696            1      3
   -6.508994    -2.702763    -0.935630            1      3
   -6.020289    -3.191468    -0.935630            1      3
   -6.508994    -3.191468    -0.935630            1      3
   -6.508994    -2.702763    -3.483558            1      3
   -6.508994    -3.191468    -3.483558            1      3
   -6.020289    -4.221079    -1.965241            1      3
   -6.508994    -4.221079    -1.965241            1      3
   -6.020289    -4.221079    -2.453946            1      3
   -6.508994    -4.221079    -2.453946            1      3
   -7.538605    -2.702763    -1.965241            1      3
   -7.538605    -3.191468    -1.965241            1      3
   -7.538605    -2.702763    -2.453946            1      3
   -7.538605    -3.191468    -2.453946            1      3
   -7.175997    -2.035760    -1.924530            1      3
   -7.175997    -3.858471    -1.924530            1      3
   -7.175997    -2.035760    -2.494657            1      3
   -7.175997    -3.858471    -2.494657            1      3
   -7.175997    -2.662052    -1.298238            1      3
   -7.175997    -3.232179    -1.298238            1      3
   -7.175997    -2.662052    -3.120950            1      3
   -7.175997    -3.232179    -3.120950            1      3
   -5.979578    -3.858471    -1.298238            1      3
   -6.549705    -3.858471    -1.298238            1      3
   -5.979578    -3.858471    -3.120950            1      3
   -6.549705    -3.858471    -3.120950            1      3
   -6.786952    -2.424806    -1.115617            1      3
   -5.742331    -3.469426    -1.115617            1      3
   -6.786952    -3.469426    -1.115617            1      3
   -6.786952    -2.424806    -3.303570            1      3
   -6.786952    -3.469426    -3.303570            1      3
   -5.742331    -4.041092    -1.687284            1      3
   -6.786952    -4.041092    -1.687284            1      3
   -5.742331    -4.041092    -2.731904            1      3
   -6.786952    -4.041092    -2.731904            1      3
   -7.358618    -2.424806    -1.687284            1      3
   -7.358618    -3.469426    -1.687284            1      3
   -7.358618    -2.424806    -2.731904            1      3
   -7.358618    -3.469426    -2.731904            1      3
   -5.633194    -4.106285    -2.209594            1      3
   -6.896089    -4.106285    -2.209594            1      3
   -7.423811    -2.315669    -2.209594            1      3
   -7.423811    -3.578563    -2.209594            1      3
   -6.896089    -2.947116    -1.050424            1      3
   -6.896089    -2.947116    -3.368764            1      3
   -7.423811    -2.947116    -1.578147            1      3
   -7.423811    -2.947116    -2.841041            1      3
   -6.264642    -3.578563    -1.050424            1      3
   -6.264642    -3.578563    -3.368764            1      3
   -6.264642    -4.106285    -1.578147            1      3
   -6.264642    -4.106285    -2.841041            1      3
   -7.471024    -2.206898    -2.230089            6      4
   -5.431024    -0.166898    -2.230089            6      4
   -5.431024    -4.246898    -2.230089            6      4
   -5.431024    -2.206898    -0.190089            6      4
   -4.253230    -1.029103    -1.052294            6      4
   -6.608819    -1.029103    -1.052294            6      4
   -4.253230    -3.384692    -1.052294            6      4
   -6.608819    -3.384692    -1.052294            6      4
   -6.608819    -1.029103    -3.407883            6      4
   -6.608819    -3.384692    -3.407883            6      4
   -5.053389    -1.829262    -0.261236            6      4
   -5.808660    -1.829262    -0.261236            6      4
   -5.053389    -2.584534    -0.261236            6      4
   -5.808660    -2.584534    -0.261236            6      4
   -5.808660    -1.829262    -4.198942            6      4
   -5.808660    -2.584534    -4.198942            6      4
   -5.053389    -0.238045    -1.852453            6      4
   -5.808660    -0.238045    -1.852453            6      4
   -5.808660    -4.175751    -1.852453            6      4
   -5.053389    -0.238045    -2.607725            6      4
   -5.808660    -0.238045    -2.607725            6      4
   -5.808660    -4.175751    -2.607725            6      4
   -7.399877    -1.829262    -1.852453            6      4
   -7.399877    -2.584534    -1.852453            6      4
   -7.399877    -1.829262    -2.607725            6      4
   -7.399877    -2.584534    -2.607725            6      4
   -4.022565    -0.798439    -1.789536            6      4
   -6.839483    -0.798439    -1.789536            6      4
   -6.839483    -3.615357    -1.789536            6      4
   -6.839483    -0.798439    -2.670642            6      4
   -6.839483    -3.615357    -2.670642            6      4
   -4.022565    -1.766345    -0.821630            6      4
   -6.839483    -1.766345    -0.821630            6      4
   -4.022565    -2.647451    -0.821630            6      4
   -6.839483    -2.647451    -0.821630            6      4
   -6.839483    -1.766345    -3.638548            6      4
   -6.839483    -2.647451    -3.638548            6      4
   -4.990472    -0.798439    -0.821630            6      4
   -5.871577    -0.798439    -0.821630            6      4
   -4.990472    -3.615357    -0.821630            6      4
   -5.871577    -3.615357    -0.821630            6      4
   -4.990472    -0.798439    -3.638548            6      4
   -5.871577    -0.798439    -3.638548            6      4
   -5.871577    -3.615357    -3.638548            6      4
   -4.623818    -1.399691    -0.539398            6      4
   -6.238231    -1.399691    -0.539398            6      4
   -4.623818    -3.014104    -0.539398            6      4
   -6.238231    -3.014104    -0.539398            6      4
   -6.238231    -1.399691    -3.920779            6      4
   -6.238231    -3.014104    -3.920779            6      4
   -4.623818    -0.516207    -1.422882            6      4
   -6.238231    -0.516207    -1.422882            6      4
   -4.623818    -3.897589    -1.422882            6      4
   -6.238231    -3.897589    -1.422882            6      4
   -4.623818    -0.516207    -3.037295            6      4
   -6.238231    -0.516207    -3.037295            6      4
   -6.238231    -3.897589    -3.037295            6      4
   -3.740334    -1.399691    -1.422882            6      4
   -7.121715    -1.399691    -1.422882            6      4
   -7.121715    -3.014104    -1.422882            6      4
   -7.121715    -1.399691    -3.037295            6      4
   -7.121715    -3.014104    -3.037295            6      4
   -4.455152    -0.415454    -2.230089            6      4
   -6.406897    -0.415454    -2.230089            6      4
   -6.406897    -3.998342    -2.230089            6      4
   -7.222469    -1.231025    -2.230089            6      4
   -7.222469    -3.182771    -2.230089            6      4
   -4.455152    -2.206898    -0.438645            6      4
   -6.406897    -2.206898    -0.438645            6      4
   -6.406897    -2.206898    -4.021533            6      4
   -3.639580    -2.206898    -1.254216            6      4
   -7.222469    -2.206898    -1.254216            6      4
   -7.222469    -2.206898    -3.205962            6      4
   -5.431024    -1.231025    -0.438645            6      4
   -5.431024    -3.182771    -0.438645            6      4
   -5.431024    -1.231025    -4.021533            6      4
   -5.431024    -0.415454    -1.254216            6      4
   -5.431024    -3.998342    -1.254216            6      4
   -5.431024    -0.415454    -3.205962            6      4
   -5.431024    -3.998342    -3.205962            6      4
   -6.068068    -2.854541    -4.165770            1      5
   -4.748068    -2.854541    -5.485770            1      5
   -3.985966    -2.092438    -4.927872            1      5
   -5.510171    -2.092438    -4.927872            1      5
   -3.985966    -3.616643    -4.927872            1      5
   -5.510171    -3.616643    -4.927872            1      5
   -4.503716    -2.610188    -5.439734            1      5
   -4.992421    -2.610188    -5.439734            1      5
   -4.503716    -3.098893    -5.439734            1      5
   -4.992421    -3.098893    -5.439734            1      5
   -4.992421    -4.128505    -3.921417            1      5
   -4.992421    -1.580577    -4.410123            1      5
   -4.503716    -4.128505    -4.410123            1      5
   -4.992421    -4.128505    -4.410123            1      5
   -6.022032    -2.610188    -3.921417            1      5
   -6.022032    -3.098893    -3.921417            1      5
   -6.022032    -2.610188    -4.410123            1      5
   -6.022032    -3.098893    -4.410123            1      5
   -5.659424    -3.765897    -3.880706            1      5
   -5.659424    -1.943185    -4.450834            1      5
   -5.659424    -3.765897    -4.450834            1      5
   -3.836713    -2.569477    -5.077126            1      5
   -5.659424    -2.569477    -5.077126            1      5
   -3.836713    -3.139604    -5.077126            1      5
   -5.659424    -3.139604    -5.077126            1      5
   -4.463005    -1.943185    -5.077126            1      5
   -5.033132    -1.943185    -5.077126            1      5
   -4.463005    -3.765897    -5.077126            1      5
   -5.033132    -3.765897    -5.077126            1      5
   -4.225758    -2.332231    -5.259746            1      5
   -5.270378    -2.332231    -5.259746            1      5
   -4.225758    -3.376851    -5.259746            1      5
   -5.270378    -3.376851    -5.259746            1      5
   -4.225758    -1.760564    -4.688080            1      5
   -5.270378    -1.760564    -4.688080            1      5
   -4.225758    -3.948517    -4.688080            1      5
   -5.270378    -3.948517    -4.688080            1      5
   -5.842045    -3.376851    -3.643460            1      5
   -5.842045    -2.332231    -4.688080            1      5
   -3.654092    -3.376851    -4.688080            1      5
   -5.842045    -3.376851    -4.688080            1      5
   -5.379515    -1.695371    -4.165770            1      5
   -5.379515    -4.013711    -4.165770            1      5
   -5.907238    -2.223094    -4.165770            1      5
   -5.907238    -3.485988    -4.165770            1      5
   -4.116621    -2.854541    -5.324940            1      5
   -5.379515    -2.854541    -5.324940            1      5
   -3.588899    -2.854541    -4.797217            1      5
   -5.907238    -2.854541    -4.797217            1      5
   -4.748068    -2.223094    -5.324940            1      5
   -4.748068    -3.485988    -5.324940            1      5
   -4.748068    -1.695371    -4.797217            1      5
   -4.748068    -4.013711    -4.797217            1      5
   -7.156148    -1.228788    -2.569331            1      6
   -5.836148     0.091212    -2.569331            1      6
   -5.836148    -1.228788    -3.889331            1      6
   -5.074045    -0.466685    -1.807229            1      6
   -6.598250    -0.466685    -1.807229            1      6
   -5.074045    -0.466685    -3.331434            1      6
   -6.598250    -0.466685    -3.331434            1      6
   -5.591795    -0.984435    -3.843295            1      6
   -6.080500    -0.984435    -3.843295            1      6
   -5.591795    -1.473140    -3.843295            1      6
   -6.080500    -1.473140    -3.843295            1      6
   -5.591795     0.045176    -2.324979            1      6
   -6.080500     0.045176    -2.324979            1      6
   -5.591795     0.045176    -2.813684            1      6
   -6.080500     0.045176    -2.813684            1      6
   -7.110111    -0.984435    -2.324979            1      6
   -7.110111    -1.473140    -2.324979            1      6
   -7.110111    -0.984435    -2.813684            1      6
   -7.110111    -1.473140    -2.813684            1      6
   -4.924792    -0.317432    -2.284268            1      6
   -6.747503    -0.317432    -2.284268            1      6
   -4.924792    -0.317432    -2.854395            1      6
   -6.747503    -0.317432    -2.854395            1      6
   -6.747503    -0.943724    -1.657975            1      6
   -4.924792    -0.943724    -3.480687            1      6
   -6.747503    -0.943724    -3.480687            1      6
   -6.747503    -1.513851    -3.480687            1      6
   -5.551084    -0.317432    -1.657975            1      6
   -6.121211    -0.317432    -1.657975            1      6
   -5.551084    -0.317432    -3.480687            1      6
   -6.121211    -0.317432    -3.480687            1      6
   -6.358458    -0.706478    -1.475355            1      6
   -5.313838    -0.706478    -3.663308            1      6
   -6.358458    -0.706478    -3.663308            1      6
   -6.358458    -1.751098    -3.663308            1      6
   -5.313838    -0.134811    -2.047021            1      6
   -6.358458    -0.134811    -2.047021            1      6
   -5.313838    -0.134811    -3.091641            1      6
   -6.358458    -0.134811    -3.091641            1      6
   -6.930124    -0.706478    -2.047021            1      6
   -4.742171    -0.706478    -3.091641            1      6
   -6.930124    -0.706478    -3.091641            1      6
   -6.930124    -1.751098    -3.091641            1      6
   -5.204700    -0.069618    -2.569331            1      6
   -6.467595    -0.069618    -2.569331            1      6
   -4.676978    -0.597341    -2.569331            1      6
   -6.995317    -0.597341    -2.569331            1      6
   -6.467595    -1.228788    -3.728501            1      6
   -6.995317    -1.228788    -1.937884            1      6
   -6.995317    -1.228788    -3.200778            1      6
   -5.836148    -0.597341    -1.410161            1      6
   -5.836148    -0.597341    -3.728501            1      6
   -5.836148    -0.069618    -1.937884            1      6
   -5.836148    -0.069618    -3.200778            1      6
   -3.739927    -2.059346    -1.189344            1      7
   -5.059927    -0.739346    -1.189344            1      7
   -5.059927    -2.059346     0.130656            1      7
   -4.297825    -1.297243    -0.427242            1      7
   -5.822030    -1.297243    -0.427242            1      7
   -4.297825    -2.821448    -0.427242            1      7
   -5.822030    -2.821448    -0.427242            1      7
   -4.815575    -1.814993     0.084620            1      7
   -5.304280    -1.814993     0.084620            1      7
   -4.815575    -2.303698     0.084620            1      7
   -5.304280    -2.303698     0.084620            1      7
   -4.815575    -0.785382    -0.944992            1      7
   -5.304280    -0.785382    -0.944992            1      7
   -4.815575    -3.333309    -0.944992            1      7
   -4.815575    -0.785382    -1.433697            1      7
   -3.785964    -1.814993    -0.944992            1      7
   -3.785964    -2.303698    -0.944992            1      7
   -3.785964    -1.814993    -1.433697            1      7
   -4.148572    -1.147990    -0.904281            1      7
   -5.971283    -1.147990    -0.904281            1      7
   -4.148572    -2.970701    -0.904281            1      7
   -4.148572    -1.147990    -1.474408            1      7
   -4.148572    -1.774282    -0.277988            1      7
   -5.971283    -1.774282    -0.277988            1      7
   -4.148572    -2.344409    -0.277988            1      7
   -5.971283    -2.344409    -0.277988            1      7
   -4.774864    -1.147990    -0.277988            1      7
   -5.344991    -1.147990    -0.277988            1      7
   -4.774864    -2.970701    -0.277988            1      7
   -5.344991    -2.970701    -0.277988            1      7
   -4.537617    -1.537035    -0.095368            1      7
   -5.582238    -1.537035    -0.095368            1      7
   -4.537617    -2.581656    -0.095368            1      7
   -5.582238    -2.581656    -0.095368            1      7
   -4.537617    -0.965369    -0.667034            1      7
   -5.582238    -0.965369    -0.667034            1      7
   -4.537617    -3.153322    -0.667034            1      7
   -5.582238    -3.153322    -0.667034            1      7
   -3.965951    -1.537035    -0.667034            1      7
   -6.153904    -1.537035    -0.667034            1      7
   -3.965951    -2.581656    -0.667034            1      7
   -6.153904    -2.581656    -0.667034            1      7
   -4.428480    -0.900176    -1.189344            1      7
   -3.900758    -1.427898    -1.189344            1      7
   -3.900758    -2.690793    -1.189344            1      7
   -4.428480    -2.059346    -0.030174            1      7
   -5.691375    -2.059346    -0.030174            1      7
   -3.900758    -2.059346    -0.557897            1      7
   -6.219097    -2.059346    -0.557897            1      7
   -5.059927    -1.427898    -0.030174            1      7
   -5.059927    -2.690793    -0.030174            1      7
   -5.059927    -0.900176    -0.557897            1      7
   -5.059927    -3.218515    -0.557897            1      7
   -1.968297    -3.905788    -1.645722            1      8
   -3.288297    -3.905788    -0.325722            1      8
   -2.526195    -3.143685    -0.883620            1      8
   -4.050400    -3.143685    -0.883620            1      8
   -2.526195    -4.667890    -0.883620            1      8
   -4.050400    -4.667890    -0.883620            1      8
   -3.043945    -3.661435    -0.371758            1      8
   -3.532650    -3.661435    -0.371758            1      8
   -3.043945    -4.150140    -0.371758            1      8
   -3.532650    -4.150140    -0.371758            1      8
   -3.043945    -2.631824    -1.401369            1      8
   -3.532650    -2.631824    -1.401369            1      8
   -3.043945    -5.179752    -1.401369            1      8
   -3.532650    -5.179752    -1.401369            1      8
   -2.014334    -3.661435    -1.401369            1      8
   -2.014334    -4.150140    -1.401369            1      8
   -2.014334    -3.661435    -1.890075            1      8
   -2.014334    -4.150140    -1.890075            1      8
   -2.376942    -2.994432    -1.360658            1      8
   -2.376942    -4.817144    -1.360658            1      8
   -2.376942    -2.994432    -1.930786            1      8
   -2.376942    -4.817144    -1.930786            1      8
   -2.376942    -3.620724    -0.734366            1      8
   -4.199653    -3.620724    -0.734366            1      8
   -2.376942    -4.190851    -0.734366            1      8
   -4.199653    -4.190851    -0.734366            1      8
   -3.003234    -2.994432    -0.734366            1      8
   -3.573361    -2.994432    -0.734366            1      8
   -3.003234    -4.817144    -0.734366            1      8
   -3.573361    -4.817144    -0.734366            1      8
   -2.765987    -3.383478    -0.551746            1      8
   -3.810607    -3.383478    -0.551746            1      8
   -2.765987    -4.428098    -0.551746            1      8
   -3.810607    -4.428098    -0.551746            1      8
   -2.765987    -2.811811    -1.123412            1      8
   -3.810607    -2.811811    -1.123412            1      8
   -2.765987    -4.999764    -1.123412            1      8
   -3.810607    -4.999764    -1.123412            1      8
   -2.194321    -3.383478    -1.123412            1      8
   -4.382274    -3.383478    -1.123412            1      8
   -2.194321    -4.428098    -1.123412            1      8
   -4.382274    -4.428098    -1.123412            1      8
   -2.194321    -3.383478    -2.168032            1      8
   -2.656850    -2.746618    -1.645722            1      8
   -2.656850    -5.064958    -1.645722            1      8
   -2.129128    -3.274341    -1.645722            1      8
   -2.129128    -4.537235    -1.645722            1      8
   -2.656850    -3.905788    -0.486552            1      8
   -3.919744    -3.905788    -0.486552            1      8
   -2.129128    -3.905788    -1.014275            1      8
   -4.447467    -3.905788    -1.014275            1      8
   -3.288297    -3.274341    -0.486552            1      8
   -3.288297    -4.537235    -0.486552            1      8
   -3.288297    -2.746618    -1.014275            1      8
   -3.288297    -5.064958    -1.014275            1      8
   -5.796081    -4.809925    -2.670717            1      9
   -4.476081    -6.129925    -2.670717            1      9
   -3.713978    -5.572028    -1.908615            1      9
   -5.238183    -5.572028    -1.908615            1      9
   -3.713978    -5.572028    -3.432819            1      9
   -5.238183    -5.572028    -3.432819            1      9
   -4.720433    -4.565573    -1.396753            1      9
   -4.231728    -5.054278    -1.396753            1      9
   -4.720433    -5.054278    -1.396753            1      9
   -4.231728    -5.054278    -3.944681            1      9
   -4.720433    -5.054278    -3.944681            1      9
   -4.231728    -6.083889    -2.426364            1      9
   -4.720433    -6.083889    -2.426364            1      9
   -4.231728    -6.083889    -2.915070            1      9
   -4.720433    -6.083889    -2.915070            1      9
   -5.750045    -4.565573    -2.426364            1      9
   -5.750045    -5.054278    -2.426364            1      9
   -5.750045    -4.565573    -2.915070            1      9
   -5.750045    -5.054278    -2.915070            1      9
   -3.564725    -5.721281    -2.385653            1      9
   -5.387437    -5.721281    -2.385653            1      9
   -3.564725    -5.721281    -2.955781            1      9
   -5.387437    -5.721281    -2.955781            1      9
   -5.387437    -4.524862    -1.759361            1      9
   -5.387437    -5.094989    -1.759361            1      9
   -5.387437    -4.524862    -3.582073            1      9
   -5.387437    -5.094989    -3.582073            1      9
   -4.191017    -5.721281    -1.759361            1      9
   -4.761144    -5.721281    -1.759361            1      9
   -4.191017    -5.721281    -3.582073            1      9
   -4.761144    -5.721281    -3.582073            1      9
   -4.998391    -4.287615    -1.576741            1      9
   -3.953771    -5.332235    -1.576741            1      9
   -4.998391    -5.332235    -1.576741            1      9
   -3.953771    -5.332235    -3.764694            1      9
   -4.998391    -5.332235    -3.764694            1      9
   -3.953771    -5.903902    -2.148407            1      9
   -4.998391    -5.903902    -2.148407            1      9
   -3.953771    -5.903902    -3.193027            1      9
   -4.998391    -5.903902    -3.193027            1      9
   -5.570057    -4.287615    -2.148407            1      9
   -5.570057    -5.332235    -2.148407            1      9
   -5.570057    -4.287615    -3.193027            1      9
   -5.570057    -5.332235    -3.193027            1      9
   -3.844634    -5.969095    -2.670717            1      9
   -5.107528    -5.969095    -2.670717            1      9
   -5.635251    -4.178478    -2.670717            1      9
   -5.635251    -5.441372    -2.670717            1      9
   -5.107528    -4.809925    -1.511547            1      9
   -5.107528    -4.809925    -3.829887            1      9
   -5.635251    -4.809925    -2.039270            1      9
   -5.635251    -4.809925    -3.302164            1      9
   -4.476081    -5.441372    -1.511547            1      9
   -4.476081    -5.441372    -3.829887            1      9
   -4.476081    -5.969095    -2.039270            1      9
   -4.476081    -5.969095    -3.302164            1      9
   -1.548302    -4.318232    -3.334078            1     10
   -2.868302    -5.638232    -3.334078            1     10
   -2.868302    -4.318232    -4.654078            1     10
   -2.106200    -5.080335    -2.571976            1     10
   -2.106200    -3.556130    -4.096180            1     10
   -2.106200    -5.080335    -4.096180            1     10
   -3.630405    -5.080335    -4.096180            1     10
   -2.623950    -4.073880    -4.608042            1     10
   -3.112655    -4.073880    -4.608042            1     10
   -2.623950    -4.562585    -4.608042            1     10
   -3.112655    -4.562585    -4.608042            1     10
   -2.623950    -5.592196    -3.089725            1     10
   -3.112655    -5.592196    -3.089725            1     10
   -2.623950    -5.592196    -3.578431            1     10
   -3.112655    -5.592196    -3.578431            1     10
   -1.594339    -4.073880    -3.089725            1     10
   -1.594339    -4.562585    -3.089725            1     10
   -1.594339    -4.073880    -3.578431            1     10
   -1.594339    -4.562585    -3.578431            1     10
   -1.956947    -3.406877    -3.049014            1     10
   -1.956947    -5.229588    -3.049014            1     10
   -1.956947    -3.406877    -3.619142            1     10
   -1.956947    -5.229588    -3.619142            1     10
   -1.956947    -4.033169    -2.422722            1     10
   -1.956947    -4.603296    -2.422722            1     10
   -1.956947    -4.033169    -4.245434            1     10
   -1.956947    -4.603296    -4.245434            1     10
   -2.583239    -3.406877    -4.245434            1     10
   -2.583239    -5.229588    -4.245434            1     10
   -3.153366    -5.229588    -4.245434            1     10
   -2.345992    -3.795922    -4.428054            1     10
   -3.390612    -3.795922    -4.428054            1     10
   -2.345992    -4.840542    -4.428054            1     10
   -3.390612    -4.840542    -4.428054            1     10
   -2.345992    -5.412209    -2.811768            1     10
   -2.345992    -3.224256    -3.856388            1     10
   -2.345992    -5.412209    -3.856388            1     10
   -3.390612    -5.412209    -3.856388            1     10
   -1.774326    -3.795922    -2.811768            1     10
   -1.774326    -4.840542    -2.811768            1     10
   -1.774326    -3.795922    -3.856388            1     10
   -1.774326    -4.840542    -3.856388            1     10
   -2.236855    -3.159063    -3.334078            1     10
   -2.236855    -5.477402    -3.334078            1     10
   -1.709133    -3.686785    -3.334078            1     10
   -1.709133    -4.949679    -3.334078            1     10
   -2.236855    -4.318232    -4.493248            1     10
   -3.499749    -4.318232    -4.493248            1     10
   -1.709133    -4.318232    -2.702631            1     10
   -1.709133    -4.318232    -3.965525            1     10
   -2.868302    -3.686785    -4.493248            1     10
   -2.868302    -4.949679    -4.493248            1     10
   -2.868302    -5.477402    -2.702631            1     10
   -2.868302    -5.477402    -3.965525            1     10
