$hessian                                                                        
        0.8065486507   0.1146110193  -0.0670884102  -0.3165338716  -0.0668763437
        0.1700835801   0.0041024894   0.0028190211  -0.0058793817  -0.3644322174
       -0.0404711392  -0.1037297372  -0.0335944742  -0.0057444851   0.0113211797
       -0.0960905769  -0.0043380724  -0.0047072307
        0.1146110193   0.2246833881  -0.0746496056  -0.0669873270  -0.0595823283
        0.0481042356  -0.0003602084  -0.0087523527   0.0015294654  -0.0417993599
       -0.0744878924  -0.0112213667  -0.0023753802  -0.0089814547   0.0003833775
       -0.0030887437  -0.0728793600   0.0358538938
       -0.0670884102  -0.0746496056   0.7664319923   0.1700981627   0.0480288419
       -0.2071726374   0.0235755533   0.0068049204  -0.0319567530  -0.0922089357
       -0.0092008019  -0.1316677782  -0.0181646867  -0.0047645850   0.0059119573
       -0.0162116835   0.0337812302  -0.4015467811
       -0.3165338716  -0.0669873270   0.1700981627   0.6787915644   0.1180293923
       -0.0407798723  -0.0499454367  -0.0037262725  -0.0348223255  -0.0715820519
       -0.0160284858   0.0111994162  -0.2473734912  -0.0300737802  -0.1073605116
        0.0066432869  -0.0012135268   0.0016651305
       -0.0668763437  -0.0595823283   0.0480288419   0.1180293923   0.0604219860
       -0.0758956833  -0.0028631625  -0.0101427974   0.0254250622  -0.0121657898
        0.0100720324   0.0021095071  -0.0310800390  -0.0113121575  -0.0088633662
       -0.0050440572   0.0105432647   0.0091956384
        0.1700835801   0.0481042356  -0.2071726374  -0.0407798723  -0.0758956833
        0.6560631272  -0.0429313850   0.0238937218  -0.2952088854  -0.0238635030
       -0.0040114527   0.0108098866  -0.0992406310  -0.0074336356  -0.0965772347
        0.0367318112   0.0153428142  -0.0679142563
        0.0041024894  -0.0003602084   0.0235755533  -0.0499454367  -0.0028631625
       -0.0429313850   0.0509561807   0.0031628400   0.0356155313   0.0014837528
        0.0005851681   0.0003218896  -0.0040663146   0.0023485544  -0.0229269738
       -0.0025306716  -0.0028731915   0.0063453846
        0.0028190211  -0.0087523527   0.0068049204  -0.0037262725  -0.0101427974
        0.0238937218   0.0031628400   0.0145748740  -0.0296641671   0.0006956142
       -0.0018632848  -0.0005745720   0.0000408494  -0.0028426359  -0.0030161412
       -0.0029920522   0.0090261969   0.0025562382
       -0.0058793817   0.0015294654  -0.0319567530  -0.0348223255   0.0254250622
       -0.2952088854   0.0356155313  -0.0296641671   0.3391491275  -0.0005969206
       -0.0007402298   0.0037365506  -0.0017138331   0.0006673091  -0.0121044799
        0.0073969295   0.0027825603  -0.0036155598
       -0.3644322174  -0.0417993599  -0.0922089357  -0.0715820519  -0.0121657898
       -0.0238635030   0.0014837528   0.0006956142  -0.0005969206   0.4518510815
        0.0574468189   0.1520157804  -0.0074494733  -0.0035171357   0.0047204996
       -0.0098710917  -0.0006601477  -0.0400669207
       -0.0404711392  -0.0744878924  -0.0092008019  -0.0160284858   0.0100720324
       -0.0040114527   0.0005851681  -0.0018632848  -0.0007402298   0.0574468189
        0.0378790339   0.0122241320  -0.0036748534   0.0089992845   0.0017660121
        0.0021424914   0.0194008265  -0.0000376596
       -0.1037297372  -0.0112213667  -0.1316677782   0.0111994162   0.0021095071
        0.0108098866   0.0003218896  -0.0005745720   0.0037365506   0.1520157804
        0.0122241320   0.1602557147   0.0057898382   0.0019704793   0.0013484438
       -0.0655971871  -0.0045081797  -0.0444828175
       -0.0335944742  -0.0023753802  -0.0181646867  -0.2473734912  -0.0310800390
       -0.0992406310  -0.0040663146   0.0000408494  -0.0017138331  -0.0074494733
       -0.0036748534   0.0057898382   0.2889178124   0.0361145090   0.1132464320
        0.0035659409   0.0009749144   0.0000828805
       -0.0057444851  -0.0089814547  -0.0047645850  -0.0300737802  -0.0113121575
       -0.0074336356   0.0023485544  -0.0028426359   0.0006673091  -0.0035171357
        0.0089992845   0.0019704793   0.0361145090   0.0159882832   0.0099643853
        0.0008723377  -0.0018513197  -0.0004039532
        0.0113211797   0.0003833775   0.0059119573  -0.1073605116  -0.0088633662
       -0.0965772347  -0.0229269738  -0.0030161412  -0.0121044799   0.0047204996
        0.0017660121   0.0013484438   0.1132464320   0.0099643853   0.0997612170
        0.0009993741  -0.0002342675   0.0016600964
       -0.0960905769  -0.0030887437  -0.0162116835   0.0066432869  -0.0050440572
        0.0367318112  -0.0025306716  -0.0029920522   0.0073969295  -0.0098710917
        0.0021424914  -0.0655971871   0.0035659409   0.0008723377   0.0009993741
        0.0982831124   0.0081100240   0.0366807558
       -0.0043380724  -0.0728793600   0.0337812302  -0.0012135268   0.0105432647
        0.0153428142  -0.0028731915   0.0090261969   0.0027825603  -0.0006601477
        0.0194008265  -0.0045081797   0.0009749144  -0.0018513197  -0.0002342675
        0.0081100240   0.0357603916  -0.0471641576
       -0.0047072307   0.0358538938  -0.4015467811   0.0016651305   0.0091956384
       -0.0679142563   0.0063453846   0.0025562382  -0.0036155598  -0.0400669207
       -0.0000376596  -0.0444828175   0.0000828805  -0.0004039532   0.0016600964
        0.0366807558  -0.0471641576   0.5158993183
