$hessian                                                                        
        0.4494006877   0.0182364919  -0.0262939989  -0.1155655413  -0.0523689504
       -0.0151738927   0.0082040240  -0.0037886802  -0.0049258161   0.0016128931
        0.0034363272   0.0025672004  -0.0937111714   0.0192517157  -0.0430644262
       -0.0284641866   0.0059315523  -0.0239758069   0.0024201148   0.0008708088
        0.0015558521   0.0010281779   0.0011148777  -0.0024105097  -0.0043291973
       -0.0027080096  -0.0027693415  -0.0781394969   0.0631963163   0.0374275957
       -0.1114563253  -0.0291668770   0.0870487741  -0.0198522039  -0.0153453239
       -0.0091023539  -0.0091060199  -0.0105493543  -0.0025496907  -0.0017218253
        0.0009077822  -0.0004281519  -0.0003199296   0.0009813232   0.0020945664
        0.0182364919   0.4456940375   0.0094771830  -0.0572886050  -0.1194483742
       -0.0167922874  -0.0123277848  -0.0143030471  -0.0107605951   0.0031207124
       -0.0035722693  -0.0040312344   0.0360589667  -0.1042286012   0.0603880771
       -0.0085177843   0.0091267455  -0.0157689122  -0.0034950561   0.0012392554
       -0.0023827948  -0.0016795753   0.0005681427  -0.0014385992  -0.0040847189
       -0.0012526713  -0.0020624991   0.0613356226  -0.1485262017  -0.0546687561
       -0.0267588768  -0.0552292408   0.0353066586   0.0099945341   0.0056750001
        0.0031861108  -0.0147715314  -0.0157675753  -0.0036275279   0.0009510093
       -0.0002426321   0.0008966908  -0.0007734043   0.0002674318   0.0022784860
       -0.0262939989   0.0094771830   0.4468582526  -0.0225227243  -0.0233699253
       -0.0724410855  -0.0110761447  -0.0121360323  -0.0041303206   0.0005967784
       -0.0052464636  -0.0056666200  -0.0586677545   0.0489192147  -0.1297789411
       -0.0135398572  -0.0031593460  -0.0157173352  -0.0001861730   0.0017559465
        0.0009971911   0.0036043061   0.0000682241   0.0038151799  -0.0020210366
       -0.0009778467  -0.0003527503   0.0363529934  -0.0590839109  -0.0722920293
        0.0893339205   0.0351613905  -0.1492905644  -0.0102139361  -0.0082759622
       -0.0047966054   0.0154512893   0.0171634713   0.0049437340  -0.0003494573
        0.0004528355   0.0001608436  -0.0004682050  -0.0007487787  -0.0023089495
       -0.1155655413  -0.0572886050  -0.0225227243   0.4784963277   0.0163130410
        0.0338452448  -0.0711851164   0.0127065798   0.0166662530   0.0088880398
       -0.0200627274  -0.0209632506  -0.0183443186  -0.0114337046  -0.0112282539
       -0.0031994218   0.0001091011  -0.0036924915  -0.0000870011   0.0002914874
        0.0000284319   0.0001923317   0.0001759998  -0.0002920413  -0.0005078506
       -0.0005673542  -0.0002863721   0.0064591316   0.0054479212   0.0006423870
       -0.0141110065  -0.0150848416  -0.0010546489  -0.1863719764   0.0849491547
       -0.0665155372  -0.0603436726  -0.0377245739   0.0484961383  -0.0174869186
        0.0184161523   0.0154819657  -0.0068330069   0.0037523694   0.0113948992
       -0.0523689504  -0.1194483742  -0.0233699253   0.0163130410   0.4477817241
       -0.0821068374   0.0155485917  -0.0520029458  -0.0007138694  -0.0158236771
       -0.0329305592  -0.0324801588   0.0034211535   0.0084009778   0.0005752172
        0.0023336612   0.0006097016   0.0021062842   0.0001062326   0.0000202959
        0.0001707979  -0.0000785366  -0.0001191238   0.0000506785   0.0006216271
        0.0004580698   0.0003335774  -0.0155497362  -0.0231502486  -0.0097938416
       -0.0134433328  -0.0094351924   0.0008005129   0.0828272516  -0.0921398962
        0.0398799682  -0.0389389567  -0.1190653480   0.1070773592   0.0195577250
       -0.0151231005  -0.0108621555  -0.0045260938   0.0061440193   0.0083323924
       -0.0151738927  -0.0167922874  -0.0724410855   0.0338452448  -0.0821068374
        0.4426726688   0.0183070962   0.0025970902  -0.0618703779  -0.0169591867
       -0.0309356271  -0.0182902369  -0.0200088317  -0.0138526417  -0.0086980561
       -0.0020790610   0.0014191447  -0.0028739638  -0.0000055849   0.0000833937
        0.0000362972  -0.0001282436   0.0000072875   0.0000265023  -0.0010839165
       -0.0004959413  -0.0003399509  -0.0086743216  -0.0148808467  -0.0045372913
        0.0126806588   0.0128970680   0.0063740087  -0.0708026434   0.0437566887
       -0.0739905289   0.0489781192   0.1019764973  -0.1799259158   0.0004089187
        0.0028033950   0.0044729843   0.0206956443  -0.0064763835  -0.0306150543
        0.0082040240  -0.0123277848  -0.0110761447  -0.0711851164   0.0155485917
        0.0183070962   0.3885686971   0.0559745625   0.0540343560  -0.1912788237
       -0.1079932763  -0.0652891984  -0.0026045692   0.0009190630   0.0007485190
       -0.0000366894  -0.0005190998  -0.0014767496  -0.0002469516   0.0004965986
        0.0002312788  -0.0001017387  -0.0001950295   0.0002216299  -0.0002810759
       -0.0001067779  -0.0002060091  -0.0021534787  -0.0043523497  -0.0019308026
       -0.0004465552  -0.0023886414  -0.0018703493  -0.0127498248   0.0172072273
        0.0143374971  -0.0026248136   0.0036572080   0.0086508665  -0.0719564240
        0.0278238103  -0.0154431947  -0.0411066600   0.0062558978   0.0007612049
       -0.0037886802  -0.0143030471  -0.0121360323   0.0127065798  -0.0520029458
        0.0025970902   0.0559745625   0.3687120313   0.0258895485  -0.1087823916
       -0.1778316039  -0.0581659450   0.0022523606  -0.0009580537   0.0018636532
       -0.0011769924  -0.0006599385  -0.0004595316   0.0000498159   0.0002306506
        0.0000162314   0.0000516617   0.0001642257  -0.0002747664   0.0003928095
       -0.0000428097   0.0005021477  -0.0007591606   0.0003287824  -0.0008202239
        0.0007179072  -0.0005891721  -0.0020974355   0.0084763056  -0.0087283003
       -0.0090143586  -0.0060265543   0.0078923513   0.0120578068   0.0373507354
       -0.0742990038   0.0230472033   0.0025610409  -0.0479131665   0.0169946122
       -0.0049258161  -0.0107605951  -0.0041303206   0.0166662530  -0.0007138694
       -0.0618703779   0.0540343560   0.0258895485   0.3258292843  -0.0695459007
       -0.0619201766  -0.1142332517   0.0010488264   0.0019546807  -0.0003575023
       -0.0016647923  -0.0015934695  -0.0002556637  -0.0000240207   0.0006332863
        0.0001386427   0.0004052865   0.0002140411  -0.0002995975   0.0003045584
        0.0000193025   0.0002167392   0.0010132078   0.0036361050   0.0008861140
        0.0024171807   0.0025904256   0.0002913351  -0.0039072748   0.0055462613
        0.0061516807   0.0091863967  -0.0095651597  -0.0178688052  -0.0130282725
        0.0162534856  -0.0516006788   0.0080200115   0.0278161337  -0.0828975983
        0.0016128931   0.0031207124   0.0005967784   0.0088880398  -0.0158236771
       -0.0169591867  -0.1912788237  -0.1087823916  -0.0695459007   0.2516779853
        0.1848222837   0.1097482182   0.0008628922  -0.0007234320  -0.0007751215
        0.0003844821   0.0007206994   0.0010022938   0.0001278180  -0.0004165973
       -0.0001550418   0.0000672562   0.0000600749  -0.0000250774  -0.0000228833
        0.0000718250  -0.0000634230   0.0002118810  -0.0011009989  -0.0005295947
        0.0004346418   0.0010947585   0.0009741331   0.0026158512  -0.0027676763
       -0.0000420972   0.0003963458   0.0003860706  -0.0019816530  -0.0499896913
       -0.0186704100  -0.0306436061  -0.0259886883  -0.0419912413   0.0083992786
        0.0034363272  -0.0035722693  -0.0052464636  -0.0200627274  -0.0329305592
       -0.0309356271  -0.1079932763  -0.1778316039  -0.0619201766   0.1848222837
        0.2329807632   0.1055443795  -0.0009284751  -0.0002831486  -0.0014745952
        0.0004682518   0.0006371619   0.0003913178   0.0000543451  -0.0002647049
       -0.0000273503   0.0000170333  -0.0000782716   0.0001204081  -0.0003355589
        0.0000392855  -0.0003302741  -0.0008939305  -0.0026130574  -0.0011838667
        0.0008683042   0.0010932760   0.0004096626  -0.0009743268   0.0017657403
        0.0022189841   0.0003125497   0.0010586447  -0.0007499124  -0.0183628939
        0.0188750400  -0.0105968718  -0.0404279060  -0.0388762966   0.0037803859
        0.0025672004  -0.0040312344  -0.0056666200  -0.0209632506  -0.0324801588
       -0.0182902369  -0.0652891984  -0.0581659450  -0.1142332517   0.1097482182
        0.1055443795   0.1197056784  -0.0002797336  -0.0010154372  -0.0001385514
        0.0005425121   0.0007254961   0.0002297622   0.0000166753  -0.0003358366
       -0.0000658362  -0.0001738142  -0.0001245398   0.0001316260  -0.0002006431
       -0.0000013382  -0.0001342739  -0.0010893885  -0.0027202042  -0.0009111368
        0.0001401536   0.0001322341   0.0001700689   0.0001231964   0.0008399719
        0.0013500136  -0.0009610357   0.0013739296   0.0027616629  -0.0311305653
       -0.0100496680  -0.0087177116   0.0069496735   0.0003083511   0.0238088062
       -0.0937111714   0.0360589667  -0.0586677545  -0.0183443186   0.0034211535
       -0.0200088317  -0.0026045692   0.0022523606   0.0010488264   0.0008628922
       -0.0009284751  -0.0002797336   0.3238441280   0.0845475246   0.1368516059
       -0.1456441467  -0.0882837255  -0.0212906963   0.0042196822  -0.0145870498
       -0.0072427649  -0.0347783352  -0.0276059570   0.0022691158  -0.0219697983
       -0.0113230828  -0.0120942225  -0.0201485495   0.0222989225  -0.0197348696
        0.0075143475  -0.0031716680  -0.0000852475  -0.0031011609  -0.0031795135
       -0.0022298739   0.0017295371   0.0013850766   0.0013236847   0.0016808896
       -0.0008762155   0.0004204550   0.0004505730  -0.0000083174  -0.0002796934
        0.0192517157  -0.1042286012   0.0489192147  -0.0114337046   0.0084009778
       -0.0138526417   0.0009190630  -0.0009580537   0.0019546807  -0.0007234320
       -0.0002831486  -0.0010154372   0.0845475246   0.3125120723  -0.0640278538
       -0.0737541029  -0.1440418129  -0.0018662613  -0.0281613377  -0.0389154548
       -0.0147719720  -0.0219193410  -0.0121651015   0.0062719169   0.0077737105
        0.0093312332   0.0012858459   0.0238451082  -0.0228306666   0.0236213094
        0.0041729290  -0.0078849062   0.0173444875  -0.0040749717  -0.0014870258
       -0.0019173596   0.0006988650   0.0011916529  -0.0004563159  -0.0013427366
        0.0005705047  -0.0007953057   0.0002007107   0.0007883303  -0.0006943079
       -0.0430644262   0.0603880771  -0.1297789411  -0.0112282539   0.0005752172
       -0.0086980561   0.0007485190   0.0018636532  -0.0003575023  -0.0007751215
       -0.0014745952  -0.0001385514   0.1368516059  -0.0640278538   0.2426408237
       -0.0336605944  -0.0154696702  -0.0684545763  -0.0128052477  -0.0154000816
       -0.0029891082   0.0139116860   0.0150589462   0.0085536084  -0.0239103446
       -0.0147986049  -0.0102637488  -0.0090236142   0.0114584892   0.0044035468
       -0.0169330553   0.0240956376  -0.0370959770  -0.0005854356  -0.0010460463
       -0.0003251213   0.0010765311  -0.0001530325   0.0015849914   0.0000319967
       -0.0002530489   0.0002179877  -0.0006342454  -0.0008170870   0.0007006244
       -0.0284641866  -0.0085177843  -0.0135398572  -0.0031994218   0.0023336612
       -0.0020790610  -0.0000366894  -0.0011769924  -0.0016647923   0.0003844821
        0.0004682518   0.0005425121  -0.1456441467  -0.0737541029  -0.0336605944
        0.4479477092  -0.0359113872   0.0136516421  -0.0730327292   0.0710623032
        0.0277630321  -0.1030279103  -0.0116704367   0.0889738280  -0.0979173436
        0.0595782247  -0.0806927023   0.0009601582  -0.0016542339  -0.0005989715
        0.0030320899  -0.0002442822   0.0017796774  -0.0005624624  -0.0010851190
       -0.0007155401  -0.0000333914   0.0004309617  -0.0003659321  -0.0001943363
        0.0002418305   0.0001408654  -0.0002118219  -0.0001008945   0.0004658938
        0.0059315523   0.0091267455  -0.0031593460   0.0001091011   0.0006097016
        0.0014191447  -0.0005190998  -0.0006599385  -0.0015934695   0.0007206994
        0.0006371619   0.0007254961  -0.0882837255  -0.1440418129  -0.0154696702
       -0.0359113872   0.4548643762  -0.0365550220   0.0663791666  -0.1786884535
       -0.0520866414  -0.0110251493  -0.0461850893   0.0226802133   0.0562830468
       -0.0976330099   0.0796385128   0.0038611190   0.0014186223   0.0027567533
        0.0017256133   0.0007157901   0.0014007076   0.0005424576  -0.0001723019
        0.0000977055  -0.0000593595   0.0003171674  -0.0003814340   0.0003006735
       -0.0001153354   0.0002477236  -0.0000547084  -0.0001936235   0.0002793263
       -0.0239758069  -0.0157689122  -0.0157173352  -0.0036924915   0.0021062842
       -0.0028739638  -0.0014767496  -0.0004595316  -0.0002556637   0.0010022938
        0.0003913178   0.0002297622  -0.0212906963  -0.0018662613  -0.0684545763
        0.0136516421  -0.0365550220   0.4894387892   0.0256942847  -0.0523208692
       -0.0670993142   0.0918410729   0.0246237188  -0.1751483528  -0.0788483795
        0.0822922827  -0.1611330742   0.0010864359  -0.0002797550   0.0013518382
       -0.0040144213  -0.0016817171   0.0002796093  -0.0008855837  -0.0009614569
       -0.0006178850   0.0001917208   0.0004289052  -0.0000285264   0.0004752683
       -0.0002498462   0.0001652139   0.0002414104   0.0003008629  -0.0001365210
        0.0024201148  -0.0034950561  -0.0001861730  -0.0000870011   0.0001062326
       -0.0000055849  -0.0002469516   0.0000498159  -0.0000240207   0.0001278180
        0.0000543451   0.0000166753   0.0042196822  -0.0281613377  -0.0128052477
       -0.0730327292   0.0663791666   0.0256942847   0.0832650341  -0.0690125500
       -0.0286499846  -0.0094681977   0.0171665678   0.0095397003  -0.0073507010
        0.0154766492   0.0048102344   0.0004857644   0.0010326023   0.0014422124
       -0.0005959512   0.0002868285   0.0001532920   0.0000391080   0.0000285228
       -0.0000256803   0.0000954626   0.0000924653  -0.0000425847   0.0000963297
       -0.0000125733   0.0000908850   0.0000322179   0.0000083212  -0.0000080082
        0.0008708088   0.0012392554   0.0017559465   0.0002914874   0.0000202959
        0.0000833937   0.0004965986   0.0002306506   0.0006332863  -0.0004165973
       -0.0002647049  -0.0003358366  -0.0145870498  -0.0389154548  -0.0154000816
        0.0710623032  -0.1786884535  -0.0523208692  -0.0690125500   0.2309951662
        0.0718502243   0.0024242701   0.0009668257  -0.0010596391   0.0104749181
       -0.0171786300  -0.0039597071  -0.0015401790   0.0011878038  -0.0007546300
        0.0000835247  -0.0000696128  -0.0001880405  -0.0000586250   0.0002299379
       -0.0000233239   0.0002104052   0.0000653450  -0.0000211084  -0.0002723767
        0.0001341224  -0.0001146679  -0.0000269385   0.0000474530  -0.0001449466
        0.0015558521  -0.0023827948   0.0009971911   0.0000284319   0.0001707979
        0.0000362972   0.0002312788   0.0000162314   0.0001386427  -0.0001550418
       -0.0000273503  -0.0000658362  -0.0072427649  -0.0147719720  -0.0029891082
        0.0277630321  -0.0520866414  -0.0670993142  -0.0286499846   0.0718502243
        0.0763012292   0.0162635044  -0.0236671838  -0.0136520996  -0.0098182482
        0.0199070760   0.0064548680  -0.0002682361   0.0008076983   0.0002034864
        0.0003230847  -0.0001403336  -0.0002409753  -0.0000267714   0.0001002900
       -0.0000130331   0.0001133708   0.0001049987  -0.0000021371  -0.0001192025
        0.0001063634  -0.0000518297   0.0000016948   0.0000125959  -0.0000173813
        0.0010281779  -0.0016795753   0.0036043061   0.0001923317  -0.0000785366
       -0.0001282436  -0.0001017387   0.0000516617   0.0004052865   0.0000672562
        0.0000170333  -0.0001738142  -0.0347783352  -0.0219193410   0.0139116860
       -0.1030279103  -0.0110251493   0.0918410729  -0.0094681977   0.0024242701
        0.0162635044   0.1367427344   0.0283207267  -0.1123516384   0.0084643354
        0.0025898871  -0.0114531420   0.0000488144   0.0001602734  -0.0000850165
        0.0004553911   0.0006993087  -0.0014497240   0.0000457719   0.0001341288
       -0.0000058553   0.0002575616   0.0002167031  -0.0000949043  -0.0000161593
       -0.0000152730  -0.0000301039   0.0000899665   0.0001038822  -0.0002534138
        0.0011148777   0.0005681427   0.0000682241   0.0001759998  -0.0001191238
        0.0000072875  -0.0001950295   0.0001642257   0.0002140411   0.0000600749
       -0.0000782716  -0.0001245398  -0.0276059570  -0.0121651015   0.0150589462
       -0.0116704367  -0.0461850893   0.0246237188   0.0171665678   0.0009668257
       -0.0236671838   0.0283207267   0.0593710471  -0.0308154976  -0.0077184944
       -0.0028083272   0.0158247529  -0.0001027013  -0.0001611121  -0.0003834348
        0.0001736216   0.0003672360  -0.0006716699   0.0000496512   0.0000715632
       -0.0000263625   0.0001271586   0.0000528846  -0.0000207624   0.0000605172
       -0.0000741562   0.0000296706   0.0000434234   0.0000292567  -0.0001171905
       -0.0024105097  -0.0014385992   0.0038151799  -0.0002920413   0.0000506785
        0.0000265023   0.0002216299  -0.0002747664  -0.0002995975  -0.0000250774
        0.0001204081   0.0001316260   0.0022691158   0.0062719169   0.0085536084
        0.0889738280   0.0226802133  -0.1751483528   0.0095397003  -0.0010596391
       -0.0136520996  -0.1123516384  -0.0308154976   0.1999788030   0.0125073209
        0.0047851472  -0.0233295931   0.0002309154  -0.0000634708  -0.0006959094
        0.0016294277  -0.0002297898   0.0005560465  -0.0000137230  -0.0000499835
        0.0000115293  -0.0001100085  -0.0000487627  -0.0000642182  -0.0000945516
        0.0000989941   0.0000162232  -0.0000743882  -0.0000268491   0.0001002520
       -0.0043291973  -0.0040847189  -0.0020210366  -0.0005078506   0.0006216271
       -0.0010839165  -0.0002810759   0.0003928095   0.0003045584  -0.0000228833
       -0.0003355589  -0.0002006431  -0.0219697983   0.0077737105  -0.0239103446
       -0.0979173436   0.0562830468  -0.0788483795  -0.0073507010   0.0104749181
       -0.0098182482   0.0084643354  -0.0077184944   0.0125073209   0.1235401665
       -0.0627024796   0.1025755083   0.0003811074  -0.0003273645   0.0001584499
        0.0000535704  -0.0001463454   0.0004182849  -0.0002492954  -0.0002401566
       -0.0001645026   0.0000577567   0.0001021772   0.0000780819   0.0001083790
       -0.0000698524   0.0000214198   0.0000228298  -0.0000233184  -0.0000165529
       -0.0027080096  -0.0012526713  -0.0009778467  -0.0005673542   0.0004580698
       -0.0004959413  -0.0001067779  -0.0000428097   0.0000193025   0.0000718250
        0.0000392855  -0.0000013382  -0.0113230828   0.0093312332  -0.0147986049
        0.0595782247  -0.0976330099   0.0822922827   0.0154766492  -0.0171786300
        0.0199070760   0.0025898871  -0.0028083272   0.0047851472  -0.0627024796
        0.1088083933  -0.0903661348  -0.0003425202   0.0002311232  -0.0000511734
        0.0000533412  -0.0000176702  -0.0001955670  -0.0001812366  -0.0001313742
       -0.0001273966   0.0001104027   0.0001227790   0.0000034508   0.0000199272
        0.0000458571   0.0000162371   0.0000312039   0.0000277515  -0.0000094933
       -0.0027693415  -0.0020624991  -0.0003527503  -0.0002863721   0.0003335774
       -0.0003399509  -0.0002060091   0.0005021477   0.0002167392  -0.0000634230
       -0.0003302741  -0.0001342739  -0.0120942225   0.0012858459  -0.0102637488
       -0.0806927023   0.0796385128  -0.1611330742   0.0048102344  -0.0039597071
        0.0064548680  -0.0114531420   0.0158247529  -0.0233295931   0.1025755083
       -0.0903661348   0.1880696605   0.0001828334  -0.0002594667   0.0000553937
        0.0000208405  -0.0002695516   0.0007153327  -0.0001472172  -0.0001523845
       -0.0000928473  -0.0000462735  -0.0000157606   0.0000694311   0.0001414259
       -0.0000988121   0.0000257078   0.0000278609  -0.0000702459   0.0000391054
       -0.0781394969   0.0613356226   0.0363529934   0.0064591316  -0.0155497362
       -0.0086743216  -0.0021534787  -0.0007591606   0.0010132078   0.0002118810
       -0.0008939305  -0.0010893885  -0.0201485495   0.0238451082  -0.0090236142
        0.0009601582   0.0038611190   0.0010864359   0.0004857644  -0.0015401790
       -0.0002682361   0.0000488144  -0.0001027013   0.0002309154   0.0003811074
       -0.0003425202   0.0001828334   0.1027627693  -0.0845907108  -0.0333886657
       -0.0123937125   0.0163649006   0.0144049493   0.0010484981  -0.0012455270
       -0.0003474009  -0.0001737510  -0.0002761567  -0.0002882090   0.0004973587
       -0.0002820770   0.0000994792   0.0001535055   0.0001759488  -0.0002909782
        0.0631963163  -0.1485262017  -0.0590839109   0.0054479212  -0.0231502486
       -0.0148808467  -0.0043523497   0.0003287824   0.0036361050  -0.0011009989
       -0.0026130574  -0.0027202042   0.0222989225  -0.0228306666   0.0114584892
       -0.0016542339   0.0014186223  -0.0002797550   0.0010326023   0.0011878038
        0.0008076983   0.0001602734  -0.0001611121  -0.0000634708  -0.0003273645
        0.0002311232  -0.0002594667  -0.0845907108   0.1881640748   0.0612835039
       -0.0009526395   0.0033231078  -0.0003378087   0.0001163865   0.0018963286
        0.0005941422   0.0000820532  -0.0002938877  -0.0001068232   0.0003377317
        0.0002809548   0.0002693283   0.0003060901   0.0007443762  -0.0003169806
        0.0374275957  -0.0546687561  -0.0722920293   0.0006423870  -0.0097938416
       -0.0045372913  -0.0019308026  -0.0008202239   0.0008861140  -0.0005295947
       -0.0011838667  -0.0009111368  -0.0197348696   0.0236213094   0.0044035468
       -0.0005989715   0.0027567533   0.0013518382   0.0014422124  -0.0007546300
        0.0002034864  -0.0000850165  -0.0003834348  -0.0006959094   0.0001584499
       -0.0000511734   0.0000553937  -0.0333886657   0.0612835039   0.0849822460
        0.0166780045  -0.0200970190  -0.0137399264  -0.0004891508  -0.0002864851
        0.0002271485   0.0003441322  -0.0000579978  -0.0003726041   0.0001149709
        0.0002889034   0.0000516159  -0.0000506811   0.0001469585   0.0003875079
       -0.1114563253  -0.0267588768   0.0893339205  -0.0141110065  -0.0134433328
        0.0126806588  -0.0004465552   0.0007179072   0.0024171807   0.0004346418
        0.0008683042   0.0001401536   0.0075143475   0.0041729290  -0.0169330553
        0.0030320899   0.0017256133  -0.0040144213  -0.0005959512   0.0000835247
        0.0003230847   0.0004553911   0.0001736216   0.0016294277   0.0000535704
        0.0000533412   0.0000208405  -0.0123937125  -0.0009526395   0.0166780045
        0.1301896053   0.0351273292  -0.0995547530  -0.0002542892  -0.0001509585
       -0.0000236519  -0.0035679655  -0.0023573387  -0.0008904065   0.0003152212
        0.0000492057  -0.0002387967   0.0008309382   0.0006913703  -0.0015681864
       -0.0291668770  -0.0552292408   0.0351613905  -0.0150848416  -0.0094351924
        0.0128970680  -0.0023886414  -0.0005891721   0.0025904256   0.0010947585
        0.0010932760   0.0001322341  -0.0031716680  -0.0078849062   0.0240956376
       -0.0002442822   0.0007157901  -0.0016817171   0.0002868285  -0.0000696128
       -0.0001403336   0.0006993087   0.0003672360  -0.0002297898  -0.0001463454
       -0.0000176702  -0.0002695516   0.0163649006   0.0033231078  -0.0200970190
        0.0351273292   0.0700249015  -0.0506029455  -0.0005424049  -0.0003154240
        0.0000924552  -0.0037574662  -0.0027465864  -0.0006681552   0.0003369851
       -0.0000900354   0.0001327807   0.0005924161   0.0008535288  -0.0014124799
        0.0870487741   0.0353066586  -0.1492905644  -0.0010546489   0.0008005129
        0.0063740087  -0.0018703493  -0.0020974355   0.0002913351   0.0009741331
        0.0004096626   0.0001700689  -0.0000852475   0.0173444875  -0.0370959770
        0.0017796774   0.0014007076   0.0002796093   0.0001532920  -0.0001880405
       -0.0002409753  -0.0014497240  -0.0006716699   0.0005560465   0.0004182849
       -0.0001955670   0.0007153327   0.0144049493  -0.0003378087  -0.0137399264
       -0.0995547530  -0.0506029455   0.1921823877   0.0001380973  -0.0000226441
       -0.0002538695  -0.0004474361  -0.0015869733  -0.0002871585  -0.0001582003
        0.0000575960  -0.0000994925  -0.0002968492   0.0003834596   0.0004391746
       -0.0198522039   0.0099945341  -0.0102139361  -0.1863719764   0.0828272516
       -0.0708026434  -0.0127498248   0.0084763056  -0.0039072748   0.0026158512
       -0.0009743268   0.0001231964  -0.0031011609  -0.0040749717  -0.0005854356
       -0.0005624624   0.0005424576  -0.0008855837   0.0000391080  -0.0000586250
       -0.0000267714   0.0000457719   0.0000496512  -0.0000137230  -0.0002492954
       -0.0001812366  -0.0001472172   0.0010484981   0.0001163865  -0.0004891508
       -0.0002542892  -0.0005424049   0.0001380973   0.2155155613  -0.0960586645
        0.0822524831   0.0056034787  -0.0022775719   0.0016633143  -0.0019013647
        0.0027280913   0.0032369821   0.0001743084  -0.0005668766  -0.0003423373
       -0.0153453239   0.0056750001  -0.0082759622   0.0849491547  -0.0921398962
        0.0437566887   0.0172072273  -0.0087283003   0.0055462613  -0.0027676763
        0.0017657403   0.0008399719  -0.0031795135  -0.0014870258  -0.0010460463
       -0.0010851190  -0.0001723019  -0.0009614569   0.0000285228   0.0002299379
        0.0001002900   0.0001341288   0.0000715632  -0.0000499835  -0.0002401566
       -0.0001313742  -0.0001523845  -0.0012455270   0.0018963286  -0.0002864851
       -0.0001509585  -0.0003154240  -0.0000226441  -0.0960586645   0.1067662620
       -0.0467333971   0.0161340096  -0.0114053501   0.0108879824   0.0023903268
       -0.0026276812  -0.0042068324  -0.0007704307   0.0006025216   0.0006039980
       -0.0091023539   0.0031861108  -0.0047966054  -0.0665155372   0.0398799682
       -0.0739905289   0.0143374971  -0.0090143586   0.0061516807  -0.0000420972
        0.0022189841   0.0013500136  -0.0022298739  -0.0019173596  -0.0003251213
       -0.0007155401   0.0000977055  -0.0006178850  -0.0000256803  -0.0000233239
       -0.0000130331  -0.0000058553  -0.0000263625   0.0000115293  -0.0001645026
       -0.0001273966  -0.0000928473  -0.0003474009   0.0005941422   0.0002271485
       -0.0000236519   0.0000924552  -0.0002538695   0.0822524831  -0.0467333971
        0.0860349426  -0.0204517223   0.0157280726  -0.0126202924   0.0029273957
       -0.0036016066  -0.0022172987   0.0001068397  -0.0003536339   0.0011521670
       -0.0091060199  -0.0147715314   0.0154512893  -0.0603436726  -0.0389389567
        0.0489781192  -0.0026248136  -0.0060265543   0.0091863967   0.0003963458
        0.0003125497  -0.0009610357   0.0017295371   0.0006988650   0.0010765311
       -0.0000333914  -0.0000593595   0.0001917208   0.0000954626   0.0002104052
        0.0001133708   0.0002575616   0.0001271586  -0.0001100085   0.0000577567
        0.0001104027  -0.0000462735  -0.0001737510   0.0000820532   0.0003441322
       -0.0035679655  -0.0037574662  -0.0004474361   0.0056034787   0.0161340096
       -0.0204517223   0.0695131983   0.0455960137  -0.0565576860  -0.0001427801
       -0.0005309727   0.0000603139  -0.0016609466   0.0008133832   0.0031722881
       -0.0105493543  -0.0157675753   0.0171634713  -0.0377245739  -0.1190653480
        0.1019764973   0.0036572080   0.0078923513  -0.0095651597   0.0003860706
        0.0010586447   0.0013739296   0.0013850766   0.0011916529  -0.0001530325
        0.0004309617   0.0003171674   0.0004289052   0.0000924653   0.0000653450
        0.0001049987   0.0002167031   0.0000528846  -0.0000487627   0.0001021772
        0.0001227790  -0.0000157606  -0.0002761567  -0.0002938877  -0.0000579978
       -0.0023573387  -0.0027465864  -0.0015869733  -0.0022775719  -0.0114053501
        0.0157280726   0.0455960137   0.1382581248  -0.1213690878  -0.0004040213
        0.0009550041  -0.0004089180   0.0017223404  -0.0006352063  -0.0035701822
       -0.0025496907  -0.0036275279   0.0049437340   0.0484961383   0.1070773592
       -0.1799259158   0.0086508665   0.0120578068  -0.0178688052  -0.0019816530
       -0.0007499124   0.0027616629   0.0013236847  -0.0004563159   0.0015849914
       -0.0003659321  -0.0003814340  -0.0000285264  -0.0000425847  -0.0000211084
       -0.0000021371  -0.0000949043  -0.0000207624  -0.0000642182   0.0000780819
        0.0000034508   0.0000694311  -0.0002882090  -0.0001068232  -0.0003726041
       -0.0008904065  -0.0006681552  -0.0002871585   0.0016633143   0.0108879824
       -0.0126202924  -0.0565576860  -0.1213690878   0.2050443165  -0.0006850438
        0.0005989054   0.0011212124   0.0032440244  -0.0032243774  -0.0043556905
       -0.0017218253   0.0009510093  -0.0003494573  -0.0174869186   0.0195577250
        0.0004089187  -0.0719564240   0.0373507354  -0.0130282725  -0.0499896913
       -0.0183628939  -0.0311305653   0.0016808896  -0.0013427366   0.0000319967
       -0.0001943363   0.0003006735   0.0004752683   0.0000963297  -0.0002723767
       -0.0001192025  -0.0000161593   0.0000605172  -0.0000945516   0.0001083790
        0.0000199272   0.0001414259   0.0004973587   0.0003377317   0.0001149709
        0.0003152212   0.0003369851  -0.0001582003  -0.0019013647   0.0023903268
        0.0029273957  -0.0001427801  -0.0004040213  -0.0006850438   0.1339626959
       -0.0445909551   0.0429796597   0.0067486254   0.0036673524  -0.0015143426
        0.0009077822  -0.0002426321   0.0004528355   0.0184161523  -0.0151231005
        0.0028033950   0.0278238103  -0.0742990038   0.0162534856  -0.0186704100
        0.0188750400  -0.0100496680  -0.0008762155   0.0005705047  -0.0002530489
        0.0002418305  -0.0001153354  -0.0002498462  -0.0000125733   0.0001341224
        0.0001063634  -0.0000152730  -0.0000741562   0.0000989941  -0.0000698524
        0.0000458571  -0.0000988121  -0.0002820770   0.0002809548   0.0002889034
        0.0000492057  -0.0000900354   0.0000575960   0.0027280913  -0.0026276812
       -0.0036016066  -0.0005309727   0.0009550041   0.0005989054  -0.0445909551
        0.0889858003  -0.0222963652   0.0148814565  -0.0172753389   0.0158888686
       -0.0004281519   0.0008966908   0.0001608436   0.0154819657  -0.0108621555
        0.0044729843  -0.0154431947   0.0230472033  -0.0516006788  -0.0306436061
       -0.0105968718  -0.0087177116   0.0004204550  -0.0007953057   0.0002179877
        0.0001408654   0.0002477236   0.0001652139   0.0000908850  -0.0001146679
       -0.0000518297  -0.0000301039   0.0000296706   0.0000162232   0.0000214198
        0.0000162371   0.0000257078   0.0000994792   0.0002693283   0.0000516159
       -0.0002387967   0.0001327807  -0.0000994925   0.0032369821  -0.0042068324
       -0.0022172987   0.0000603139  -0.0004089180   0.0011212124   0.0429796597
       -0.0222963652   0.0741322541  -0.0157481725   0.0246414822  -0.0176770316
       -0.0003199296  -0.0007734043  -0.0004682050  -0.0068330069  -0.0045260938
        0.0206956443  -0.0411066600   0.0025610409   0.0080200115  -0.0259886883
       -0.0404279060   0.0069496735   0.0004505730   0.0002007107  -0.0006342454
       -0.0002118219  -0.0000547084   0.0002414104   0.0000322179  -0.0000269385
        0.0000016948   0.0000899665   0.0000434234  -0.0000743882   0.0000228298
        0.0000312039   0.0000278609   0.0001535055   0.0003060901  -0.0000506811
        0.0008309382   0.0005924161  -0.0002968492   0.0001743084  -0.0007704307
        0.0001068397  -0.0016609466   0.0017223404   0.0032440244   0.0067486254
        0.0148814565  -0.0157481725   0.0676180884   0.0262407997  -0.0220146182
        0.0009813232   0.0002674318  -0.0007487787   0.0037523694   0.0061440193
       -0.0064763835   0.0062558978  -0.0479131665   0.0278161337  -0.0419912413
       -0.0388762966   0.0003083511  -0.0000083174   0.0007883303  -0.0008170870
       -0.0001008945  -0.0001936235   0.0003008629   0.0000083212   0.0000474530
        0.0000125959   0.0001038822   0.0000292567  -0.0000268491  -0.0000233184
        0.0000277515  -0.0000702459   0.0001759488   0.0007443762   0.0001469585
        0.0006913703   0.0008535288   0.0003834596  -0.0005668766   0.0006025216
       -0.0003536339   0.0008133832  -0.0006352063  -0.0032243774   0.0036673524
       -0.0172753389   0.0246414822   0.0262407997   0.0953889626  -0.0418924883
        0.0020945664   0.0022784860  -0.0023089495   0.0113948992   0.0083323924
       -0.0306150543   0.0007612049   0.0169946122  -0.0828975983   0.0083992786
        0.0037803859   0.0238088062  -0.0002796934  -0.0006943079   0.0007006244
        0.0004658938   0.0002793263  -0.0001365210  -0.0000080082  -0.0001449466
       -0.0000173813  -0.0002534138  -0.0001171905   0.0001002520  -0.0000165529
       -0.0000094933   0.0000391054  -0.0002909782  -0.0003169806   0.0003875079
       -0.0015681864  -0.0014124799   0.0004391746  -0.0003423373   0.0006039980
        0.0011521670   0.0031722881  -0.0035701822  -0.0043556905  -0.0015143426
        0.0158888686  -0.0176770316  -0.0220146182  -0.0418924883   0.1113805889
