           1           2   1.0027988075840382     
           2           3  0.95677070588271595     
           3           4   1.1433014002854782     
           1           5  0.97183849855871951     
           5           6  0.98089753837831406     
           6           7  0.97732463842991080     
           6           8  0.97811184085273628     
           6           9  0.97780441474087709     
           1          10  0.96982089253520243     
           1          11  0.96853339742549682     
           2          12  0.97787376847567653     
           2          13  0.97979405283628496     
           3          14  0.93567510652066932     
           3          15  0.93213715024887778     
