$hessian                                                                        
        0.4260589327   0.1834330037  -0.1142566585  -0.0863580916  -0.0131443596
        0.0435838933   0.0027038314  -0.0027812863  -0.0018005121  -0.1706073508
       -0.0403543727   0.0873166521  -0.1284260171  -0.1058126007  -0.0578507189
        0.0252745913   0.0113203920  -0.0107528126  -0.0091237598   0.0066479730
        0.0262345449  -0.0139187335  -0.0012094189   0.0156902333  -0.0001426395
       -0.0047619728  -0.0014238320  -0.0348920792  -0.0328811888  -0.0168878564
        0.0003153248   0.0002022771   0.0002056985  -0.0108840087  -0.0006584460
        0.0299413685
        0.1834330037   0.3383147469   0.1991298014   0.0125933186  -0.0946119359
       -0.1229737440  -0.0051806992   0.0000359380  -0.0023210701  -0.0668323823
       -0.0826103918   0.0319738424  -0.1056568873  -0.1480044055  -0.0748463942
       -0.0075999975  -0.0181229662  -0.0261051329  -0.0033976591   0.0037636660
        0.0087555015   0.0039102388   0.0004216073  -0.0034787955  -0.0041358073
        0.0002733306  -0.0035427438  -0.0176428650  -0.0127418266   0.0061151463
        0.0005323377   0.0005984288   0.0000921881   0.0099773990   0.0126838085
       -0.0127985993
       -0.1142566585   0.1991298014   0.6062351772   0.0901471550  -0.0885761638
       -0.3170887236  -0.0061757292  -0.0055282398   0.0033712607   0.0393799657
       -0.0034896382  -0.1099513754  -0.0575684220  -0.0746293482  -0.0865859467
       -0.0451535898  -0.0514410743  -0.0308046354   0.0080210975  -0.0047013819
       -0.0178229780   0.0251336876   0.0034286172  -0.0280711633  -0.0002257605
       -0.0026948669   0.0007624876   0.0107468126   0.0265265359   0.0306670209
        0.0007592094   0.0005070827   0.0000737072   0.0491922322   0.0014686760
       -0.0507848311
       -0.0863580916   0.0125933186   0.0901471550   0.4805777537   0.2113162000
       -0.1153499747   0.0009666106   0.0004937624  -0.0004551461   0.0004147716
        0.0156256467   0.0204213219   0.0010819944  -0.0077670222  -0.0178037377
       -0.1552161940  -0.1280199730  -0.0784102715  -0.1938134189  -0.0683170908
        0.0916332567  -0.0416749368  -0.0246214646   0.0115825739   0.0026217076
        0.0052564810   0.0027279962  -0.0028736850  -0.0073425815  -0.0123042965
       -0.0018588698  -0.0043523720   0.0036631097  -0.0038676417  -0.0048649046
        0.0041480132
       -0.0131443596  -0.0946119359  -0.0885761638   0.2113162000   0.3632010758
        0.1778088970   0.0021542579   0.0007541169  -0.0014519083   0.0315194746
        0.0200812719   0.0040506664   0.0026954684  -0.0110799002  -0.0205818571
       -0.1004101561  -0.1725190578  -0.1043070463  -0.0688396066  -0.0654902227
        0.0334389870  -0.0440932148  -0.0174515542   0.0270719991  -0.0052680392
       -0.0096350098  -0.0058847379  -0.0042699019  -0.0173222960  -0.0217296543
       -0.0040390909   0.0033845194  -0.0008543043  -0.0076210317   0.0006889927
        0.0010151223
        0.0435838933  -0.1229737440  -0.3170887236  -0.1153499747   0.1778088970
        0.5851184924   0.0025910656   0.0007665960  -0.0020596207   0.0492039591
        0.0252761515  -0.0255447835   0.0011554710  -0.0065661587  -0.0151344386
       -0.0283039411  -0.0672913854  -0.1245621259   0.0906561215   0.0327161137
       -0.0951972687  -0.0237880227   0.0009275348   0.0338584139  -0.0163561844
       -0.0200171881  -0.0167781621  -0.0067961519  -0.0175851012  -0.0250532304
        0.0042843573  -0.0003597625   0.0003454759  -0.0008805931  -0.0027019530
        0.0020959712
        0.0027038314  -0.0051806992  -0.0061757292   0.0009666106   0.0021542579
        0.0025910656   0.1288929759   0.0516206846  -0.0672595751  -0.0301160540
       -0.0107926039   0.0225580723  -0.0020186156  -0.0003359958   0.0004672428
        0.0007016524  -0.0019832535   0.0022746847  -0.0005662666   0.0004946365
       -0.0000782660  -0.0175619282  -0.0043654670   0.0152284605  -0.0004537433
       -0.0004479494   0.0010191380  -0.0907504169  -0.0355060767   0.0377848759
        0.0010165814   0.0022710109  -0.0009543359   0.0071853728   0.0020714555
       -0.0074556336
       -0.0027812863   0.0000359380  -0.0055282398   0.0004937624   0.0007541169
        0.0007665960   0.0516206846   0.0361714627  -0.0199878666  -0.0215210896
       -0.0066341128   0.0141190629  -0.0008251615  -0.0013213995   0.0009669091
       -0.0022864925   0.0022014227  -0.0022690930   0.0004053739  -0.0006573971
        0.0005376695   0.0022123067   0.0017208148   0.0009376007  -0.0002945271
        0.0006051790  -0.0001919304  -0.0334740064  -0.0331938623   0.0118031790
        0.0024438251  -0.0004484227   0.0006935196   0.0040066108   0.0007662603
       -0.0018474071
       -0.0018005121  -0.0023210701   0.0033712607  -0.0004551461  -0.0014519083
       -0.0020596207  -0.0672595751  -0.0199878666   0.0629666163   0.0033099743
       -0.0001188902  -0.0031807858  -0.0004485184   0.0002943675  -0.0001282737
        0.0017787417  -0.0026529040  -0.0020100785  -0.0002113833   0.0004247481
       -0.0001834813   0.0270507394   0.0097154995  -0.0191047419   0.0013143679
        0.0000229083  -0.0007806138   0.0411465332   0.0143918985  -0.0441658182
       -0.0005030899   0.0009952451  -0.0001116370  -0.0039221315   0.0006879722
        0.0053871739
       -0.1706073508  -0.0668323823   0.0393799657   0.0004147716   0.0315194746
        0.0492039591  -0.0301160540  -0.0215210896   0.0033099743   0.4049230132
        0.1114583028  -0.1400091998  -0.0159599131  -0.0085496253   0.0082271756
       -0.0345804288  -0.0235016258  -0.0010899610   0.0046087914  -0.0029975745
        0.0001095658   0.0268764089   0.0029444156  -0.0397554839  -0.0003185696
       -0.0007593682   0.0000104496  -0.1021921027  -0.0492355150  -0.0174800390
        0.0028029206  -0.0011107394   0.0047488649  -0.0858514866   0.0285857271
        0.0933447288
       -0.0403543727  -0.0826103918  -0.0034896382   0.0156256467   0.0200812719
        0.0252761515  -0.0107926039  -0.0066341128  -0.0001188902   0.1114583028
        0.3407022468   0.1966709714  -0.0202400399  -0.0087379743   0.0081254355
       -0.0231179954  -0.0192226935   0.0027617702  -0.0023303003   0.0041635437
       -0.0051057870   0.0183061082  -0.0133448610  -0.0364254358  -0.0007670088
        0.0004327855   0.0004591598  -0.0738081458  -0.1245895186  -0.0387463768
       -0.0020205196   0.0056625524  -0.0012091412   0.0280409286  -0.1159028482
       -0.1481982190
        0.0873166521   0.0319738424  -0.1099513754   0.0204213219   0.0040506664
       -0.0255447835   0.0225580723   0.0141190629  -0.0031807858  -0.1400091998
        0.1966709714   0.6931570109  -0.0129593737  -0.0075177884   0.0054014797
       -0.0003729242   0.0032105099   0.0028271461   0.0013099573  -0.0043151517
       -0.0006401798  -0.0120147906  -0.0158657890  -0.0193592520  -0.0000253441
        0.0005242940   0.0015684912  -0.0617943829  -0.0715164461  -0.0956601888
        0.0031909081  -0.0023566759  -0.0005970838   0.0923791037  -0.1489774959
       -0.4480204790
       -0.1284260171  -0.1056568873  -0.0575684220   0.0010819944   0.0026954684
        0.0011554710  -0.0020186156  -0.0008251615  -0.0004485184  -0.0159599131
       -0.0202400399  -0.0129593737   0.1406834064   0.1234007306   0.0636508289
        0.0034052998  -0.0016698187   0.0024049424   0.0002067418   0.0024032139
       -0.0006801243  -0.0003259293   0.0005691786   0.0010951949   0.0004578960
       -0.0004505795   0.0001919473  -0.0010535072  -0.0040891283   0.0039652492
       -0.0004440670   0.0005822103  -0.0003912659   0.0023927111   0.0032808133
       -0.0004159294
       -0.1058126007  -0.1480044055  -0.0746293482  -0.0077670222  -0.0110799002
       -0.0065661587  -0.0003359958  -0.0013213995   0.0002943675  -0.0085496253
       -0.0087379743  -0.0075177884   0.1234007306   0.1621681967   0.0897514688
       -0.0012261716   0.0042817108  -0.0041231655   0.0019320359  -0.0012431395
        0.0015707006   0.0003181872   0.0003934272   0.0007914232  -0.0008395359
        0.0000520576  -0.0009557657  -0.0043251170   0.0036970644  -0.0009403803
        0.0005966836  -0.0008461443   0.0004044360   0.0026084312   0.0006405066
        0.0019202109
       -0.0578507189  -0.0748463942  -0.0865859467  -0.0178037377  -0.0205818571
       -0.0151344386   0.0004672428   0.0009669091  -0.0001282737   0.0082271756
        0.0081254355   0.0054014797   0.0636508289   0.0897514688   0.0986326510
        0.0032199412  -0.0035231591  -0.0032289895  -0.0015184412   0.0009500152
        0.0002039186   0.0006253571   0.0004315307  -0.0003279813  -0.0005271666
       -0.0014810711  -0.0007827536   0.0034958396  -0.0012937405   0.0004458049
       -0.0003393598   0.0004527281  -0.0002434254  -0.0016469609   0.0010481347
        0.0017479545
        0.0252745913  -0.0075999975  -0.0451535898  -0.1552161940  -0.1004101561
       -0.0283039411   0.0007016524  -0.0022864925   0.0017787417  -0.0345804288
       -0.0231179954  -0.0003729242   0.0034052998  -0.0012261716   0.0032199412
        0.4792189510   0.2194252477  -0.1250226241  -0.0182407574  -0.0185178697
       -0.0089539832  -0.2325757891  -0.0985428868   0.0816319121  -0.0489949899
        0.0092993930   0.0518570459  -0.0066559839   0.0283828735   0.0616890354
       -0.0164961859  -0.0082539602   0.0076303969   0.0041598343   0.0028480158
       -0.0000000109
        0.0113203920  -0.0181229662  -0.0514410743  -0.1280199730  -0.1725190578
       -0.0672913854  -0.0019832535   0.0022014227  -0.0026529040  -0.0235016258
       -0.0192226935   0.0032105099  -0.0016698187   0.0042817108  -0.0035231591
        0.2194252477   0.3449964253   0.1693993448  -0.0080806881  -0.0078822972
       -0.0037541113  -0.0702481001  -0.0863466722   0.0070321332   0.0092350878
       -0.0622018209  -0.0835283040   0.0086129027   0.0210962854   0.0247644422
       -0.0181471106  -0.0083544559   0.0085815812   0.0030569397   0.0020741196
       -0.0007970731
       -0.0107528126  -0.0261051329  -0.0308046354  -0.0784102715  -0.1043070463
       -0.1245621259   0.0022746847  -0.0022690930  -0.0020100785  -0.0010899610
        0.0027617702   0.0028271461   0.0024049424  -0.0041231655  -0.0032289895
       -0.1250226241   0.1693993448   0.5633476231   0.0099948891   0.0102612149
        0.0053399212   0.1330017087   0.0449946260  -0.1349516157   0.0516735249
       -0.0836299339  -0.2436008502   0.0259091721  -0.0016942159  -0.0367307031
       -0.0103164400  -0.0047219551   0.0056647392   0.0003331875  -0.0005664134
       -0.0012904313
       -0.0091237598  -0.0033976591   0.0080210975  -0.1938134189  -0.0688396066
        0.0906561215  -0.0005662666   0.0004053739  -0.0002113833   0.0046087914
       -0.0023303003   0.0013099573   0.0002067418   0.0019320359  -0.0015184412
       -0.0182407574  -0.0080806881   0.0099948891   0.2182800754   0.0843052212
       -0.1080730163  -0.0002938953  -0.0052914544  -0.0008187454   0.0001627882
        0.0014029447  -0.0006600239   0.0012673941  -0.0001092496  -0.0008209876
       -0.0012131080  -0.0007930853   0.0003623111  -0.0012745849   0.0007964677
        0.0017582212
        0.0066479730   0.0037636660  -0.0047013819  -0.0683170908  -0.0654902227
        0.0327161137   0.0004946365  -0.0006573971   0.0004247481  -0.0029975745
        0.0041635437  -0.0043151517   0.0024032139  -0.0012431395   0.0009500152
       -0.0185178697  -0.0078822972   0.0102612149   0.0843052212   0.0679907325
       -0.0325137183  -0.0049678862   0.0005249388  -0.0037165483   0.0010791776
       -0.0008045566   0.0011360312   0.0002107382   0.0004372899  -0.0008999237
       -0.0011905163  -0.0005587301   0.0003486517   0.0008499770  -0.0002438278
        0.0003099492
        0.0262345449   0.0087555015  -0.0178229780   0.0916332567   0.0334389870
       -0.0951972687  -0.0000782660   0.0005376695  -0.0001834813   0.0001095658
       -0.0051057870  -0.0006401798  -0.0006801243   0.0015707006   0.0002039186
       -0.0089539832  -0.0037541113   0.0053399212  -0.1080730163  -0.0325137183
        0.1094550954  -0.0001692092  -0.0032756525   0.0005448551  -0.0012522854
        0.0007110197   0.0007244018  -0.0002872556  -0.0005056664   0.0002498530
       -0.0003609596  -0.0001919268   0.0002746904   0.0018777322   0.0003329840
       -0.0029488277
       -0.0139187335   0.0039102388   0.0251336876  -0.0416749368  -0.0440932148
       -0.0237880227  -0.0175619282   0.0022123067   0.0270507394   0.0268764089
        0.0183061082  -0.0120147906  -0.0003259293   0.0003181872   0.0006253571
       -0.2325757891  -0.0702481001   0.1330017087  -0.0002938953  -0.0049678862
       -0.0001692092   0.4949220875   0.2187290154  -0.1286290596  -0.0078196461
       -0.0012812885   0.0049744669  -0.0744781821  -0.0114883004   0.0333762941
       -0.1296716686  -0.1041516030  -0.0583366199  -0.0034777873  -0.0072454630
       -0.0012245518
       -0.0012094189   0.0004216073   0.0034286172  -0.0246214646  -0.0174515542
        0.0009275348  -0.0043654670   0.0017208148   0.0097154995   0.0029444156
       -0.0133448610  -0.0158657890   0.0005691786   0.0003934272   0.0004315307
       -0.0985428868  -0.0863466722   0.0449946260  -0.0052914544   0.0005249388
       -0.0032756525   0.2187290154   0.3565797604   0.1659322343   0.0092182311
        0.0016218002  -0.0052181570   0.0117072799  -0.0949475230  -0.1260968982
       -0.1044647031  -0.1493151856  -0.0716905458  -0.0046727260   0.0001434474
       -0.0032830001
        0.0156902333  -0.0034787955  -0.0280711633   0.0115825739   0.0270719991
        0.0338584139   0.0152284605   0.0009376007  -0.0191047419  -0.0397554839
       -0.0364254358  -0.0193592520   0.0010951949   0.0007914232  -0.0003279813
        0.0816319121   0.0070321332  -0.1349516157  -0.0008187454  -0.0037165483
        0.0005448551  -0.1286290596   0.1659322343   0.5758617561   0.0240759782
        0.0088190125  -0.0183909838   0.0754080258  -0.0950014628  -0.3070425409
       -0.0589564109  -0.0720778940  -0.0841275910   0.0034473211   0.0001157333
        0.0011108448
       -0.0001426395  -0.0041358073  -0.0002257605   0.0026217076  -0.0052680392
       -0.0163561844  -0.0004537433  -0.0002945271   0.0013143679  -0.0003185696
       -0.0007670088  -0.0000253441   0.0004578960  -0.0008395359  -0.0005271666
       -0.0489949899   0.0092350878   0.0516735249   0.0001627882   0.0010791776
       -0.0012522854  -0.0078196461   0.0092182311   0.0240759782   0.0560248736
       -0.0066871658  -0.0605793711  -0.0013663921  -0.0039070018   0.0024275981
       -0.0000668335   0.0016323333  -0.0003515548  -0.0001044512   0.0007342560
       -0.0001738021
       -0.0047619728   0.0002733306  -0.0026948669   0.0052564810  -0.0096350098
       -0.0200171881  -0.0004479494   0.0006051790   0.0000229083  -0.0007593682
        0.0004327855   0.0005242940  -0.0004505795   0.0000520576  -0.0014810711
        0.0092993930  -0.0622018209  -0.0836299339   0.0014029447  -0.0008045566
        0.0007110197  -0.0012812885   0.0016218002   0.0088190125  -0.0066871658
        0.0683711833   0.0968658139  -0.0035507901   0.0026910174  -0.0007563676
        0.0012652236  -0.0007709336   0.0015026943   0.0007150720  -0.0006350325
        0.0001336848
       -0.0014238320  -0.0035427438   0.0007624876   0.0027279962  -0.0058847379
       -0.0167781621   0.0010191380  -0.0001919304  -0.0007806138   0.0000104496
        0.0004591598   0.0015684912   0.0001919473  -0.0009557657  -0.0007827536
        0.0518570459  -0.0835283040  -0.2436008502  -0.0006600239   0.0011360312
        0.0007244018   0.0049744669  -0.0052181570  -0.0183909838  -0.0605793711
        0.0968658139   0.2763276453   0.0031275571  -0.0002326536   0.0010826515
       -0.0010290467   0.0009777134   0.0006263118  -0.0002163271   0.0001155740
       -0.0007586257
       -0.0348920792  -0.0176428650   0.0107468126  -0.0028736850  -0.0042699019
       -0.0067961519  -0.0907504169  -0.0334740064   0.0411465332  -0.1021921027
       -0.0738081458  -0.0617943829  -0.0010535072  -0.0043251170   0.0034958396
       -0.0066559839   0.0086129027   0.0259091721   0.0012673941   0.0002107382
       -0.0002872556  -0.0744781821   0.0117072799   0.0754080258  -0.0013663921
       -0.0035507901   0.0031275571   0.3061269691   0.1291932750  -0.0760962537
        0.0013493732  -0.0100301586  -0.0176050206   0.0055186127  -0.0026232109
        0.0027451244
       -0.0328811888  -0.0127418266   0.0265265359  -0.0073425815  -0.0173222960
       -0.0175851012  -0.0355060767  -0.0331938623   0.0143918985  -0.0492355150
       -0.1245895186  -0.0715164461  -0.0040891283   0.0036970644  -0.0012937405
        0.0283828735   0.0210962854  -0.0016942159  -0.0001092496   0.0004372899
       -0.0005056664  -0.0114883004  -0.0949475230  -0.0950014628  -0.0039070018
        0.0026910174  -0.0002326536   0.1291932750   0.2820803084   0.2019910633
        0.0007812609  -0.0101339656  -0.0225230326  -0.0137983672  -0.0170729734
       -0.0325571786
       -0.0168878564   0.0061151463   0.0306670209  -0.0123042965  -0.0217296543
       -0.0250532304   0.0377848759   0.0118031790  -0.0441658182  -0.0174800390
       -0.0387463768  -0.0956601888   0.0039652492  -0.0009403803   0.0004458049
        0.0616890354   0.0247644422  -0.0367307031  -0.0008209876  -0.0008999237
        0.0002498530   0.0333762941  -0.1260968982  -0.3070425409   0.0024275981
       -0.0007563676   0.0010826515  -0.0760962537   0.2019910633   0.5428956845
        0.0018897661  -0.0081323471  -0.0155458170  -0.0175433857  -0.0473718827
       -0.0511427162
        0.0003153248   0.0005323377   0.0007592094  -0.0018588698  -0.0040390909
        0.0042843573   0.0010165814   0.0024438251  -0.0005030899   0.0028029206
       -0.0020205196   0.0031909081  -0.0004440670   0.0005966836  -0.0003393598
       -0.0164961859  -0.0181471106  -0.0103164400  -0.0012131080  -0.0011905163
       -0.0003609596  -0.1296716686  -0.1044647031  -0.0589564109  -0.0000668335
        0.0012652236  -0.0010290467   0.0013493732   0.0007812609   0.0018897661
        0.1442957967   0.1239391484   0.0620645141  -0.0000292640   0.0003034611
       -0.0006834482
        0.0002022771   0.0005984288   0.0005070827  -0.0043523720   0.0033845194
       -0.0003597625   0.0022710109  -0.0004484227   0.0009952451  -0.0011107394
        0.0056625524  -0.0023566759   0.0005822103  -0.0008461443   0.0004527281
       -0.0082539602  -0.0083544559  -0.0047219551  -0.0007930853  -0.0005587301
       -0.0001919268  -0.1041516030  -0.1493151856  -0.0720778940   0.0016323333
       -0.0007709336   0.0009777134  -0.0100301586  -0.0101339656  -0.0081323471
        0.1239391484   0.1624194889   0.0864076811   0.0000649386  -0.0016371517
       -0.0014998889
        0.0002056985   0.0000921881   0.0000737072   0.0036631097  -0.0008543043
        0.0003454759  -0.0009543359   0.0006935196  -0.0001116370   0.0047488649
       -0.0012091412  -0.0005970838  -0.0003912659   0.0004044360  -0.0002434254
        0.0076303969   0.0085815812   0.0056647392   0.0003623111   0.0003486517
        0.0002746904  -0.0583366199  -0.0716905458  -0.0841275910  -0.0003515548
        0.0015026943   0.0006263118  -0.0176050206  -0.0225230326  -0.0155458170
        0.0620645141   0.0864076811   0.0964131013  -0.0010360980  -0.0017537281
       -0.0027724717
       -0.0108840087   0.0099773990   0.0491922322  -0.0038676417  -0.0076210317
       -0.0008805931   0.0071853728   0.0040066108  -0.0039221315  -0.0858514866
        0.0280409286   0.0923791037   0.0023927111   0.0026084312  -0.0016469609
        0.0041598343   0.0030569397   0.0003331875  -0.0012745849   0.0008499770
        0.0018777322  -0.0034777873  -0.0046727260   0.0034473211  -0.0001044512
        0.0007150720  -0.0002163271   0.0055186127  -0.0137983672  -0.0175433857
       -0.0000292640   0.0000649386  -0.0010360980   0.0862326935  -0.0232281719
       -0.1219840803
       -0.0006584460   0.0126838085   0.0014686760  -0.0048649046   0.0006889927
       -0.0027019530   0.0020714555   0.0007662603   0.0006879722   0.0285857271
       -0.1159028482  -0.1489774959   0.0032808133   0.0006405066   0.0010481347
        0.0028480158   0.0020741196  -0.0005664134   0.0007964677  -0.0002438278
        0.0003329840  -0.0072454630   0.0001434474   0.0001157333   0.0007342560
       -0.0006350325   0.0001155740  -0.0026232109  -0.0170729734  -0.0473718827
        0.0003034611  -0.0016371517  -0.0017537281  -0.0232281719   0.1184946984
        0.1976023990
        0.0299413685  -0.0127985993  -0.0507848311   0.0041480132   0.0010151223
        0.0020959712  -0.0074556336  -0.0018474071   0.0053871739   0.0933447288
       -0.1481982190  -0.4480204790  -0.0004159294   0.0019202109   0.0017479545
       -0.0000000109  -0.0007970731  -0.0012904313   0.0017582212   0.0003099492
       -0.0029488277  -0.0012245518  -0.0032830001   0.0011108448  -0.0001738021
        0.0001336848  -0.0007586257   0.0027451244  -0.0325571786  -0.0511427162
       -0.0006834482  -0.0014998889  -0.0027724717  -0.1219840803   0.1976023990
        0.5473764384
