           1           2   1.4838286641035301     
           1           4   1.2257694918836806     
           1           5  0.97378793296589905     
           2           6   1.3980025932820743     
           2           7  0.97431270858866836     
           6           8   1.4129336644522499     
           6           9  0.97371949524006851     
           3          10  0.92539993687307498     
           4          10   1.2037038956409347     
           8          10   1.4269301170605195     
           8          11  0.97403190473107770     
           1          12  0.10374264975278304     
           4          12   1.4221843717184364     
          10          12  0.11397485432549007     
