# Atoms array:
     x           y            z                   Z     indx
   -5.659144    -3.850609     0.512058            6      0
   -6.951194    -4.310917     1.180795            6      1
   -4.904455    -4.650105     0.510441            1      2
   -5.832584    -3.562259    -0.535151            1      3
   -5.230611    -2.980946     1.034556            1      4
   -7.651509    -5.542593     0.553975            6      5
   -6.765298    -4.557111     2.240638            1      6
   -7.688992    -3.491505     1.200053            1      7
   -7.065206    -6.154861    -0.388203            8      8
   -8.777964    -5.847959     1.055224            8      9

# Gridpoints array:
     x           y            z                   Z     indx
   -3.619144    -3.850609     0.512058            6      0
   -5.659144    -1.810609     0.512058            6      0
   -5.659144    -5.890609     0.512058            6      0
   -5.659144    -3.850609     2.552058            6      0
   -5.659144    -3.850609    -1.527942            6      0
   -4.481350    -2.672814     1.689853            6      0
   -6.836939    -2.672814     1.689853            6      0
   -4.481350    -5.028403     1.689853            6      0
   -4.481350    -2.672814    -0.665736            6      0
   -6.836939    -2.672814    -0.665736            6      0
   -4.481350    -5.028403    -0.665736            6      0
   -5.281508    -3.472973     2.480911            6      0
   -6.036780    -3.472973     2.480911            6      0
   -5.281508    -4.228244     2.480911            6      0
   -5.281508    -3.472973    -1.456795            6      0
   -6.036780    -3.472973    -1.456795            6      0
   -5.281508    -4.228244    -1.456795            6      0
   -6.036780    -4.228244    -1.456795            6      0
   -5.281508    -1.881755     0.889694            6      0
   -6.036780    -1.881755     0.889694            6      0
   -5.281508    -5.819462     0.889694            6      0
   -5.281508    -1.881755     0.134422            6      0
   -6.036780    -1.881755     0.134422            6      0
   -5.281508    -5.819462     0.134422            6      0
   -3.690291    -3.472973     0.889694            6      0
   -3.690291    -4.228244     0.889694            6      0
   -3.690291    -3.472973     0.134422            6      0
   -3.690291    -4.228244     0.134422            6      0
   -4.250685    -2.442150     0.952611            6      0
   -7.067603    -2.442150     0.952611            6      0
   -4.250685    -5.259067     0.952611            6      0
   -4.250685    -2.442150     0.071506            6      0
   -7.067603    -2.442150     0.071506            6      0
   -4.250685    -5.259067     0.071506            6      0
   -4.250685    -3.410056     1.920517            6      0
   -4.250685    -4.291161     1.920517            6      0
   -4.250685    -3.410056    -0.896401            6      0
   -7.067603    -3.410056    -0.896401            6      0
   -4.250685    -4.291161    -0.896401            6      0
   -7.067603    -4.291161    -0.896401            6      0
   -5.218591    -2.442150     1.920517            6      0
   -6.099697    -2.442150     1.920517            6      0
   -5.218591    -5.259067     1.920517            6      0
   -5.218591    -2.442150    -0.896401            6      0
   -6.099697    -2.442150    -0.896401            6      0
   -5.218591    -5.259067    -0.896401            6      0
   -6.099697    -5.259067    -0.896401            6      0
   -4.851938    -3.043402     2.202749            6      0
   -6.466351    -3.043402     2.202749            6      0
   -4.851938    -4.657815     2.202749            6      0
   -4.851938    -3.043402    -1.178632            6      0
   -6.466351    -3.043402    -1.178632            6      0
   -4.851938    -4.657815    -1.178632            6      0
   -6.466351    -4.657815    -1.178632            6      0
   -4.851938    -2.159918     1.319265            6      0
   -6.466351    -2.159918     1.319265            6      0
   -4.851938    -5.541299     1.319265            6      0
   -4.851938    -2.159918    -0.295148            6      0
   -6.466351    -2.159918    -0.295148            6      0
   -4.851938    -5.541299    -0.295148            6      0
   -3.968453    -3.043402     1.319265            6      0
   -3.968453    -4.657815     1.319265            6      0
   -3.968453    -3.043402    -0.295148            6      0
   -7.349835    -3.043402    -0.295148            6      0
   -3.968453    -4.657815    -0.295148            6      0
   -4.683271    -2.059164     0.512058            6      0
   -6.635017    -2.059164     0.512058            6      0
   -4.683271    -5.642053     0.512058            6      0
   -3.867700    -2.874736     0.512058            6      0
   -3.867700    -4.826481     0.512058            6      0
   -4.683271    -3.850609     2.303503            6      0
   -4.683271    -3.850609    -1.279386            6      0
   -6.635017    -3.850609    -1.279386            6      0
   -3.867700    -3.850609     1.487931            6      0
   -3.867700    -3.850609    -0.463814            6      0
   -7.450588    -3.850609    -0.463814            6      0
   -5.659144    -2.874736     2.303503            6      0
   -5.659144    -4.826481     2.303503            6      0
   -5.659144    -2.874736    -1.279386            6      0
   -5.659144    -4.826481    -1.279386            6      0
   -5.659144    -2.059164     1.487931            6      0
   -5.659144    -5.642053     1.487931            6      0
   -5.659144    -2.059164    -0.463814            6      0
   -5.659144    -5.642053    -0.463814            6      0
   -8.991194    -4.310917     1.180795            6      1
   -6.951194    -2.270917     1.180795            6      1
   -6.951194    -4.310917     3.220795            6      1
   -6.951194    -4.310917    -0.859205            6      1
   -5.773399    -3.133123     2.358590            6      1
   -8.128988    -3.133123     2.358590            6      1
   -5.773399    -5.488712     2.358590            6      1
   -8.128988    -5.488712     2.358590            6      1
   -8.128988    -3.133123     0.003000            6      1
   -6.573558    -3.933281     3.149648            6      1
   -7.328830    -3.933281     3.149648            6      1
   -6.573558    -4.688553     3.149648            6      1
   -7.328830    -4.688553     3.149648            6      1
   -7.328830    -3.933281    -0.788058            6      1
   -6.573558    -4.688553    -0.788058            6      1
   -6.573558    -2.342064     1.558431            6      1
   -7.328830    -2.342064     1.558431            6      1
   -6.573558    -6.279770     1.558431            6      1
   -6.573558    -2.342064     0.803159            6      1
   -7.328830    -2.342064     0.803159            6      1
   -8.920047    -3.933281     1.558431            6      1
   -8.920047    -3.933281     0.803159            6      1
   -8.359653    -2.902458     1.621348            6      1
   -5.542735    -5.719376     1.621348            6      1
   -8.359653    -2.902458     0.740242            6      1
   -5.542735    -5.719376     0.740242            6      1
   -5.542735    -3.870364     2.589254            6      1
   -8.359653    -3.870364     2.589254            6      1
   -5.542735    -4.751470     2.589254            6      1
   -8.359653    -4.751470     2.589254            6      1
   -8.359653    -3.870364    -0.227664            6      1
   -6.510641    -2.902458     2.589254            6      1
   -7.391747    -2.902458     2.589254            6      1
   -6.510641    -5.719376     2.589254            6      1
   -7.391747    -5.719376     2.589254            6      1
   -7.391747    -2.902458    -0.227664            6      1
   -6.143987    -3.503711     2.871486            6      1
   -7.758400    -3.503711     2.871486            6      1
   -6.143987    -5.118124     2.871486            6      1
   -7.758400    -5.118124     2.871486            6      1
   -7.758400    -3.503711    -0.509896            6      1
   -6.143987    -2.620226     1.988002            6      1
   -7.758400    -2.620226     1.988002            6      1
   -6.143987    -6.001608     1.988002            6      1
   -7.758400    -2.620226     0.373588            6      1
   -8.641885    -3.503711     1.988002            6      1
   -5.260503    -5.118124     1.988002            6      1
   -8.641885    -3.503711     0.373588            6      1
   -7.927067    -2.519473     1.180795            6      1
   -5.975321    -6.102361     1.180795            6      1
   -8.742638    -3.335044     1.180795            6      1
   -5.975321    -4.310917     2.972239            6      1
   -7.927067    -4.310917     2.972239            6      1
   -7.927067    -4.310917    -0.610649            6      1
   -5.159750    -4.310917     2.156668            6      1
   -8.742638    -4.310917     2.156668            6      1
   -8.742638    -4.310917     0.204922            6      1
   -6.951194    -3.335044     2.972239            6      1
   -6.951194    -5.286790     2.972239            6      1
   -6.951194    -3.335044    -0.610649            6      1
   -6.951194    -2.519473     2.156668            6      1
   -6.951194    -6.102361     2.156668            6      1
   -6.951194    -2.519473     0.204922            6      1
   -3.584455    -4.650105     0.510441            1      2
   -4.904455    -5.970105     0.510441            1      2
   -4.142353    -3.888003     1.272543            1      2
   -4.142353    -5.412208     1.272543            1      2
   -4.142353    -3.888003    -0.251661            1      2
   -4.142353    -5.412208    -0.251661            1      2
   -4.660103    -4.894458     1.784405            1      2
   -4.660103    -4.894458    -0.763523            1      2
   -5.148808    -4.894458    -0.763523            1      2
   -4.660103    -5.924069     0.754794            1      2
   -5.148808    -5.924069     0.754794            1      2
   -4.660103    -5.924069     0.266088            1      2
   -5.148808    -5.924069     0.266088            1      2
   -3.630492    -4.405753     0.754794            1      2
   -3.630492    -4.894458     0.754794            1      2
   -3.630492    -4.405753     0.266088            1      2
   -3.630492    -4.894458     0.266088            1      2
   -3.993100    -3.738750     0.795505            1      2
   -3.993100    -5.561461     0.795505            1      2
   -3.993100    -3.738750     0.225377            1      2
   -3.993100    -5.561461     0.225377            1      2
   -3.993100    -4.365042     1.421797            1      2
   -3.993100    -4.935169     1.421797            1      2
   -3.993100    -4.365042    -0.400915            1      2
   -3.993100    -4.935169    -0.400915            1      2
   -4.619392    -5.561461     1.421797            1      2
   -5.189519    -5.561461     1.421797            1      2
   -4.619392    -5.561461    -0.400915            1      2
   -5.189519    -5.561461    -0.400915            1      2
   -4.382145    -4.127795     1.604417            1      2
   -4.382145    -5.172416     1.604417            1      2
   -4.382145    -4.127795    -0.583535            1      2
   -4.382145    -5.172416    -0.583535            1      2
   -5.426766    -5.172416    -0.583535            1      2
   -4.382145    -5.744082     1.032751            1      2
   -5.426766    -5.744082     1.032751            1      2
   -4.382145    -5.744082    -0.011869            1      2
   -5.426766    -5.744082    -0.011869            1      2
   -3.810479    -4.127795     1.032751            1      2
   -3.810479    -5.172416     1.032751            1      2
   -3.810479    -4.127795    -0.011869            1      2
   -3.810479    -5.172416    -0.011869            1      2
   -4.273008    -5.809275     0.510441            1      2
   -5.535903    -5.809275     0.510441            1      2
   -3.745286    -4.018658     0.510441            1      2
   -3.745286    -5.281553     0.510441            1      2
   -4.273008    -4.650105     1.669611            1      2
   -4.273008    -4.650105    -0.648729            1      2
   -3.745286    -4.650105     1.141888            1      2
   -3.745286    -4.650105    -0.121006            1      2
   -4.904455    -5.281553     1.669611            1      2
   -4.904455    -5.281553    -0.648729            1      2
   -4.904455    -5.809275     1.141888            1      2
   -4.904455    -5.809275    -0.121006            1      2
   -5.832584    -2.242259    -0.535151            1      3
   -5.832584    -3.562259    -1.855151            1      3
   -5.070482    -2.800156    -1.297253            1      3
   -6.594687    -2.800156    -1.297253            1      3
   -5.070482    -4.324361    -1.297253            1      3
   -6.594687    -4.324361    -1.297253            1      3
   -5.588232    -3.317906    -1.809114            1      3
   -6.076937    -3.317906    -1.809114            1      3
   -5.588232    -3.806611    -1.809114            1      3
   -6.076937    -3.806611    -1.809114            1      3
   -5.588232    -2.288295    -0.290798            1      3
   -6.076937    -2.288295    -0.290798            1      3
   -5.588232    -2.288295    -0.779503            1      3
   -6.076937    -2.288295    -0.779503            1      3
   -4.558621    -3.317906    -0.779503            1      3
   -7.106548    -3.317906    -0.779503            1      3
   -7.106548    -3.806611    -0.779503            1      3
   -6.743940    -2.650903    -0.250087            1      3
   -4.921228    -2.650903    -0.820214            1      3
   -6.743940    -2.650903    -0.820214            1      3
   -6.743940    -4.473615    -0.820214            1      3
   -4.921228    -3.277195    -1.446506            1      3
   -6.743940    -3.277195    -1.446506            1      3
   -4.921228    -3.847322    -1.446506            1      3
   -6.743940    -3.847322    -1.446506            1      3
   -5.547521    -2.650903    -1.446506            1      3
   -6.117648    -2.650903    -1.446506            1      3
   -5.547521    -4.473615    -1.446506            1      3
   -6.117648    -4.473615    -1.446506            1      3
   -5.310274    -3.039949    -1.629127            1      3
   -6.354894    -3.039949    -1.629127            1      3
   -5.310274    -4.084569    -1.629127            1      3
   -6.354894    -4.084569    -1.629127            1      3
   -5.310274    -2.468282    -1.057461            1      3
   -6.354894    -2.468282    -1.057461            1      3
   -5.310274    -4.656235    -1.057461            1      3
   -6.354894    -4.656235    -1.057461            1      3
   -4.738608    -3.039949    -1.057461            1      3
   -6.926561    -3.039949    -1.057461            1      3
   -4.738608    -4.084569    -1.057461            1      3
   -6.926561    -4.084569    -1.057461            1      3
   -5.201137    -2.403089    -0.535151            1      3
   -6.464031    -2.403089    -0.535151            1      3
   -4.673415    -2.930812    -0.535151            1      3
   -6.991754    -2.930812    -0.535151            1      3
   -5.201137    -3.562259    -1.694320            1      3
   -6.464031    -3.562259    -1.694320            1      3
   -4.673415    -3.562259    -1.166598            1      3
   -6.991754    -3.562259    -1.166598            1      3
   -5.832584    -2.930812    -1.694320            1      3
   -5.832584    -4.193706    -1.694320            1      3
   -5.832584    -2.403089    -1.166598            1      3
   -5.832584    -4.721429    -1.166598            1      3
   -3.910611    -2.980946     1.034556            1      4
   -5.230611    -1.660946     1.034556            1      4
   -5.230611    -2.980946     2.354556            1      4
   -4.468509    -2.218843     1.796658            1      4
   -5.992714    -2.218843     1.796658            1      4
   -4.468509    -3.743048     1.796658            1      4
   -4.468509    -2.218843     0.272453            1      4
   -4.986259    -2.736593     2.308519            1      4
   -5.474964    -2.736593     2.308519            1      4
   -4.986259    -3.225298     2.308519            1      4
   -5.474964    -3.225298     2.308519            1      4
   -4.986259    -1.706982     1.278908            1      4
   -5.474964    -1.706982     1.278908            1      4
   -4.986259    -1.706982     0.790203            1      4
   -5.474964    -1.706982     0.790203            1      4
   -3.956648    -2.736593     1.278908            1      4
   -3.956648    -3.225298     1.278908            1      4
   -3.956648    -2.736593     0.790203            1      4
   -3.956648    -3.225298     0.790203            1      4
   -4.319256    -2.069590     1.319619            1      4
   -6.141967    -2.069590     1.319619            1      4
   -4.319256    -2.069590     0.749492            1      4
   -6.141967    -2.069590     0.749492            1      4
   -4.319256    -2.695882     1.945911            1      4
   -6.141967    -2.695882     1.945911            1      4
   -4.319256    -3.266009     1.945911            1      4
   -4.319256    -2.695882     0.123200            1      4
   -4.945548    -2.069590     1.945911            1      4
   -5.515675    -2.069590     1.945911            1      4
   -4.945548    -2.069590     0.123200            1      4
   -5.515675    -2.069590     0.123200            1      4
   -4.708301    -2.458636     2.128532            1      4
   -5.752922    -2.458636     2.128532            1      4
   -4.708301    -3.503256     2.128532            1      4
   -4.708301    -2.458636    -0.059421            1      4
   -4.708301    -1.886969     1.556866            1      4
   -5.752922    -1.886969     1.556866            1      4
   -4.708301    -1.886969     0.512245            1      4
   -5.752922    -1.886969     0.512245            1      4
   -4.136635    -2.458636     1.556866            1      4
   -6.324588    -2.458636     1.556866            1      4
   -4.136635    -3.503256     1.556866            1      4
   -4.136635    -2.458636     0.512245            1      4
   -4.599164    -1.821776     1.034556            1      4
   -5.862059    -1.821776     1.034556            1      4
   -4.071442    -2.349499     1.034556            1      4
   -6.389781    -2.349499     1.034556            1      4
   -4.599164    -2.980946     2.193725            1      4
   -5.862059    -2.980946     2.193725            1      4
   -4.071442    -2.980946     1.666003            1      4
   -4.071442    -2.980946     0.403108            1      4
   -5.230611    -2.349499     2.193725            1      4
   -5.230611    -3.612393     2.193725            1      4
   -5.230611    -1.821776     1.666003            1      4
   -5.230611    -1.821776     0.403108            1      4
   -7.651509    -7.582593     0.553975            6      5
   -7.651509    -5.542593     2.593975            6      5
   -8.829304    -4.364799     1.731769            6      5
   -6.473714    -6.720388     1.731769            6      5
   -8.829304    -4.364799    -0.623820            6      5
   -8.829304    -6.720388    -0.623820            6      5
   -8.029145    -5.164957     2.522828            6      5
   -7.273873    -5.920229     2.522828            6      5
   -8.029145    -5.920229     2.522828            6      5
   -7.273873    -5.164957    -1.414878            6      5
   -8.029145    -5.164957    -1.414878            6      5
   -8.029145    -5.920229    -1.414878            6      5
   -7.273873    -7.511446     0.931611            6      5
   -8.029145    -7.511446     0.931611            6      5
   -7.273873    -7.511446     0.176339            6      5
   -8.029145    -7.511446     0.176339            6      5
   -5.682656    -5.920229     0.931611            6      5
   -9.620362    -5.164957     0.176339            6      5
   -5.682656    -5.920229     0.176339            6      5
   -9.059968    -4.134134     0.994528            6      5
   -6.243050    -6.951052     0.994528            6      5
   -9.059968    -4.134134     0.113422            6      5
   -9.059968    -6.951052     0.113422            6      5
   -6.243050    -5.983146     1.962434            6      5
   -6.243050    -5.102040    -0.854484            6      5
   -9.059968    -5.102040    -0.854484            6      5
   -9.059968    -5.983146    -0.854484            6      5
   -7.210956    -6.951052     1.962434            6      5
   -8.092062    -6.951052     1.962434            6      5
   -7.210956    -4.134134    -0.854484            6      5
   -8.092062    -4.134134    -0.854484            6      5
   -8.092062    -6.951052    -0.854484            6      5
   -8.458716    -4.735387     2.244666            6      5
   -6.844302    -6.349800     2.244666            6      5
   -8.458716    -6.349800     2.244666            6      5
   -6.844302    -4.735387    -1.136716            6      5
   -8.458716    -4.735387    -1.136716            6      5
   -8.458716    -6.349800    -1.136716            6      5
   -6.844302    -7.233284     1.361181            6      5
   -8.458716    -7.233284     1.361181            6      5
   -8.458716    -3.851903    -0.253232            6      5
   -8.458716    -7.233284    -0.253232            6      5
   -5.960818    -6.349800     1.361181            6      5
   -9.342200    -4.735387    -0.253232            6      5
   -9.342200    -6.349800    -0.253232            6      5
   -8.627382    -3.751149     0.553975            6      5
   -6.675636    -7.334038     0.553975            6      5
   -8.627382    -7.334038     0.553975            6      5
   -9.442953    -4.566721     0.553975            6      5
   -5.860065    -6.518466     0.553975            6      5
   -6.675636    -5.542593     2.345419            6      5
   -8.627382    -5.542593     2.345419            6      5
   -8.627382    -5.542593    -1.237469            6      5
   -5.860065    -5.542593     1.529848            6      5
   -5.860065    -5.542593    -0.421898            6      5
   -9.442953    -5.542593    -0.421898            6      5
   -7.651509    -6.518466     2.345419            6      5
   -7.651509    -4.566721    -1.237469            6      5
   -7.651509    -7.334038     1.529848            6      5
   -7.651509    -3.751149    -0.421898            6      5
   -7.651509    -7.334038    -0.421898            6      5
   -6.765298    -5.877111     2.240638            1      6
   -6.765298    -4.557111     3.560638            1      6
   -6.003195    -3.795009     3.002740            1      6
   -7.527400    -3.795009     3.002740            1      6
   -6.003195    -5.319214     3.002740            1      6
   -7.527400    -5.319214     3.002740            1      6
   -6.520945    -4.312759     3.514601            1      6
   -7.009650    -4.312759     3.514601            1      6
   -6.520945    -4.801464     3.514601            1      6
   -7.009650    -4.801464     3.514601            1      6
   -6.520945    -5.831075     2.484990            1      6
   -7.009650    -5.831075     2.484990            1      6
   -5.491334    -4.312759     2.484990            1      6
   -5.491334    -4.801464     2.484990            1      6
   -8.039261    -4.801464     2.484990            1      6
   -5.853942    -3.645755     2.525701            1      6
   -5.853942    -5.468467     2.525701            1      6
   -7.676654    -5.468467     2.525701            1      6
   -5.853942    -5.468467     1.955574            1      6
   -5.853942    -4.272048     3.151993            1      6
   -7.676654    -4.272048     3.151993            1      6
   -5.853942    -4.842175     3.151993            1      6
   -7.676654    -4.842175     3.151993            1      6
   -6.480234    -3.645755     3.151993            1      6
   -7.050361    -3.645755     3.151993            1      6
   -6.480234    -5.468467     3.151993            1      6
   -7.050361    -5.468467     3.151993            1      6
   -6.242988    -4.034801     3.334614            1      6
   -7.287608    -4.034801     3.334614            1      6
   -6.242988    -5.079421     3.334614            1      6
   -7.287608    -5.079421     3.334614            1      6
   -6.242988    -3.463135     2.762948            1      6
   -7.287608    -3.463135     2.762948            1      6
   -6.242988    -5.651088     2.762948            1      6
   -7.287608    -5.651088     2.762948            1      6
   -5.671321    -4.034801     2.762948            1      6
   -7.859274    -4.034801     2.762948            1      6
   -5.671321    -5.079421     2.762948            1      6
   -7.859274    -5.079421     2.762948            1      6
   -6.133851    -5.716281     2.240638            1      6
   -5.606128    -5.188558     2.240638            1      6
   -6.133851    -4.557111     3.399807            1      6
   -7.396745    -4.557111     3.399807            1      6
   -5.606128    -4.557111     2.872085            1      6
   -7.924468    -4.557111     2.872085            1      6
   -6.765298    -3.925664     3.399807            1      6
   -6.765298    -5.188558     3.399807            1      6
   -6.765298    -3.397941     2.872085            1      6
   -6.765298    -5.716281     2.872085            1      6
   -9.008992    -3.491505     1.200053            1      7
   -7.688992    -2.171505     1.200053            1      7
   -6.926890    -2.729402     1.962155            1      7
   -8.451094    -2.729402     1.962155            1      7
   -8.451094    -2.729402     0.437950            1      7
   -7.444639    -3.247152     2.474016            1      7
   -7.933345    -3.247152     2.474016            1      7
   -7.933345    -3.735857     2.474016            1      7
   -7.933345    -3.247152    -0.073911            1      7
   -7.444639    -2.217541     1.444405            1      7
   -7.933345    -2.217541     1.444405            1      7
   -7.444639    -2.217541     0.955700            1      7
   -7.933345    -2.217541     0.955700            1      7
   -8.962956    -3.247152     1.444405            1      7
   -8.962956    -3.735857     1.444405            1      7
   -8.962956    -3.247152     0.955700            1      7
   -8.962956    -3.735857     0.955700            1      7
   -6.777636    -2.580149     1.485116            1      7
   -8.600348    -2.580149     1.485116            1      7
   -8.600348    -2.580149     0.914989            1      7
   -8.600348    -3.206441     2.111408            1      7
   -8.600348    -3.776568     2.111408            1      7
   -8.600348    -3.206441     0.288697            1      7
   -8.600348    -3.776568     0.288697            1      7
   -7.403928    -2.580149     2.111408            1      7
   -7.974055    -2.580149     2.111408            1      7
   -7.403928    -2.580149     0.288697            1      7
   -7.974055    -2.580149     0.288697            1      7
   -7.166682    -2.969195     2.294029            1      7
   -8.211302    -2.969195     2.294029            1      7
   -8.211302    -4.013815     2.294029            1      7
   -8.211302    -2.969195     0.106076            1      7
   -7.166682    -2.397528     1.722363            1      7
   -8.211302    -2.397528     1.722363            1      7
   -7.166682    -2.397528     0.677742            1      7
   -8.211302    -2.397528     0.677742            1      7
   -8.782968    -2.969195     1.722363            1      7
   -8.782968    -4.013815     1.722363            1      7
   -8.782968    -2.969195     0.677742            1      7
   -8.782968    -4.013815     0.677742            1      7
   -7.057545    -2.332335     1.200053            1      7
   -8.320439    -2.332335     1.200053            1      7
   -8.848162    -2.860058     1.200053            1      7
   -8.848162    -4.122952     1.200053            1      7
   -8.320439    -3.491505     2.359222            1      7
   -8.320439    -3.491505     0.040883            1      7
   -8.848162    -3.491505     1.831500            1      7
   -8.848162    -3.491505     0.568605            1      7
   -7.688992    -2.860058     2.359222            1      7
   -7.688992    -2.860058     0.040883            1      7
   -7.688992    -2.332335     1.831500            1      7
   -7.688992    -2.332335     0.568605            1      7
   -5.241206    -6.154861    -0.388203            8      8
   -7.065206    -7.978861    -0.388203            8      8
   -7.065206    -6.154861    -2.212203            8      8
   -6.012119    -7.207948     0.664884            8      8
   -8.118293    -7.207948     0.664884            8      8
   -6.012119    -5.101774    -1.441290            8      8
   -8.118293    -5.101774    -1.441290            8      8
   -6.012119    -7.207948    -1.441290            8      8
   -8.118293    -7.207948    -1.441290            8      8
   -6.727555    -5.817210    -2.148589            8      8
   -7.402857    -5.817210    -2.148589            8      8
   -6.727555    -6.492512    -2.148589            8      8
   -7.402857    -6.492512    -2.148589            8      8
   -6.727555    -7.915248    -0.050552            8      8
   -7.402857    -7.915248    -0.050552            8      8
   -6.727555    -4.394475    -0.725854            8      8
   -7.402857    -4.394475    -0.725854            8      8
   -6.727555    -7.915248    -0.725854            8      8
   -7.402857    -7.915248    -0.725854            8      8
   -5.304820    -5.817210    -0.050552            8      8
   -5.304820    -6.492512    -0.050552            8      8
   -5.304820    -5.817210    -0.725854            8      8
   -8.825592    -5.817210    -0.725854            8      8
   -5.304820    -6.492512    -0.725854            8      8
   -8.825592    -6.492512    -0.725854            8      8
   -5.805878    -7.414189     0.005703            8      8
   -8.324534    -7.414189     0.005703            8      8
   -5.805878    -4.895533    -0.782109            8      8
   -8.324534    -4.895533    -0.782109            8      8
   -5.805878    -7.414189    -0.782109            8      8
   -8.324534    -7.414189    -0.782109            8      8
   -5.805878    -5.760955     0.871125            8      8
   -5.805878    -6.548767     0.871125            8      8
   -5.805878    -5.760955    -1.647531            8      8
   -8.324534    -5.760955    -1.647531            8      8
   -5.805878    -6.548767    -1.647531            8      8
   -8.324534    -6.548767    -1.647531            8      8
   -6.671300    -7.414189     0.871125            8      8
   -7.459112    -7.414189     0.871125            8      8
   -6.671300    -4.895533    -1.647531            8      8
   -7.459112    -4.895533    -1.647531            8      8
   -6.671300    -7.414189    -1.647531            8      8
   -7.459112    -7.414189    -1.647531            8      8
   -6.343468    -6.876599     1.123474            8      8
   -6.343468    -5.433124    -1.899879            8      8
   -7.786943    -5.433124    -1.899879            8      8
   -6.343468    -6.876599    -1.899879            8      8
   -7.786943    -6.876599    -1.899879            8      8
   -6.343468    -7.666538     0.333535            8      8
   -7.786943    -7.666538     0.333535            8      8
   -6.343468    -4.643185    -1.109940            8      8
   -7.786943    -4.643185    -1.109940            8      8
   -6.343468    -7.666538    -1.109940            8      8
   -7.786943    -7.666538    -1.109940            8      8
   -5.553529    -6.876599     0.333535            8      8
   -5.553529    -5.433124    -1.109940            8      8
   -8.576882    -5.433124    -1.109940            8      8
   -5.553529    -6.876599    -1.109940            8      8
   -8.576882    -6.876599    -1.109940            8      8
   -6.192661    -7.756623    -0.388203            8      8
   -7.937751    -7.756623    -0.388203            8      8
   -5.463444    -5.282316    -0.388203            8      8
   -5.463444    -7.027406    -0.388203            8      8
   -8.666968    -7.027406    -0.388203            8      8
   -6.192661    -6.154861     1.213559            8      8
   -6.192661    -6.154861    -1.989965            8      8
   -7.937751    -6.154861    -1.989965            8      8
   -5.463444    -6.154861     0.484342            8      8
   -5.463444    -6.154861    -1.260748            8      8
   -8.666968    -6.154861    -1.260748            8      8
   -7.065206    -7.027406     1.213559            8      8
   -7.065206    -5.282316    -1.989965            8      8
   -7.065206    -7.027406    -1.989965            8      8
   -7.065206    -7.756623     0.484342            8      8
   -7.065206    -4.553099    -1.260748            8      8
   -7.065206    -7.756623    -1.260748            8      8
  -10.601964    -5.847959     1.055224            8      9
   -8.777964    -4.023959     1.055224            8      9
   -8.777964    -7.671959     1.055224            8      9
   -8.777964    -5.847959     2.879224            8      9
   -8.777964    -5.847959    -0.768776            8      9
   -9.831051    -4.794872     2.108310            8      9
   -7.724877    -6.901046     2.108310            8      9
   -9.831051    -6.901046     2.108310            8      9
   -9.831051    -4.794872     0.002137            8      9
   -9.831051    -6.901046     0.002137            8      9
   -8.440313    -5.510308     2.815610            8      9
   -9.115615    -5.510308     2.815610            8      9
   -8.440313    -6.185610     2.815610            8      9
   -9.115615    -6.185610     2.815610            8      9
   -9.115615    -5.510308    -0.705163            8      9
   -9.115615    -6.185610    -0.705163            8      9
   -9.115615    -4.087573     1.392875            8      9
   -8.440313    -7.608345     1.392875            8      9
   -9.115615    -7.608345     1.392875            8      9
   -9.115615    -4.087573     0.717573            8      9
   -8.440313    -7.608345     0.717573            8      9
   -9.115615    -7.608345     0.717573            8      9
  -10.538350    -5.510308     1.392875            8      9
  -10.538350    -6.185610     1.392875            8      9
  -10.538350    -5.510308     0.717573            8      9
  -10.538350    -6.185610     0.717573            8      9
  -10.037292    -4.588631     1.449130            8      9
   -7.518636    -7.107287     1.449130            8      9
  -10.037292    -7.107287     1.449130            8      9
  -10.037292    -4.588631     0.661317            8      9
  -10.037292    -7.107287     0.661317            8      9
  -10.037292    -5.454053     2.314552            8      9
   -7.518636    -6.241865     2.314552            8      9
  -10.037292    -6.241865     2.314552            8      9
  -10.037292    -5.454053    -0.204104            8      9
  -10.037292    -6.241865    -0.204104            8      9
   -8.384058    -4.588631     2.314552            8      9
   -9.171870    -4.588631     2.314552            8      9
   -8.384058    -7.107287     2.314552            8      9
   -9.171870    -7.107287     2.314552            8      9
   -9.171870    -4.588631    -0.204104            8      9
   -8.384058    -7.107287    -0.204104            8      9
   -9.171870    -7.107287    -0.204104            8      9
   -8.056226    -5.126221     2.566900            8      9
   -9.499701    -5.126221     2.566900            8      9
   -8.056226    -6.569696     2.566900            8      9
   -9.499701    -6.569696     2.566900            8      9
   -9.499701    -5.126221    -0.456453            8      9
   -9.499701    -6.569696    -0.456453            8      9
   -9.499701    -4.336282     1.776961            8      9
   -8.056226    -7.359635     1.776961            8      9
   -9.499701    -7.359635     1.776961            8      9
   -9.499701    -4.336282     0.333486            8      9
   -8.056226    -7.359635     0.333486            8      9
   -9.499701    -7.359635     0.333486            8      9
  -10.289640    -5.126221     1.776961            8      9
   -7.266287    -6.569696     1.776961            8      9
  -10.289640    -6.569696     1.776961            8      9
  -10.289640    -5.126221     0.333486            8      9
  -10.289640    -6.569696     0.333486            8      9
   -9.650509    -4.246197     1.055224            8      9
   -7.905419    -7.449721     1.055224            8      9
   -9.650509    -7.449721     1.055224            8      9
  -10.379726    -4.975414     1.055224            8      9
  -10.379726    -6.720504     1.055224            8      9
   -7.905419    -5.847959     2.656985            8      9
   -9.650509    -5.847959     2.656985            8      9
   -9.650509    -5.847959    -0.546538            8      9
  -10.379726    -5.847959     1.927769            8      9
  -10.379726    -5.847959     0.182678            8      9
   -8.777964    -4.975414     2.656985            8      9
   -8.777964    -6.720504     2.656985            8      9
   -8.777964    -4.975414    -0.546538            8      9
   -8.777964    -6.720504    -0.546538            8      9
   -8.777964    -4.246197     1.927769            8      9
   -8.777964    -7.449721     1.927769            8      9
   -8.777964    -4.246197     0.182678            8      9
   -8.777964    -7.449721     0.182678            8      9
