$hessian                                                                        
        0.3369698371  -0.0448837137   0.0549155850  -0.0967843314  -0.0303756161
        0.0371647539  -0.0472343417   0.0231072410  -0.0573510356  -0.0620802954
       -0.0482657827  -0.0409121927  -0.1308708686   0.1004178715   0.0061828895
       -0.0448837137   0.4206723056   0.0238767368  -0.0303760013  -0.0401332500
        0.0161596709   0.0171787140  -0.0649224771   0.0589868071  -0.0564588574
       -0.1606449756  -0.0845461644   0.1145398584  -0.1549716030  -0.0144770504
        0.0549155850   0.0238767368   0.4109760571   0.0371662051   0.0161615377
       -0.0466976316  -0.0430466880   0.0620504749  -0.2161854370  -0.0511302871
       -0.0933459386  -0.1056024716   0.0020951851  -0.0087428108  -0.0424905169
       -0.0967843314  -0.0303760013   0.0371662051   0.1463696376   0.0561706584
       -0.0687276924  -0.0038995133  -0.0070557697   0.0140241546  -0.0191929785
       -0.0143767363   0.0047392940  -0.0264928144  -0.0043621512   0.0127980387
       -0.0303756161  -0.0401332500   0.0161615377   0.0561706584   0.0416140183
       -0.0298851165  -0.0098260665  -0.0037822960   0.0086410396  -0.0182098652
       -0.0072099901   0.0081946417   0.0022408894   0.0095115177  -0.0031121025
        0.0371647539   0.0161596709  -0.0466976316  -0.0687276924  -0.0298851165
        0.0537546275   0.0207090834   0.0100753097  -0.0116935543  -0.0000358211
        0.0040791520   0.0070295033   0.0108896762  -0.0004290161  -0.0023929449
       -0.0472343417   0.0171787140  -0.0430466880  -0.0038995133  -0.0098260665
        0.0207090834   0.0612208202  -0.0207212395   0.0567918748  -0.0028815625
        0.0036470792  -0.0124605129  -0.0072054027   0.0097215128  -0.0219937573
        0.0231072410  -0.0649224771   0.0620504749  -0.0070557697  -0.0037822960
        0.0100753097  -0.0207212395   0.0737850651  -0.0726811082  -0.0066799875
        0.0066394180  -0.0240300486   0.0113497558  -0.0117197099   0.0245853722
       -0.0573510356   0.0589868071  -0.2161854370   0.0140241546   0.0086410396
       -0.0116935543   0.0567918748  -0.0726811082   0.2528952469  -0.0098119720
        0.0032676355  -0.0238512779  -0.0036530218   0.0017856260  -0.0011649778
       -0.0620802954  -0.0564588574  -0.0511302871  -0.0191929785  -0.0182098652
       -0.0000358211  -0.0028815625  -0.0066799875  -0.0098119720   0.0763780654
        0.0640083953   0.0494214824   0.0077767708   0.0173403148   0.0115565978
       -0.0482657827  -0.1606449756  -0.0933459386  -0.0143767363  -0.0072099901
        0.0040791520   0.0036470792   0.0066394180   0.0032676355   0.0640083953
        0.1867639126   0.1040750064  -0.0050129555  -0.0255483649  -0.0180758553
       -0.0409121927  -0.0845461644  -0.1056024716   0.0047392940   0.0081946417
        0.0070295033  -0.0124605129  -0.0240300486  -0.0238512779   0.0494214824
        0.1040750064   0.1247529947  -0.0007880708  -0.0036934350  -0.0023287485
       -0.1308708686   0.1145398584   0.0020951851  -0.0264928144   0.0022408894
        0.0108896762  -0.0072054027   0.0113497558  -0.0036530218   0.0077767708
       -0.0050129555  -0.0007880708   0.1567923149  -0.1231175480  -0.0085437686
        0.1004178715  -0.1549716030  -0.0087428108  -0.0043621512   0.0095115177
       -0.0004290161   0.0097215128  -0.0117197099   0.0017856260   0.0173403148
       -0.0255483649  -0.0036934350  -0.1231175480   0.1827281601   0.0110796360
        0.0061828895  -0.0144770504  -0.0424905169   0.0127980387  -0.0031121025
       -0.0023929449  -0.0219937573   0.0245853722  -0.0011649778   0.0115565978
       -0.0180758553  -0.0023287485  -0.0085437686   0.0110796360   0.0483771881
