$hessian                                                                        
        0.0407542879   0.1997329208   0.0093712803  -0.0407542880  -0.1997329209
       -0.0093712803
        0.1997329208   0.9959349904   0.0466562570  -0.1997329208  -0.9959349904
       -0.0466562570
        0.0093712803   0.0466562570   0.0022200899  -0.0093712803  -0.0466562571
       -0.0022200899
       -0.0407542880  -0.1997329208  -0.0093712803   0.0407542880   0.1997329209
        0.0093712803
       -0.1997329209  -0.9959349904  -0.0466562571   0.1997329209   0.9959349904
        0.0466562571
       -0.0093712803  -0.0466562570  -0.0022200899   0.0093712803   0.0466562571
        0.0022200900
