$hessian                                                                        
        0.5823171714  -0.0175673624  -0.0000045248  -0.0905115975   0.0394450704
        0.0000001076  -0.0044024578   0.0027471366   0.0000000760   0.0003125868
       -0.0210827448   0.0000003355   0.0180055226   0.0245945513  -0.0000004149
       -0.0038369805  -0.0293851469   0.0000003438  -0.0108096405  -0.0171847901
        0.0000002777  -0.0039779661   0.0028962367   0.0000000816  -0.0498679159
        0.0165069367   0.0000003040   0.0013138262  -0.0005980298  -0.0000000031
       -0.2149106508  -0.0997885563   0.0000025600  -0.2236318979   0.0994166986
        0.0000008565
       -0.0175673624   0.7003854609  -0.0000059930  -0.0316756925  -0.3619534138
        0.0000036302   0.0039135549  -0.0004294808   0.0000000357  -0.0456219604
       -0.0624491383   0.0000012258   0.0768948923  -0.0371734621  -0.0000003442
       -0.0035822074  -0.0203240043   0.0000002118  -0.0279238050  -0.0384486628
        0.0000005840   0.0021370986  -0.0003979496   0.0000000569  -0.0187285955
        0.0451469445  -0.0000002742  -0.0005924630  -0.0001707441   0.0000000193
       -0.0369517828  -0.1215369158   0.0000010419   0.0996983232  -0.1026486337
       -0.0000001943
       -0.0000045248  -0.0000059930   0.0974682194   0.0000008309   0.0000029439
       -0.0379847171   0.0000000785   0.0000000461   0.0072555859   0.0000005864
        0.0000009508   0.0111370133  -0.0000009112   0.0000001508   0.0013419127
        0.0000000731   0.0000004958   0.0013141902   0.0000003475   0.0000004904
       -0.0025984381   0.0000000825   0.0000000395   0.0062296687   0.0000007124
       -0.0000006242  -0.0010813482  -0.0000000035   0.0000000116   0.0002285114
        0.0000018869   0.0000016978  -0.0538637287   0.0000008412  -0.0000002096
       -0.0294468695
       -0.0905115975  -0.0316756925   0.0000008309   0.6489122814  -0.0096620376
       -0.0000052799   0.0010361648   0.0009481345  -0.0000000044  -0.0074733833
       -0.0044947790   0.0000001905  -0.2703746073   0.1425300171   0.0000008668
       -0.2225171744  -0.1022133393   0.0000029395  -0.0678065491  -0.0289191964
        0.0000009880  -0.0011267066   0.0005805486  -0.0000000294  -0.0118770369
        0.0285471603  -0.0000001882  -0.0037775006  -0.0028636770   0.0000001236
        0.0299267460  -0.0216590518  -0.0000001744  -0.0044106365   0.0288819131
       -0.0000002630
        0.0394450704  -0.3619534138   0.0000029439  -0.0096620376   0.6707072432
       -0.0000055720   0.0007160222  -0.0003487214  -0.0000000083   0.0019813483
        0.0056220338  -0.0000000177   0.0684249421  -0.1479062639   0.0000003198
       -0.1015419914  -0.1035725283   0.0000017732   0.0262339907   0.0471020694
       -0.0000006617   0.0270216413  -0.0192478527  -0.0000001112   0.0178069150
       -0.0373796569   0.0000001547  -0.0042883929  -0.0002722807   0.0000001231
       -0.0675886053  -0.0356732222   0.0000009298   0.0014510973  -0.0170774066
        0.0000001264
        0.0000001076   0.0000036302  -0.0379847171  -0.0000052799  -0.0000055720
        0.1111570909  -0.0000000184   0.0000000024  -0.0000301729   0.0000001126
        0.0000000541   0.0061659751   0.0000015695  -0.0000003545  -0.0427221585
        0.0000029461   0.0000017540  -0.0331607918   0.0000004378  -0.0000001340
        0.0005675653  -0.0000002856   0.0000001672  -0.0021113554  -0.0000000957
        0.0000000279  -0.0026030106   0.0000001555   0.0000001016   0.0070844938
        0.0000003318   0.0000004537  -0.0047227749   0.0000000187  -0.0000001307
       -0.0016401439
       -0.0044024578   0.0039135549   0.0000000785   0.0010361648   0.0007160222
       -0.0000000184   0.2495155433   0.1184694952  -0.0000035959   0.0038318227
        0.0018181343  -0.0000000847   0.0016000322  -0.0002449616   0.0000000771
       -0.0004271346  -0.0003067609  -0.0000000138  -0.0037101648  -0.0011367324
        0.0000000336  -0.0004522149  -0.0007034703   0.0000000216  -0.2189131651
       -0.1024062516   0.0000030294   0.0015623499   0.0003638173  -0.0000000568
       -0.0267910117  -0.0199222208   0.0000005086  -0.0028497641  -0.0005606264
        0.0000000209
        0.0027471366  -0.0004294808   0.0000000461   0.0009481345  -0.0003487214
        0.0000000024   0.1184694952   0.1236780098  -0.0000022326  -0.0010081295
        0.0024954724  -0.0000000489   0.0006160138  -0.0054800699   0.0000001379
       -0.0001973251  -0.0001286392  -0.0000000091  -0.0285720242  -0.0177808169
        0.0000004197  -0.0015332776  -0.0016633223   0.0000000503  -0.1021175002
       -0.1073579372   0.0000018585  -0.0005034821   0.0007315293  -0.0000000422
        0.0106611919   0.0060135788  -0.0000001622   0.0004897668   0.0002703974
       -0.0000000200
        0.0000000760   0.0000000357   0.0072555859  -0.0000000044  -0.0000000083
       -0.0000301729  -0.0000035959  -0.0000022326   0.0219788310  -0.0000000567
       -0.0000000847  -0.0026997170   0.0000000408   0.0000001437   0.0080804083
       -0.0000000115  -0.0000000089  -0.0017912874   0.0000003203   0.0000001403
       -0.0016387173   0.0000000261   0.0000000324   0.0009171974   0.0000030333
        0.0000018615  -0.0294545767  -0.0000000473  -0.0000000499  -0.0034630697
        0.0000002035   0.0000001780   0.0020539172   0.0000000159  -0.0000000072
       -0.0012083987
        0.0003125868  -0.0456219604   0.0000005864  -0.0074733833   0.0019813483
        0.0000001126   0.0038318227  -0.0010081295  -0.0000000567   0.0721512334
       -0.0054044797  -0.0000004196   0.0056713160   0.0000947166  -0.0000000578
       -0.0005667129  -0.0019479099   0.0000000209  -0.0075190789  -0.0022851264
        0.0000001645   0.0001589463   0.0000265678  -0.0000000177  -0.0012887586
        0.0470556193  -0.0000003648  -0.0006779311   0.0020283968  -0.0000000252
       -0.0684503619   0.0040423721   0.0000001290   0.0038503214   0.0010385850
       -0.0000000715
       -0.0210827448  -0.0624491383   0.0000009508  -0.0044947790   0.0056220338
        0.0000000541   0.0018181343   0.0024954724  -0.0000000847  -0.0054044797
        0.5330534092  -0.0000052212   0.0000987711  -0.0027338116   0.0000000473
       -0.0027434715  -0.0041403501   0.0000000490   0.0041910085   0.0056695663
        0.0000000174   0.0000259260  -0.0022164027   0.0000000177   0.0225156099
       -0.0608448758   0.0000004915   0.0028250522  -0.0040298820  -0.0000000026
        0.0040331120  -0.4129176842   0.0000036967  -0.0017821391   0.0024916631
       -0.0000000161
        0.0000003355   0.0000012258   0.0111370133   0.0000001905  -0.0000000177
        0.0061659751  -0.0000000847  -0.0000000489  -0.0026997170  -0.0000004196
       -0.0000052212   0.0252561570  -0.0000000620   0.0000000328   0.0002960547
        0.0000000265   0.0000000553  -0.0008944223   0.0000000959   0.0000000374
        0.0061739907  -0.0000000172   0.0000000058  -0.0014625039  -0.0000001184
        0.0000002627   0.0111340634  -0.0000000283   0.0000000141  -0.0008946467
        0.0000001270   0.0000037186  -0.0515146109  -0.0000000453  -0.0000000647
       -0.0026973534
        0.0180055226   0.0768948923  -0.0000009112  -0.2703746073   0.0684249421
        0.0000015695   0.0016000322   0.0006160138   0.0000000408   0.0056713160
        0.0000987711  -0.0000000620   0.6453735616  -0.0002044672  -0.0000056286
       -0.0271955016   0.0108260461   0.0000001883  -0.2653791473  -0.0711731462
        0.0000031096  -0.0441464189   0.0028799435   0.0000001724   0.0203432038
       -0.0755501119   0.0000005524  -0.0272858830  -0.0116082325   0.0000003672
       -0.0582175469  -0.0007517277   0.0000005222   0.0016054687  -0.0004529234
        0.0000000794
        0.0245945513  -0.0371734621   0.0000001508   0.1425300171  -0.1479062639
       -0.0000003545  -0.0002449616  -0.0054800699   0.0000001437   0.0000947166
       -0.0027338116   0.0000000328  -0.0002044672   0.6635158643  -0.0000058215
       -0.0150930060   0.0063407762   0.0000000894  -0.1452794864  -0.1529116929
        0.0000026669   0.0028796923  -0.2911380994   0.0000026969  -0.0232484322
       -0.0395061639   0.0000006487   0.0143153759   0.0064149626  -0.0000002387
       -0.0007526972   0.0060638818  -0.0000001508   0.0004086975  -0.0054859210
        0.0000001362
       -0.0000004149  -0.0000003442   0.0013419127   0.0000008668   0.0000003198
       -0.0427221585   0.0000000771   0.0000001379   0.0080804083  -0.0000000578
        0.0000000473   0.0002960547  -0.0000056286  -0.0000058215   0.0965922642
        0.0000004272  -0.0000001704   0.0002087156   0.0000037895   0.0000019258
       -0.0427253635   0.0000001620   0.0000026980  -0.0250900572   0.0000000228
        0.0000011487   0.0013405570   0.0000001343   0.0000000519   0.0002087136
        0.0000005655  -0.0000001347  -0.0056091648   0.0000000562   0.0000001413
        0.0080781177
       -0.0038369805  -0.0035822074   0.0000000731  -0.2225171744  -0.1015419914
        0.0000029461  -0.0004271346  -0.0001973251  -0.0000000115  -0.0005667129
       -0.0027434715   0.0000000265  -0.0271955016  -0.0150930060   0.0000004272
        0.2549753639   0.1160148190  -0.0000035094  -0.0039433485   0.0042016105
        0.0000000642   0.0007637275  -0.0001937854  -0.0000000304   0.0012855681
        0.0006258341  -0.0000000163  -0.0025667231  -0.0004542869   0.0000000350
        0.0024723263   0.0024385924   0.0000000510   0.0015565897   0.0005252175
       -0.0000000555
       -0.0293851469  -0.0203240043   0.0000004958  -0.1022133393  -0.1035725283
        0.0000017540  -0.0003067609  -0.0001286392  -0.0000000089  -0.0019479099
       -0.0041403501   0.0000000553   0.0108260461   0.0063407762  -0.0000001704
        0.1160148190   0.1221795407  -0.0000021642   0.0027778968  -0.0001083147
        0.0000000393   0.0006218656   0.0010018410  -0.0000000421   0.0006330809
       -0.0001452918  -0.0000000013   0.0003868879   0.0002751142  -0.0000000070
        0.0029340828  -0.0021159510   0.0000000880  -0.0003415221   0.0007378072
       -0.0000000385
        0.0000003438   0.0000002118   0.0013141902   0.0000029395   0.0000017732
       -0.0331607918  -0.0000000138  -0.0000000091  -0.0017912874   0.0000000209
        0.0000000490  -0.0008944223   0.0000001883   0.0000000894   0.0002087156
       -0.0000035094  -0.0000021642   0.0236061492   0.0000000752   0.0000000008
        0.0070841269  -0.0000000374  -0.0000000335  -0.0023784183  -0.0000000121
        0.0000000114   0.0002290909   0.0000000190   0.0000000014   0.0000705306
        0.0000000289   0.0000001135   0.0091746775  -0.0000000428  -0.0000000439
       -0.0034625612
       -0.0108096405  -0.0279238050   0.0000003475  -0.0678065491   0.0262339907
        0.0000004378  -0.0037101648  -0.0285720242   0.0000003203  -0.0075190789
        0.0041910085   0.0000000959  -0.2653791473  -0.1452794864   0.0000037895
       -0.0039433485   0.0027778968   0.0000000752   0.6484491255   0.0091263596
       -0.0000056520  -0.0004871072  -0.0001413721  -0.0000000083  -0.0904782360
        0.0380207387   0.0000001773  -0.2271938753   0.0993357188   0.0000009556
        0.0278031736   0.0231456479  -0.0000005312   0.0010748487  -0.0009146733
       -0.0000000076
       -0.0171847901  -0.0384486628   0.0000004904  -0.0289191964   0.0471020694
       -0.0000001340  -0.0011367324  -0.0177808169   0.0000001403  -0.0022851264
        0.0056695663   0.0000000374  -0.0711731462  -0.1529116929   0.0000019258
        0.0042016105  -0.0001083147   0.0000000008   0.0091263596   0.6711915840
       -0.0000059549  -0.0265767819  -0.0198828630   0.0000004596  -0.0331068773
       -0.3619746142   0.0000036343   0.0986609489  -0.0989080281  -0.0000002263
        0.0690770650  -0.0335605625  -0.0000003646  -0.0006833333  -0.0003876646
       -0.0000000088
        0.0000002777   0.0000005840  -0.0025984381   0.0000009880  -0.0000006617
        0.0005675653   0.0000000336   0.0000004197  -0.0016387173   0.0000001645
        0.0000000174   0.0061739907   0.0000031096   0.0000026669  -0.0427253635
        0.0000000642   0.0000000393   0.0070841269  -0.0000056520  -0.0000059549
        0.1111750779   0.0000002655   0.0000001766  -0.0021150865   0.0000009184
        0.0000029926  -0.0379846634   0.0000009283  -0.0000003051  -0.0331636548
       -0.0000010896   0.0000000067  -0.0047509766  -0.0000000083   0.0000000185
       -0.0000238606
       -0.0039779661   0.0021370986   0.0000000825  -0.0011267066   0.0270216413
       -0.0000002856  -0.0004522149  -0.0015332776   0.0000000261   0.0001589463
        0.0000259260  -0.0000000172  -0.0441464189   0.0028796923   0.0000001620
        0.0007637275   0.0006218656  -0.0000000374  -0.0004871072  -0.0265767819
        0.0000002655   0.0534436115  -0.0032375306  -0.0000003028  -0.0038582482
       -0.0022173791   0.0000001239   0.0007789814  -0.0006326725  -0.0000000258
       -0.0005925893  -0.0000459392   0.0000000100  -0.0005040155   0.0015573572
       -0.0000000013
        0.0028962367  -0.0003979496   0.0000000395   0.0005805486  -0.0192478527
        0.0000001672  -0.0007034703  -0.0016633223   0.0000000324   0.0000265678
       -0.0022164027   0.0000000058   0.0028799435  -0.2911380994   0.0000026980
       -0.0001937854   0.0010018410  -0.0000000335  -0.0001413721  -0.0198828630
        0.0000001766  -0.0032375306   0.3311225360  -0.0000031466  -0.0029764299
       -0.0005176845   0.0000001008   0.0001861312   0.0009907243  -0.0000000347
       -0.0000465977   0.0035596642  -0.0000000235   0.0007297581  -0.0016105912
        0.0000000180
        0.0000000816   0.0000000569   0.0062296687  -0.0000000294  -0.0000001112
       -0.0021113554   0.0000000216   0.0000000503   0.0009171974  -0.0000000177
        0.0000000177  -0.0014625039   0.0000001724   0.0000026969  -0.0250900572
       -0.0000000304  -0.0000000421  -0.0023784183  -0.0000000083   0.0000004596
       -0.0021150865  -0.0000003028  -0.0000031466   0.0207235520   0.0000001214
        0.0000000798   0.0062305533  -0.0000000343  -0.0000000324  -0.0023770693
        0.0000000200  -0.0000000383   0.0005166382   0.0000000058   0.0000000093
        0.0009168808
       -0.0498679159  -0.0187285955   0.0000007124  -0.0118770369   0.0178069150
       -0.0000000957  -0.2189131651  -0.1021175002   0.0000030333  -0.0012887586
        0.0225156099  -0.0000001184   0.0203432038  -0.0232484322   0.0000000228
        0.0012855681   0.0006330809  -0.0000000121  -0.0904782360  -0.0331068773
        0.0000009184  -0.0038582482  -0.0029764299   0.0000001214   0.5815620715
        0.0147760522  -0.0000052250  -0.0046166700   0.0297489306  -0.0000002493
       -0.2180462145   0.0975331373   0.0000007586  -0.0042445981  -0.0028358907
        0.0000001334
        0.0165069367   0.0451469445  -0.0000006242   0.0285471603  -0.0373796569
        0.0000000279  -0.1024062516  -0.1073579372   0.0000018615   0.0470556193
       -0.0608448758   0.0000002627  -0.0755501119  -0.0395061639   0.0000011487
        0.0006258341  -0.0001452918   0.0000000114   0.0380207387  -0.3619746142
        0.0000029926  -0.0022173791  -0.0005176845   0.0000000798   0.0147760522
        0.7011017609  -0.0000062780   0.0039497101  -0.0195413947   0.0000001242
        0.0346943721  -0.1183915915   0.0000002608  -0.0040026810  -0.0005894949
        0.0000001326
        0.0000003040  -0.0000002742  -0.0010813482  -0.0000001882   0.0000001547
       -0.0026030106   0.0000030294   0.0000018585  -0.0294545767  -0.0000003648
        0.0000004915   0.0111340634   0.0000005524   0.0000006487   0.0013405570
       -0.0000000163  -0.0000000013   0.0002290909   0.0000001773   0.0000036343
       -0.0379846634   0.0000001239   0.0000001008   0.0062305533  -0.0000052250
       -0.0000062780   0.0974747633   0.0000000254  -0.0000000984   0.0013151821
        0.0000014290  -0.0000003418  -0.0538548629   0.0000001529   0.0000001051
        0.0072542518
        0.0013138262  -0.0005924630  -0.0000000035  -0.0037775006  -0.0042883929
        0.0000001555   0.0015623499  -0.0005034821  -0.0000000473  -0.0006779311
        0.0028250522  -0.0000000283  -0.0272858830   0.0143153759   0.0000001343
       -0.0025667231   0.0003868879   0.0000000190  -0.2271938753   0.0986609489
        0.0000009283   0.0007789814   0.0001861312  -0.0000000343  -0.0046166700
        0.0039497101   0.0000000254   0.2603084171  -0.1127997948  -0.0000012144
        0.0025936976  -0.0023284203   0.0000000830  -0.0004386890   0.0001884469
       -0.0000000175
       -0.0005980298  -0.0001707441   0.0000000116  -0.0028636770  -0.0002722807
        0.0000001016   0.0003638173   0.0007315293  -0.0000000499   0.0020283968
       -0.0040298820   0.0000000141  -0.0116082325   0.0064149626   0.0000000519
       -0.0004542869   0.0002751142   0.0000000014   0.0993357188  -0.0989080281
       -0.0000003051  -0.0006326725   0.0009907243  -0.0000000324   0.0297489306
       -0.0195413947  -0.0000000984  -0.1127997948   0.1168646987   0.0000001793
       -0.0028212473  -0.0022363705   0.0000001436   0.0003010773  -0.0001183291
       -0.0000000177
       -0.0000000031   0.0000000193   0.0002285114   0.0000001236   0.0000001231
        0.0070844938  -0.0000000568  -0.0000000422  -0.0034630697  -0.0000000252
       -0.0000000026  -0.0008946467   0.0000003672  -0.0000002387   0.0002087136
        0.0000000350  -0.0000000070   0.0000705306   0.0000009556  -0.0000002263
       -0.0331636548  -0.0000000258  -0.0000000347  -0.0023770693  -0.0000002493
        0.0000001242   0.0013151821  -0.0000012144   0.0000001793   0.0236059049
        0.0000001118   0.0000001253   0.0091781723  -0.0000000186  -0.0000000197
       -0.0017930683
       -0.2149106508  -0.0369517828   0.0000018869   0.0299267460  -0.0675886053
        0.0000003318  -0.0267910117   0.0106611919   0.0000002035  -0.0684503619
        0.0040331120   0.0000001270  -0.0582175469  -0.0007526972   0.0000005655
        0.0024723263   0.0029340828   0.0000000289   0.0278031736   0.0690770650
       -0.0000010896  -0.0005925893  -0.0000465977   0.0000000200  -0.2180462145
        0.0346943721   0.0000014290   0.0025936976  -0.0028212473   0.0000001118
        0.5511987221  -0.0018048570  -0.0000040041  -0.0269862905  -0.0114340364
        0.0000003894
       -0.0997885563  -0.1215369158   0.0000016978  -0.0216590518  -0.0356732222
        0.0000004537  -0.0199222208   0.0060135788   0.0000001780   0.0040423721
       -0.4129176842   0.0000037186  -0.0007517277   0.0060638818  -0.0000001347
        0.0024385924  -0.0021159510   0.0000001135   0.0231456479  -0.0335605625
        0.0000000067  -0.0000459392   0.0035596642  -0.0000000383   0.0975331373
       -0.1183915915  -0.0000003418  -0.0023284203  -0.0022363705   0.0000001253
       -0.0018048570   0.7045848853  -0.0000055261   0.0191410232   0.0062102875
       -0.0000002528
        0.0000025600   0.0000010419  -0.0538637287  -0.0000001744   0.0000009298
       -0.0047227749   0.0000005086  -0.0000001622   0.0020539172   0.0000001290
        0.0000036967  -0.0515146109   0.0000005222  -0.0000001508  -0.0056091648
        0.0000000510   0.0000000880   0.0091746775  -0.0000005312  -0.0000003646
       -0.0047509766   0.0000000100  -0.0000000235   0.0005166382   0.0000007586
        0.0000002608  -0.0538548629   0.0000000830   0.0000001436   0.0091781723
       -0.0000040041  -0.0000055261   0.1513457012   0.0000000872   0.0000000665
        0.0020470126
       -0.2236318979   0.0996983232   0.0000008412  -0.0044106365   0.0014510973
        0.0000000187  -0.0028497641   0.0004897668   0.0000000159   0.0038503214
       -0.0017821391  -0.0000000453   0.0016054687   0.0004086975   0.0000000562
        0.0015565897  -0.0003415221  -0.0000000428   0.0010748487  -0.0006833333
       -0.0000000083  -0.0005040155   0.0007297581   0.0000000058  -0.0042445981
       -0.0040026810   0.0000001529  -0.0004386890   0.0003010773  -0.0000000186
       -0.0269862905   0.0191410232   0.0000000872   0.2549786631  -0.1154100680
       -0.0000010630
        0.0994166986  -0.1026486337  -0.0000002096   0.0288819131  -0.0170774066
       -0.0000001307  -0.0005606264   0.0002703974  -0.0000000072   0.0010385850
        0.0024916631  -0.0000000647  -0.0004529234  -0.0054859210   0.0000001413
        0.0005252175   0.0007378072  -0.0000000439  -0.0009146733  -0.0003876646
        0.0000000185   0.0015573572  -0.0016105912   0.0000000093  -0.0028358907
       -0.0005894949   0.0000001051   0.0001884469  -0.0001183291  -0.0000000197
       -0.0114340364   0.0062102875   0.0000000665  -0.1154100680   0.1182078861
        0.0000001350
        0.0000008565  -0.0000001943  -0.0294468695  -0.0000002630   0.0000001264
       -0.0016401439   0.0000000209  -0.0000000200  -0.0012083987  -0.0000000715
       -0.0000000161  -0.0026973534   0.0000000794   0.0000001362   0.0080781177
       -0.0000000555  -0.0000000385  -0.0034625612  -0.0000000076  -0.0000000088
       -0.0000238606  -0.0000000013   0.0000000180   0.0009168808   0.0000001334
        0.0000001326   0.0072542518  -0.0000000175  -0.0000000177  -0.0017930683
        0.0000003894  -0.0000002528   0.0020470126  -0.0000010630   0.0000001350
        0.0219759925
