           1           2   1.49737827739527     
           2           5   1.40248690873175     
           2           6  0.970654555166035     
           5           7   1.40249575859845     
           5           8  0.972936848835306     
           3           9  0.971479940772056     
           7           9   1.49736860282261     
           7          10  0.970654550384459     
           1          11   1.24813814520466     
           4          11   1.36577699038655     
           9          11   1.24814323477419     
           1          12  0.971480407683600     
