$hessian                                                                        
        0.3443814599   0.1541321337   0.2291990225  -0.1354873931  -0.0232697231
       -0.1158994092   0.0051230619   0.0040810630  -0.0053110584  -0.0127875965
       -0.0133897434  -0.0078255034   0.0075978083   0.0457078313  -0.0183894252
       -0.0128045716  -0.0004791681  -0.0146787042  -0.0214845353  -0.0154850462
       -0.0164695515   0.0048575766  -0.0020573592  -0.0021934776   0.0059780752
       -0.0285878173   0.0337135230  -0.0003195727  -0.0001943931  -0.0003635453
       -0.1460864937  -0.1158994610  -0.0758037359  -0.0386958421  -0.0021797967
       -0.0061481270   0.0004002233  -0.0043885246   0.0003662255  -0.0006429783
        0.0009759808  -0.0004055776   0.0001862962   0.0001410356  -0.0000469947
        0.0000302598  -0.0000410954   0.0000696153  -0.0000308929  -0.0003464775
       -0.0001977043  -0.0005261942  -0.0000900906   0.0000496742  -0.0003684412
        0.0003262123  -0.0000379190  -0.0002734846   0.0001620929   0.0000040653
        0.0003281354  -0.0009025373   0.0002901033  -0.0000334752   0.0002535385
        0.0000062981   0.0006585748   0.0015313454   0.0000722061
        0.1541321337   0.5928323110  -0.0909671705   0.0159837117  -0.0828751396
        0.0486313260   0.0042171483   0.0028376252   0.0007580599   0.0003336799
        0.0001230913  -0.0004199030   0.0171762580   0.0100524536   0.0179102581
       -0.0147771178  -0.0014299473  -0.0208397373  -0.0090380222  -0.0074626489
       -0.0105924879  -0.0012496995  -0.0033131880   0.0049203462  -0.0101880649
       -0.0502011510   0.0181987937  -0.0002333479   0.0005925477  -0.0008370875
       -0.1513213259  -0.2492442160  -0.0761255978  -0.0026720835  -0.2085746868
        0.1078787243  -0.0016291015  -0.0048732405   0.0020556454  -0.0007616116
        0.0014177078  -0.0003919738   0.0001582110   0.0000909285  -0.0000001183
        0.0001095414  -0.0000554095   0.0000988322  -0.0001275534  -0.0004738195
       -0.0002292530  -0.0004838254  -0.0001358420   0.0001024774  -0.0002821566
        0.0003755661  -0.0000413909  -0.0002494753   0.0001829684   0.0000195803
        0.0002113340  -0.0009816724  -0.0000056549  -0.0000328863   0.0002050786
        0.0000372655   0.0007242536   0.0009106833  -0.0001609340
        0.2291990225  -0.0909671705   0.4871299256  -0.1403284790  -0.0074596076
       -0.2325186502  -0.0000826098   0.0064126587  -0.0039206497  -0.0163809528
       -0.0196113409  -0.0118737184  -0.0002966815   0.0590676148  -0.0376279412
       -0.0059183947  -0.0010029597  -0.0091899824  -0.0198674223  -0.0194337040
       -0.0196445325  -0.0024924416   0.0039470994   0.0006011423   0.0188634977
       -0.0120522871   0.0323602326  -0.0002864613  -0.0006276164  -0.0000628597
       -0.0554135007  -0.0275086455  -0.0960703605  -0.0059921908   0.1082773840
       -0.1101756184  -0.0004429898  -0.0004513119   0.0014683212   0.0000073810
        0.0007084729  -0.0001559732   0.0001072722   0.0000736403  -0.0000073574
       -0.0000837088  -0.0000499041   0.0000730087  -0.0000412389   0.0000780085
       -0.0003404630  -0.0004330574  -0.0001172772   0.0001035507  -0.0004025288
        0.0001021093  -0.0000103712  -0.0002069115   0.0001265090  -0.0000121934
        0.0002559474  -0.0006026254  -0.0000403812  -0.0000333960   0.0001846577
        0.0000793231   0.0002698450   0.0009062958  -0.0001644518
       -0.1354873931   0.0159837117  -0.1403284790   0.3261860666   0.1521709743
        0.2272625186  -0.0022674894  -0.0026766131   0.0018445128   0.0034284064
       -0.0044824067  -0.0037028371  -0.0600789795  -0.0337055659  -0.0049431554
       -0.1084882098  -0.1095132830  -0.0470919232   0.0074086544  -0.0087779761
        0.0149467124  -0.0010962608   0.0142184423  -0.0113260467  -0.0061724622
        0.0126834588  -0.0101164808   0.0032029072  -0.0050427172  -0.0035747763
       -0.0273164347  -0.0318717900  -0.0214380411  -0.0001616158   0.0004037094
       -0.0009174412   0.0004601422   0.0017069823  -0.0007958327   0.0001199940
       -0.0006776352   0.0001668277  -0.0000763053  -0.0000523956   0.0000153339
        0.0000688038   0.0000320334  -0.0000540717   0.0000521534   0.0001300563
        0.0001546744   0.0002524216  -0.0000233866  -0.0000378998   0.0002067542
       -0.0001622912   0.0000169803   0.0001552991  -0.0001050694  -0.0000081774
       -0.0001492233   0.0004535214  -0.0000577440   0.0000236275  -0.0001360075
       -0.0000165463  -0.0002708565  -0.0005557525   0.0000018927
       -0.0232697231  -0.0828751396  -0.0074596076   0.1521709743   0.5802791308
       -0.1003191503  -0.0035561459  -0.0006189003  -0.0020529139  -0.0051655188
       -0.0019738217  -0.0006616784   0.0048505769  -0.2493406386   0.1439291155
       -0.1096158882  -0.1866002651  -0.0497352574  -0.0355761945  -0.0599844447
       -0.0111506537   0.0007657453  -0.0024305179   0.0022023290   0.0135281467
       -0.0113616062   0.0215760503  -0.0044459416  -0.0012989602  -0.0005109067
       -0.0045869377   0.0208227147  -0.0188735151   0.0144230345  -0.0050301213
        0.0236406433   0.0006178097   0.0011478749  -0.0005037382   0.0000860994
       -0.0007002318   0.0000938697  -0.0001577066  -0.0001062102   0.0000263679
       -0.0000695340   0.0000150449  -0.0000609537   0.0000976955   0.0006817383
       -0.0000831565  -0.0001690653  -0.0001244203   0.0001112373  -0.0002555519
       -0.0002498231  -0.0000220647   0.0001638857  -0.0001016205  -0.0000495556
        0.0001241806   0.0001581149  -0.0000705049  -0.0000040672  -0.0002310503
        0.0000597650   0.0000441261  -0.0000768467  -0.0000857213
       -0.1158994092   0.0486313260  -0.2325186502   0.2272625186  -0.1003191503
        0.4781512121  -0.0007609142  -0.0029820671   0.0041751682  -0.0030774939
       -0.0000671731   0.0034474245  -0.0297520732   0.0871907256  -0.1428660179
       -0.0469905305  -0.0498309686  -0.0590314644   0.0320316828   0.0272457807
        0.0300258254  -0.0026281615   0.0223906322  -0.0173958436  -0.0096889817
        0.0210253610  -0.0340153084  -0.0040667860  -0.0010407539   0.0029347877
       -0.0375191085  -0.0569330033  -0.0167792488  -0.0097548684   0.0038954348
       -0.0158170622   0.0002619389   0.0015542328  -0.0007592642   0.0001780451
       -0.0003388294   0.0002607031  -0.0000182920  -0.0000156794   0.0000042880
        0.0000890943   0.0000294408  -0.0000385142   0.0000498489  -0.0002087777
        0.0003066350   0.0004365527   0.0001597902  -0.0001073855   0.0003970258
       -0.0000735978   0.0000330288   0.0000849805  -0.0000581881   0.0000029469
       -0.0002731954   0.0004912166  -0.0000238828   0.0000281697  -0.0000439200
       -0.0000796603  -0.0003900431  -0.0007018320   0.0000902828
        0.0051230619   0.0042171483  -0.0000826098  -0.0022674894  -0.0035561459
       -0.0007609142   0.2646659759   0.1234926446   0.1084014440  -0.0004457304
        0.0005042398   0.0026304658   0.0055032114   0.0046009836  -0.0041722599
       -0.0007314268  -0.0001093833   0.0003165415  -0.0275584944  -0.0270768732
       -0.0318389758  -0.0017906355  -0.0005629439  -0.0010422891  -0.1641399142
       -0.1147461479  -0.0671930502   0.0003869799   0.0009218183   0.0007913882
       -0.0031551995  -0.0232453327   0.0074004573   0.0004665902  -0.0004234972
        0.0003272919  -0.0704152952   0.0354594262  -0.0159846894  -0.0060710509
        0.0358162396  -0.0010453295  -0.0005285226  -0.0017860771   0.0003708921
        0.0034606743   0.0004211779  -0.0004803076  -0.0071781153  -0.0018817628
        0.0017151065   0.0034684886   0.0002138887  -0.0002835326   0.0056045956
        0.0000446735   0.0000066272   0.0002526632   0.0013039699  -0.0003375436
       -0.0070027480   0.0031554863  -0.0005695820   0.0003591100  -0.0007628249
       -0.0000690754   0.0019932712  -0.0360007077   0.0018999446
        0.0040810630   0.0028376252   0.0064126587  -0.0026766131  -0.0006189003
       -0.0029820671   0.1234926446   0.7109642993   0.0386066698   0.0013534957
        0.0015069110  -0.0013263998  -0.0005551337   0.0031993681   0.0039332866
       -0.0003650109  -0.0012588594  -0.0008909262  -0.0273672539  -0.0073969100
       -0.0164639801  -0.0008108871  -0.0006091708  -0.0024343708  -0.1368686273
       -0.2110892559  -0.0744254366   0.0014223223   0.0017918844  -0.0021085867
       -0.0278218594  -0.0555063510  -0.0022904131  -0.0008615060  -0.0026991574
        0.0006769212   0.0559418974  -0.3421260703   0.0389115003   0.0296835733
       -0.0513989748   0.0110250442  -0.0015341433  -0.0018843464  -0.0000443675
       -0.0005040889   0.0017355577  -0.0004975604   0.0022152414   0.0059877457
        0.0009928519   0.0007286785   0.0019142543  -0.0014709010   0.0010660275
       -0.0041457901   0.0005474065   0.0023363306  -0.0025426095  -0.0004223294
       -0.0028854401   0.0070251368   0.0000622432   0.0001082220  -0.0013319778
       -0.0002497850  -0.0201789327  -0.0543544090   0.0044385416
       -0.0053110584   0.0007580599  -0.0039206497   0.0018445128  -0.0020529139
        0.0041751682   0.1084014440   0.0386066698   0.1240673849   0.0017267789
       -0.0015744189   0.0017378375  -0.0030391728   0.0052176106  -0.0036023627
        0.0006472963  -0.0001189965  -0.0000081950  -0.0281901397  -0.0255996708
       -0.0129090453  -0.0007227947  -0.0013611046  -0.0009015333  -0.0740590882
       -0.0612343963  -0.0856488510   0.0017498700  -0.0015098168   0.0019745076
        0.0092432764   0.0136316103   0.0082940177   0.0005694127   0.0006358298
        0.0000867757  -0.0100830944   0.0233693623  -0.0495010870  -0.0084434230
        0.0092674757   0.0094611438   0.0000856312  -0.0002271242   0.0002157274
        0.0003764883  -0.0003111581  -0.0023542973  -0.0000176224  -0.0022718794
        0.0062485459  -0.0006162351  -0.0004395533  -0.0012340083  -0.0014656312
        0.0027569850  -0.0001369113  -0.0002229644   0.0000182978  -0.0009446573
        0.0009784076  -0.0045188787   0.0038085161  -0.0000189028  -0.0000213105
       -0.0010242181   0.0065670089   0.0069793207   0.0021161917
       -0.0127875965   0.0003336799  -0.0163809528   0.0034284064  -0.0051655188
       -0.0030774939  -0.0004457304   0.0013534957   0.0017267789   0.1231313356
       -0.0020952526   0.1419094653   0.0003716122   0.0000609523   0.0005496124
       -0.0001507824  -0.0003528482  -0.0012633194   0.0043004654  -0.0012832123
       -0.0027165818  -0.0010159287   0.0004621626   0.0006836711  -0.0010930100
       -0.0005470415  -0.0034203770  -0.0007094790   0.0002793181   0.0002557592
       -0.1136832520   0.0060826840  -0.1202685256  -0.0015053386   0.0013495428
        0.0017420636   0.0001356721  -0.0005794970   0.0002059983  -0.0000671512
        0.0002065489   0.0000632989   0.0000282769   0.0000129720  -0.0000035193
        0.0000561354  -0.0000124181   0.0000018277  -0.0000461232  -0.0002103833
        0.0000062363  -0.0000713397  -0.0000225523  -0.0000209958   0.0000098629
        0.0001133832   0.0000031559  -0.0000262008   0.0000062248  -0.0000000518
        0.0000295570  -0.0001944848  -0.0000019145  -0.0000056329   0.0000237515
       -0.0000065154   0.0001162416   0.0001784931   0.0000123796
       -0.0133897434   0.0001230913  -0.0196113409  -0.0044824067  -0.0019738217
       -0.0000671731   0.0005042398   0.0015069110  -0.0015744189  -0.0020952526
        0.0501916571  -0.0199661900  -0.0003777557  -0.0008425897  -0.0000589765
       -0.0009977629   0.0000477468  -0.0008070886  -0.0017967964  -0.0035436312
        0.0039072275   0.0004630127  -0.0001441826  -0.0002879468   0.0147978143
       -0.0010702516   0.0221389184   0.0011073081  -0.0004154952   0.0012402639
        0.0054781543  -0.0447286694   0.0166377713   0.0006940193   0.0007443364
       -0.0015963484   0.0002279730  -0.0001267310   0.0001466029  -0.0000178366
       -0.0000112787  -0.0000378477  -0.0000312322   0.0000009302   0.0000100808
       -0.0000802282  -0.0000017339   0.0000177823  -0.0000239551   0.0000976165
        0.0000169361  -0.0000487865   0.0000659397   0.0000428120  -0.0000844372
        0.0000052267  -0.0000197502   0.0000160366   0.0000113463  -0.0000044630
        0.0000698713  -0.0000034699  -0.0000184007  -0.0000049758  -0.0000294606
        0.0000052191   0.0000727399   0.0000965135  -0.0001136693
       -0.0078255034  -0.0004199030  -0.0118737184  -0.0037028371  -0.0006616784
        0.0034474245   0.0026304658  -0.0013263998   0.0017378375   0.1419094653
       -0.0199661900   0.2312402711   0.0005681460   0.0000984886   0.0007385247
       -0.0008808345   0.0000367330  -0.0003695635  -0.0022707489   0.0048327481
        0.0008995292   0.0007171001  -0.0003683154  -0.0005420499  -0.0131639037
        0.0020422749  -0.0170115036  -0.0001706985   0.0000088251  -0.0014360226
       -0.1197460483   0.0168755735  -0.2067549437   0.0021955885  -0.0006883244
        0.0000507431  -0.0003607684  -0.0001804689  -0.0002261564  -0.0000357759
        0.0000144427   0.0000579179   0.0000646909   0.0000300409  -0.0000152472
        0.0001695610   0.0000000220  -0.0000200614   0.0000207306  -0.0001940205
       -0.0000147168   0.0000634368  -0.0000095098  -0.0000823554   0.0001078627
       -0.0000388034   0.0000268753  -0.0000284439   0.0000128511   0.0000013100
       -0.0001028660  -0.0000183384   0.0000323679   0.0000092838   0.0000495023
       -0.0000068570  -0.0001679029  -0.0001295500   0.0001203947
        0.0075978083   0.0171762580  -0.0002966815  -0.0600789795   0.0048505769
       -0.0297520732   0.0055032114  -0.0005551337  -0.0030391728   0.0003716122
       -0.0003777557   0.0005681460   0.3326596606   0.1567078253   0.2186729296
       -0.0026122856  -0.0159056726   0.0092229719  -0.1427190715  -0.1492954653
       -0.0530866309  -0.1075705452   0.0049898957  -0.1102712370  -0.0262698535
       -0.0041907981  -0.0284202959  -0.0013477160  -0.0016072867   0.0000658072
       -0.0066681386  -0.0108275293   0.0025246936   0.0023179963  -0.0009829047
       -0.0061262135  -0.0011602113  -0.0011814900  -0.0004572117  -0.0002065139
        0.0013175830   0.0000848348   0.0001523965   0.0001379099  -0.0000388350
        0.0001221910  -0.0000282954   0.0000279396  -0.0002147496  -0.0007771177
        0.0001649210   0.0000916161  -0.0000932012  -0.0001994307   0.0005090112
        0.0002087673  -0.0000084297  -0.0001777770   0.0001393153   0.0000671227
       -0.0002333251   0.0000646088   0.0001646209  -0.0000028526   0.0001897016
       -0.0000889529  -0.0000634841   0.0000402089   0.0002211776
        0.0457078313   0.0100524536   0.0590676148  -0.0337055659  -0.2493406386
        0.0871907256   0.0046009836   0.0031993681   0.0052176106   0.0000609523
       -0.0008425897   0.0000984886   0.1567078253   0.6002071224  -0.0958760683
       -0.0018730939  -0.0244055054   0.0119293170  -0.1145458601  -0.2488437647
       -0.0274327991   0.0049351665  -0.0453237042   0.0164340591  -0.0282153227
        0.0219949192  -0.0536965812  -0.0146903030  -0.0258527024  -0.0051885555
       -0.0173879352  -0.0413787785   0.0001564066  -0.0015089649   0.0019409582
        0.0009344249  -0.0003406508  -0.0031195852   0.0012771596  -0.0004776828
        0.0015260934  -0.0000612519   0.0003188940   0.0002127309  -0.0000434459
        0.0002265952  -0.0000685492   0.0000674837  -0.0000853883  -0.0011738707
        0.0001314729   0.0001218385  -0.0001479105  -0.0002483326   0.0002915506
        0.0005447310   0.0000359450  -0.0003609798   0.0001759275   0.0000076185
       -0.0000800771  -0.0006230226   0.0000943870  -0.0000139309   0.0004296760
       -0.0001036684   0.0003141182   0.0008366415   0.0000079888
       -0.0183894252   0.0179102581  -0.0376279412  -0.0049431554   0.1439291155
       -0.1428660179  -0.0041722599   0.0039332866  -0.0036023627   0.0005496124
       -0.0000589765   0.0007385247   0.2186729296  -0.0958760683   0.4891289871
        0.0000910920  -0.0080425239   0.0035198221  -0.0759094902  -0.0778770919
       -0.0974183977  -0.1105991274   0.0152507163  -0.2036957244  -0.0157197826
       -0.0242567131  -0.0095667306   0.0093239284   0.0143529864   0.0026232887
        0.0064618795   0.0092819419   0.0000644129  -0.0057046855   0.0020157973
       -0.0020905356   0.0002022745  -0.0008599324   0.0009411460  -0.0002998982
        0.0002353270  -0.0002589429   0.0000172629   0.0000198471  -0.0000285338
        0.0000945092   0.0000116408  -0.0000046138   0.0000495339  -0.0001562533
       -0.0001591768   0.0000592066  -0.0001359356   0.0000114028  -0.0000502162
        0.0000928333  -0.0000128131  -0.0000303099   0.0000417270   0.0000053212
        0.0000770032  -0.0002337679   0.0000280972   0.0000010740   0.0000106117
        0.0000213635   0.0002180443   0.0004111739   0.0002494242
       -0.0128045716  -0.0147771178  -0.0059183947  -0.1084882098  -0.1096158882
       -0.0469905305  -0.0007314268  -0.0003650109   0.0006472963  -0.0001507824
       -0.0009977629  -0.0008808345  -0.0026122856  -0.0018730939   0.0000910920
        0.1195354362   0.1266820559   0.0577145829   0.0039411887  -0.0016475030
       -0.0018951149  -0.0007906739   0.0012968469   0.0014587956   0.0006830271
        0.0007916671   0.0000370917   0.0004097910  -0.0004061835  -0.0003522877
        0.0019760882  -0.0004696076  -0.0054209078  -0.0009510153   0.0008461138
        0.0015139727  -0.0000487471   0.0010318953   0.0000954735   0.0002140374
       -0.0003652574  -0.0000242535  -0.0000470085  -0.0000515551   0.0000065321
       -0.0000341142   0.0000021133  -0.0000055567   0.0000874543   0.0003222122
       -0.0000541572  -0.0000086617  -0.0000244693   0.0000156761  -0.0000799675
       -0.0001521474   0.0000180771   0.0000521279  -0.0000485548  -0.0000094966
       -0.0000363594   0.0001323495  -0.0000579922   0.0000029197  -0.0000566157
        0.0000203434  -0.0001182466  -0.0002544864  -0.0000094071
       -0.0004791681  -0.0014299473  -0.0010029597  -0.1095132830  -0.1866002651
       -0.0498309686  -0.0001093833  -0.0012588594  -0.0001189965  -0.0003528482
        0.0000477468   0.0000367330  -0.0159056726  -0.0244055054  -0.0080425239
        0.1266820559   0.2129252421   0.0541644439  -0.0011857252  -0.0029727848
        0.0045645951   0.0008439100   0.0005849162  -0.0008273570   0.0011862462
        0.0012116438   0.0007489201  -0.0010472771  -0.0013362069  -0.0000456058
       -0.0013984936   0.0014542870   0.0010413955   0.0013118468   0.0010519237
       -0.0003989498  -0.0000127405   0.0012072094  -0.0002893095   0.0002622754
       -0.0003519228  -0.0000280765  -0.0000609334  -0.0000639688   0.0000073654
       -0.0000537842   0.0000008137   0.0000019131   0.0000659581   0.0003153471
       -0.0000025624  -0.0000453765   0.0000175691   0.0000277919  -0.0000099740
       -0.0001829561   0.0000076761   0.0000640209  -0.0000622216   0.0000081549
       -0.0000988549   0.0002643975  -0.0000230834   0.0000024048  -0.0000763906
        0.0000060542  -0.0001452034  -0.0003400674  -0.0000046501
       -0.0146787042  -0.0208397373  -0.0091899824  -0.0470919232  -0.0497352574
       -0.0590314644   0.0003165415  -0.0008909262  -0.0000081950  -0.0012633194
       -0.0008070886  -0.0003695635   0.0092229719   0.0119293170   0.0035198221
        0.0577145829   0.0541644439   0.0666815683  -0.0024180867   0.0036095816
        0.0003571238   0.0018161446  -0.0001390303   0.0002191392   0.0002127181
        0.0009617165  -0.0002351946   0.0000351790   0.0008126391   0.0003983168
       -0.0050966431   0.0017460660  -0.0020877322   0.0012059704  -0.0010984220
       -0.0000537982  -0.0000067456   0.0005168699  -0.0003031849   0.0000973910
       -0.0001375040   0.0000783821  -0.0000148970  -0.0000163081   0.0000009199
       -0.0000050505   0.0000027588  -0.0000066577   0.0000229972   0.0000779954
        0.0000202759   0.0000243368   0.0000122898  -0.0000322378   0.0000629720
       -0.0000724625   0.0000047461   0.0000296889  -0.0000295688   0.0000055377
       -0.0000763920   0.0001468722   0.0000120785   0.0000041855  -0.0000228189
       -0.0000064775  -0.0001139182  -0.0001914261   0.0000265779
       -0.0214845353  -0.0090380222  -0.0198674223   0.0074086544  -0.0355761945
        0.0320316828  -0.0275584944  -0.0273672539  -0.0281901397   0.0043004654
       -0.0017967964  -0.0022707489  -0.1427190715  -0.1145458601  -0.0759094902
        0.0039411887  -0.0011857252  -0.0024180867   0.3234826985   0.1790582146
        0.2068644461  -0.0114756896  -0.0142865970  -0.0096652187  -0.1079300604
       -0.0113632928  -0.0821318041  -0.0364113144  -0.0068061604  -0.0050904106
        0.0087333848   0.0345976726  -0.0110839097  -0.0003952931  -0.0001674195
        0.0000769513  -0.0011519161   0.0113257596  -0.0028197833   0.0007417211
       -0.0021856267   0.0001651544  -0.0002735620  -0.0002307520   0.0000094149
        0.0000165573   0.0000585960  -0.0000580532  -0.0001279510   0.0012156781
        0.0000117003   0.0011776247   0.0002433775   0.0000985623   0.0003177620
       -0.0007283543   0.0000410239   0.0004516036  -0.0002286298  -0.0000379046
       -0.0001472830   0.0016513596  -0.0001835075   0.0000987251  -0.0003575852
        0.0000265620  -0.0009952147  -0.0022863880   0.0004009818
       -0.0154850462  -0.0074626489  -0.0194337040  -0.0087779761  -0.0599844447
        0.0272457807  -0.0270768732  -0.0073969100  -0.0255996708  -0.0012832123
       -0.0035436312   0.0048327481  -0.1492954653  -0.2488437647  -0.0778770919
       -0.0016475030  -0.0029727848   0.0036095816   0.1790582146   0.6067817050
       -0.0813790713  -0.0009521835   0.0002834562  -0.0013773885   0.0139440923
       -0.0815183513   0.0394879831  -0.0072490608  -0.2102951706   0.1163231747
        0.0192116387   0.0120876421   0.0182777034  -0.0003497209   0.0007111771
       -0.0006875403  -0.0004736945   0.0053161758  -0.0031397686   0.0008882181
       -0.0022760114   0.0000544066  -0.0001981008  -0.0001873366  -0.0000456346
       -0.0000780426   0.0000590327  -0.0001251697   0.0001379998   0.0013430419
       -0.0005151088   0.0002303134  -0.0008252187  -0.0005857056   0.0000148451
       -0.0006940452   0.0001387896   0.0003121217  -0.0002002001  -0.0000912923
       -0.0002679883   0.0009705017   0.0001815196   0.0000232859  -0.0002639888
        0.0000953147  -0.0006858620  -0.0010882256   0.0006101441
       -0.0164695515  -0.0105924879  -0.0196445325   0.0149467124  -0.0111506537
        0.0300258254  -0.0318389758  -0.0164639801  -0.0129090453  -0.0027165818
        0.0039072275   0.0008995292  -0.0530866309  -0.0274327991  -0.0974183977
       -0.0018951149   0.0045645951   0.0003571238   0.2068644461  -0.0813790713
        0.4573399322  -0.0178139954  -0.0201038413  -0.0118014315  -0.0986619616
       -0.0010031279  -0.1998390306  -0.0042881183   0.1163835700  -0.1176969205
        0.0010827184   0.0412789907  -0.0278476164  -0.0003417855  -0.0006743430
        0.0005535561   0.0033643848   0.0057250966  -0.0014253462   0.0009196600
       -0.0020223030  -0.0002277840  -0.0003288332  -0.0002590287   0.0000261468
       -0.0000952425   0.0000820669  -0.0000815783   0.0000286716   0.0009744879
       -0.0001360011   0.0001682683  -0.0010203764  -0.0002481720   0.0000538410
       -0.0003186878   0.0000431812   0.0004012507  -0.0003601862  -0.0000148044
        0.0000662316   0.0009762210  -0.0001645102   0.0000119690  -0.0004336634
        0.0000906409  -0.0003713627  -0.0006777061   0.0001192352
        0.0048575766  -0.0012496995  -0.0024924416  -0.0010962608   0.0007657453
       -0.0026281615  -0.0017906355  -0.0008108871  -0.0007227947  -0.0010159287
        0.0004630127   0.0007171001  -0.1075705452   0.0049351665  -0.1105991274
       -0.0007906739   0.0008439100   0.0018161446  -0.0114756896  -0.0009521835
       -0.0178139954   0.1152036932  -0.0008318871   0.1330425639   0.0048147084
       -0.0048976140  -0.0032830967  -0.0015469405   0.0014321393   0.0017610421
        0.0002370369  -0.0004282901   0.0005310899  -0.0000243095   0.0001050545
       -0.0002514548   0.0001170804   0.0011328426  -0.0001288596   0.0002682537
       -0.0002941271  -0.0000074396  -0.0000533659  -0.0000547487  -0.0000002628
       -0.0000145567   0.0000129722   0.0000046533   0.0000329188   0.0001917557
        0.0000129300  -0.0000443287  -0.0000056547  -0.0000539256   0.0000623772
       -0.0001079273   0.0000243881   0.0000861775  -0.0000729222   0.0000051828
       -0.0000991305   0.0002551575  -0.0000121918   0.0000105550  -0.0000726784
       -0.0000050433  -0.0001680123  -0.0003591367   0.0000837000
       -0.0020573592  -0.0033131880   0.0039470994   0.0142184423  -0.0024305179
        0.0223906322  -0.0005629439  -0.0006091708  -0.0013611046   0.0004621626
       -0.0001441826  -0.0003683154   0.0049898957  -0.0453237042   0.0152507163
        0.0012968469   0.0005849162  -0.0001390303  -0.0142865970   0.0002834562
       -0.0201038413  -0.0008318871   0.0527425792  -0.0202580012  -0.0042932910
       -0.0021587510   0.0010180716   0.0007253444   0.0005623544  -0.0015181380
       -0.0002541964  -0.0001790951  -0.0001648077   0.0007677427  -0.0003489671
        0.0012972996  -0.0001287753   0.0005048078   0.0000389547   0.0000824265
       -0.0001070777  -0.0000775922  -0.0000109334  -0.0000130137  -0.0000016814
        0.0000106144   0.0000016770   0.0000108366   0.0000054064   0.0000878260
       -0.0000373362  -0.0000583128   0.0000527506   0.0000000423  -0.0000084097
       -0.0000916369   0.0000075744   0.0000194339  -0.0000139642   0.0000122043
       -0.0000331704   0.0000629679   0.0000053013   0.0000020416  -0.0000245837
        0.0000054318  -0.0000544813  -0.0001254821   0.0000456840
       -0.0021934776   0.0049203462   0.0006011423  -0.0113260467   0.0022023290
       -0.0173958436  -0.0010422891  -0.0024343708  -0.0009015333   0.0006836711
       -0.0002879468  -0.0005420499  -0.1102712370   0.0164340591  -0.2036957244
        0.0014587956  -0.0008273570   0.0002191392  -0.0096652187  -0.0013773885
       -0.0118014315   0.1330425639  -0.0202580012   0.2294772060  -0.0026612553
        0.0005088697   0.0042969100   0.0021910154  -0.0005432448   0.0002815729
        0.0006810451  -0.0000280947   0.0009563100  -0.0007466731   0.0005197633
       -0.0011732837  -0.0002048937   0.0020835648  -0.0003236235   0.0003366188
       -0.0006348716   0.0000389531  -0.0000680178  -0.0000682065   0.0000021507
       -0.0000375748   0.0000087165  -0.0000107869   0.0000473404   0.0004082298
       -0.0000550159   0.0000366158   0.0000358753  -0.0000467064   0.0000287286
       -0.0002457129   0.0000287326   0.0001194428  -0.0000862862   0.0000059803
       -0.0001206987   0.0003916807  -0.0000351923   0.0000161964  -0.0000915295
        0.0000161674  -0.0003046514  -0.0006304238   0.0000569269
        0.0059780752  -0.0101880649   0.0188634977  -0.0061724622   0.0135281467
       -0.0096889817  -0.1641399142  -0.1368686273  -0.0740590882  -0.0010930100
        0.0147978143  -0.0131639037  -0.0262698535  -0.0282153227  -0.0157197826
        0.0006830271   0.0011862462   0.0002127181  -0.1079300604   0.0139440923
       -0.0986619616   0.0048147084  -0.0042932910  -0.0026612553   0.3644058084
        0.1666883206   0.2014203670   0.0003584612  -0.0001590410   0.0010765418
       -0.0654450291  -0.0138647749  -0.0094466074   0.0035110064  -0.0047850438
       -0.0048884093  -0.0063210486  -0.0226900049   0.0101670482  -0.0025153423
        0.0089511931  -0.0034776113   0.0007199648   0.0003607352  -0.0001321000
       -0.0001312216  -0.0003986499   0.0004113770  -0.0001539794  -0.0021836950
       -0.0015518442  -0.0018147617   0.0001905345   0.0005614459  -0.0011298727
        0.0015322524  -0.0001599496  -0.0012123078   0.0007913386   0.0002346795
        0.0003190985  -0.0043124665   0.0003410473  -0.0001703281   0.0010500914
        0.0001668497   0.0037090416   0.0049382168   0.0001559225
       -0.0285878173  -0.0502011510  -0.0120522871   0.0126834588  -0.0113616062
        0.0210253610  -0.1147461479  -0.2110892559  -0.0612343963  -0.0005470415
       -0.0010702516   0.0020422749  -0.0041907981   0.0219949192  -0.0242567131
        0.0007916671   0.0012116438   0.0009617165  -0.0113632928  -0.0815183513
       -0.0010031279  -0.0048976140  -0.0021587510   0.0005088697   0.1666883206
        0.6108387988  -0.0601702792   0.0123862076  -0.0051769446   0.0248572745
        0.0101207076  -0.2121708412   0.1125212465  -0.0047379246   0.0000882155
       -0.0002106296  -0.0288355596  -0.0649104780  -0.0014055619  -0.0061181540
        0.0082937348  -0.0025204841   0.0009614097   0.0003371962  -0.0000687758
        0.0004476990  -0.0002501730   0.0000936951  -0.0003078623  -0.0029429049
        0.0003858492  -0.0012540738  -0.0003177457  -0.0002992295  -0.0009512748
        0.0019662579  -0.0001778494  -0.0014865834   0.0011259221   0.0000949380
       -0.0006178823  -0.0052293025   0.0013123729  -0.0001493536   0.0013131123
       -0.0002267672   0.0047119097   0.0012279561  -0.0001774971
        0.0337135230   0.0181987937   0.0323602326  -0.0101164808   0.0215760503
       -0.0340153084  -0.0671930502  -0.0744254366  -0.0856488510  -0.0034203770
        0.0221389184  -0.0170115036  -0.0284202959  -0.0536965812  -0.0095667306
        0.0000370917   0.0007489201  -0.0002351946  -0.0821318041   0.0394879831
       -0.1998390306  -0.0032830967   0.0010180716   0.0042969100   0.2014203670
       -0.0601702792   0.4502876169  -0.0102745653   0.0044764987  -0.0146730663
       -0.0273846352   0.0712697278  -0.1276371448  -0.0046140616  -0.0012181399
        0.0026531851   0.0020050378   0.0047509075  -0.0030165967   0.0006782908
        0.0009961707  -0.0030401385   0.0003532495   0.0004702191  -0.0005311172
       -0.0001090156  -0.0001623329   0.0001457487  -0.0002015041   0.0001778175
       -0.0002251153  -0.0003717664   0.0000383684  -0.0001828617   0.0000668538
       -0.0005179283   0.0000224935  -0.0004167734   0.0004118163   0.0002441289
        0.0001565099   0.0004695438   0.0019382488  -0.0000369362   0.0003554186
       -0.0002431933  -0.0004565609   0.0036054728   0.0039172882
       -0.0003195727  -0.0002333479  -0.0002864613   0.0032029072  -0.0044459416
       -0.0040667860   0.0003869799   0.0014223223   0.0017498700  -0.0007094790
        0.0011073081  -0.0001706985  -0.0013477160  -0.0146903030   0.0093239284
        0.0004097910  -0.0010472771   0.0000351790  -0.0364113144  -0.0072490608
       -0.0042881183  -0.0015469405   0.0007253444   0.0021910154   0.0003584612
        0.0123862076  -0.0102745653   0.0348634987   0.0121245865   0.0100111990
        0.0021176926  -0.0012743531  -0.0056477671  -0.0009686472   0.0004666701
        0.0007468095  -0.0000686682   0.0007010082   0.0000906166   0.0004012918
       -0.0002795762   0.0001353257  -0.0000262231   0.0000202615   0.0000025738
       -0.0000373467   0.0000346791   0.0000004839   0.0000837876   0.0001080462
       -0.0000887681   0.0000838224   0.0003860082   0.0005019836  -0.0000331160
       -0.0001023017   0.0000308776  -0.0000267810   0.0000739841  -0.0000072635
       -0.0000258868   0.0000531221  -0.0000652396  -0.0000110409  -0.0000050341
        0.0000293865  -0.0003755001  -0.0002823530   0.0000464185
       -0.0001943931   0.0005925477  -0.0006276164  -0.0050427172  -0.0012989602
       -0.0010407539   0.0009218183   0.0017918844  -0.0015098168   0.0002793181
       -0.0004154952   0.0000088251  -0.0016072867  -0.0258527024   0.0143529864
       -0.0004061835  -0.0013362069   0.0008126391  -0.0068061604  -0.2102951706
        0.1163835700   0.0014321393   0.0005623544  -0.0005432448  -0.0001590410
       -0.0051769446   0.0044764987   0.0121245865   0.2416464962  -0.1320293630
       -0.0011211042   0.0019164559   0.0017327300   0.0004603052  -0.0002047553
       -0.0003348190  -0.0000568598  -0.0011100773   0.0000926619   0.0000715652
       -0.0004565430  -0.0012589846   0.0000152540   0.0000063504  -0.0000212919
        0.0000443542   0.0000083586   0.0000583065   0.0000190228  -0.0002013194
       -0.0000011838  -0.0001178876  -0.0003616400  -0.0007697975  -0.0003399040
        0.0000147527   0.0000411844  -0.0000071415   0.0000065062   0.0000487545
        0.0001941667  -0.0004900259   0.0000150898  -0.0000033887  -0.0000061278
        0.0000196255   0.0002995377   0.0006602620   0.0000939996
       -0.0003635453  -0.0008370875  -0.0000628597  -0.0035747763  -0.0005109067
        0.0029347877   0.0007913882  -0.0021085867   0.0019745076   0.0002557592
        0.0012402639  -0.0014360226   0.0000658072  -0.0051885555   0.0026232887
       -0.0003522877  -0.0000456058   0.0003983168  -0.0050904106   0.1163231747
       -0.1176969205   0.0017610421  -0.0015181380   0.0002815729   0.0010765418
        0.0248572745  -0.0146730663   0.0100111990  -0.1320293630   0.1301025722
       -0.0057585937   0.0006676895  -0.0022466724   0.0006973399  -0.0002472174
       -0.0004632983  -0.0004276749   0.0015361114  -0.0011175578   0.0004073768
       -0.0011177547   0.0002051806   0.0000162481   0.0000406506  -0.0000235228
        0.0000986435   0.0000603010  -0.0000605857   0.0000016889  -0.0003473795
        0.0000450359   0.0006835638  -0.0005414860  -0.0009806297   0.0004449139
       -0.0000585762   0.0000424193   0.0000623458   0.0000487119  -0.0000050277
       -0.0002485187   0.0006305344  -0.0000279612   0.0000486044   0.0000397606
       -0.0000054165  -0.0006066553  -0.0008938155   0.0001918598
       -0.1460864937  -0.1513213259  -0.0554135007  -0.0273164347  -0.0045869377
       -0.0375191085  -0.0031551995  -0.0278218594   0.0092432764  -0.1136832520
        0.0054781543  -0.1197460483  -0.0066681386  -0.0173879352   0.0064618795
        0.0019760882  -0.0013984936  -0.0050966431   0.0087333848   0.0192116387
        0.0010827184   0.0002370369  -0.0002541964   0.0006810451  -0.0654450291
        0.0101207076  -0.0273846352   0.0021176926  -0.0011211042  -0.0057585937
        0.3485516267   0.1746472895   0.2347695424  -0.0001123172  -0.0020559955
        0.0000336057   0.0002114841  -0.0006951584  -0.0015307732   0.0002603468
       -0.0011976577   0.0004804280  -0.0001154599  -0.0001721880   0.0000546476
        0.0001166624   0.0000774280  -0.0000424602   0.0002549731   0.0001542739
        0.0001402733   0.0003750880  -0.0000157652  -0.0001113500   0.0002968675
       -0.0001513526   0.0000033914   0.0002170010  -0.0002102020  -0.0000038022
       -0.0004188638   0.0005943482  -0.0000330718   0.0000406031  -0.0001440118
       -0.0000085069  -0.0003876668  -0.0017496569  -0.0003023140
       -0.1158994610  -0.2492442160  -0.0275086455  -0.0318717900   0.0208227147
       -0.0569330033  -0.0232453327  -0.0555063510   0.0136316103   0.0060826840
       -0.0447286694   0.0168755735  -0.0108275293  -0.0413787785   0.0092819419
       -0.0004696076   0.0014542870   0.0017460660   0.0345976726   0.0120876421
        0.0412789907  -0.0004282901  -0.0001790951  -0.0000280947  -0.0138647749
       -0.2121708412   0.0712697278  -0.0012743531   0.0019164559   0.0006676895
        0.1746472895   0.5926925860  -0.0645811889  -0.0150949174  -0.0266369230
       -0.0047271028  -0.0037814363   0.0066336829  -0.0017833596   0.0008844207
       -0.0021272463   0.0011402168  -0.0004043964  -0.0004670913   0.0001232038
        0.0000983387   0.0001256141  -0.0002146809  -0.0000662048   0.0008634051
        0.0004619255   0.0012800143   0.0001464414   0.0000311499   0.0007938561
       -0.0005327659   0.0000713031   0.0006143240  -0.0004243216  -0.0000826067
       -0.0007569343   0.0018581633  -0.0005534197   0.0001044832  -0.0004927470
        0.0000035792  -0.0011180553  -0.0047119460  -0.0001708759
       -0.0758037359  -0.0761255978  -0.0960703605  -0.0214380411  -0.0188735151
       -0.0167792488   0.0074004573  -0.0022904131   0.0082940177  -0.1202685256
        0.0166377713  -0.2067549437   0.0025246936   0.0001564066   0.0000644129
       -0.0054209078   0.0010413955  -0.0020877322  -0.0110839097   0.0182777034
       -0.0278476164   0.0005310899  -0.0001648077   0.0009563100  -0.0094466074
        0.1125212465  -0.1276371448  -0.0056477671   0.0017327300  -0.0022466724
        0.2347695424  -0.0645811889   0.4646724240   0.0086185170   0.0145027436
        0.0037126756  -0.0038432476  -0.0027740785   0.0020179677  -0.0000018611
        0.0007140780  -0.0000472854  -0.0000035073  -0.0000523630   0.0000207866
       -0.0001668864  -0.0000603733   0.0000961622  -0.0001170896   0.0000899741
       -0.0001215248  -0.0003813618   0.0001929757  -0.0000252840  -0.0001923351
       -0.0000290127   0.0000007638  -0.0001028596   0.0000864420  -0.0000056536
       -0.0001499414  -0.0003732645  -0.0001020307  -0.0000346081   0.0000434808
        0.0000200106   0.0002588926  -0.0006723327  -0.0001300337
       -0.0386958421  -0.0026720835  -0.0059921908  -0.0001616158   0.0144230345
       -0.0097548684   0.0004665902  -0.0008615060   0.0005694127  -0.0015053386
        0.0006940193   0.0021955885   0.0023179963  -0.0015089649  -0.0057046855
       -0.0009510153   0.0013118468   0.0012059704  -0.0003952931  -0.0003497209
       -0.0003417855  -0.0000243095   0.0007677427  -0.0007466731   0.0035110064
       -0.0047379246  -0.0046140616  -0.0009686472   0.0004603052   0.0006973399
       -0.0001123172  -0.0150949174   0.0086185170   0.0370904831   0.0076329771
        0.0136832380  -0.0005037930   0.0001443799   0.0002063502   0.0000530317
       -0.0000257642   0.0000103580  -0.0000175500  -0.0000203033   0.0000048892
        0.0000000922   0.0000010001   0.0000042734  -0.0000023525   0.0000758366
       -0.0000130759  -0.0000237759   0.0000256868   0.0000071353  -0.0000028413
       -0.0000493100   0.0000030061   0.0000106935  -0.0000056688   0.0000000532
       -0.0000460193   0.0000301205  -0.0000383440  -0.0000007650  -0.0000193953
        0.0000038980  -0.0000384173  -0.0002213905  -0.0000043449
       -0.0021797967  -0.2085746868   0.1082773840   0.0004037094  -0.0050301213
        0.0038954348  -0.0004234972  -0.0026991574   0.0006358298   0.0013495428
        0.0007443364  -0.0006883244  -0.0009829047   0.0019409582   0.0020157973
        0.0008461138   0.0010519237  -0.0010984220  -0.0001674195   0.0007111771
       -0.0006743430   0.0001050545  -0.0003489671   0.0005197633  -0.0047850438
        0.0000882155  -0.0012181399   0.0004666701  -0.0002047553  -0.0002472174
       -0.0020559955  -0.0266369230   0.0145027436   0.0076329771   0.2387991224
       -0.1257887676  -0.0002085476   0.0009953418  -0.0000588781   0.0002888301
       -0.0004700397  -0.0000103144  -0.0000877650  -0.0000887781   0.0000146933
       -0.0000553818   0.0000146814   0.0000065383   0.0000664481   0.0003472932
       -0.0000432090  -0.0000286370   0.0000154837   0.0000150507  -0.0000285293
       -0.0001682133   0.0000018942   0.0000873361  -0.0000729810   0.0000088173
       -0.0000859791   0.0002425868  -0.0000526291   0.0000033124  -0.0001030076
        0.0000185762  -0.0001604974  -0.0005534895  -0.0000322778
       -0.0061481270   0.1078787243  -0.1101756184  -0.0009174412   0.0236406433
       -0.0158170622   0.0003272919   0.0006769212   0.0000867757   0.0017420636
       -0.0015963484   0.0000507431  -0.0061262135   0.0009344249  -0.0020905356
        0.0015139727  -0.0003989498  -0.0000537982   0.0000769513  -0.0006875403
        0.0005535561  -0.0002514548   0.0012972996  -0.0011732837  -0.0048884093
       -0.0002106296   0.0026531851   0.0007468095  -0.0003348190  -0.0004632983
        0.0000336057  -0.0047271028   0.0037126756   0.0136832380  -0.1257887676
        0.1226999050   0.0001999712  -0.0009616919   0.0000124500  -0.0001837518
        0.0002096127   0.0000016587   0.0000444726   0.0000432363  -0.0000088110
        0.0000643292   0.0000009351   0.0000011109  -0.0000429875  -0.0002443500
        0.0000088007  -0.0000075706  -0.0000098663  -0.0000376510   0.0000246372
        0.0001203169  -0.0000062283  -0.0000357466   0.0000310276  -0.0000021959
        0.0000523964  -0.0001686601   0.0000421386  -0.0000006270   0.0000435943
       -0.0000091856   0.0000925900   0.0002519896   0.0000146686
        0.0004002233  -0.0016291015  -0.0004429898   0.0004601422   0.0006178097
        0.0002619389  -0.0704152952   0.0559418974  -0.0100830944   0.0001356721
        0.0002279730  -0.0003607684  -0.0011602113  -0.0003406508   0.0002022745
       -0.0000487471  -0.0000127405  -0.0000067456  -0.0011519161  -0.0004736945
        0.0033643848   0.0001170804  -0.0001287753  -0.0002048937  -0.0063210486
       -0.0288355596   0.0020050378  -0.0000686682  -0.0000568598  -0.0004276749
        0.0002114841  -0.0037814363  -0.0038432476  -0.0005037930  -0.0002085476
        0.0001999712   0.5805162858   0.0006717064   0.0135328211  -0.2297499111
        0.0380554292  -0.0011208798   0.0015957154   0.0022651477   0.0002383626
       -0.0278130239  -0.0132114211   0.0006213174   0.0170741759   0.0682619778
       -0.0045937641  -0.0264690974   0.0078754602  -0.0010609806  -0.0515874988
       -0.0042689806  -0.0002084058   0.0022066759  -0.0015096990  -0.0002413436
        0.0304319989  -0.0594848990   0.0043741565  -0.0007177362  -0.0001891332
        0.0000722604  -0.2171425069  -0.0597859027  -0.0022777368
       -0.0043885246  -0.0048732405  -0.0004513119   0.0017069823   0.0011478749
        0.0015542328   0.0354594262  -0.3421260703   0.0233693623  -0.0005794970
       -0.0001267310  -0.0001804689  -0.0011814900  -0.0031195852  -0.0008599324
        0.0010318953   0.0012072094   0.0005168699   0.0113257596   0.0053161758
        0.0057250966   0.0011328426   0.0005048078   0.0020835648  -0.0226900049
       -0.0649104780   0.0047509075   0.0007010082  -0.0011100773   0.0015361114
       -0.0006951584   0.0066336829  -0.0027740785   0.0001443799   0.0009953418
       -0.0009616919   0.0006717064   0.7018950555  -0.0435231496   0.0883987344
       -0.1097393055  -0.0003338243   0.0014919546  -0.0042669899   0.0011206733
        0.0137575067   0.0067655047   0.0003358980   0.0286280493  -0.0274425535
        0.0006862261  -0.0183249446   0.0057036556   0.0016408429  -0.0035043852
        0.0057058359  -0.0011733470  -0.0009272769  -0.0041379037   0.0013100479
       -0.0214705889  -0.0386456205   0.0012448795  -0.0001877985   0.0021479884
        0.0001248255  -0.1105005766  -0.1375245773   0.0042582661
        0.0003662255   0.0020556454   0.0014683212  -0.0007958327  -0.0005037382
       -0.0007592642  -0.0159846894   0.0389115003  -0.0495010870   0.0002059983
        0.0001466029  -0.0002261564  -0.0004572117   0.0012771596   0.0009411460
        0.0000954735  -0.0002893095  -0.0003031849  -0.0028197833  -0.0031397686
       -0.0014253462  -0.0001288596   0.0000389547  -0.0003236235   0.0101670482
       -0.0014055619  -0.0030165967   0.0000906166   0.0000926619  -0.0011175578
       -0.0015307732  -0.0017833596   0.0020179677   0.0002063502  -0.0000588781
        0.0000124500   0.0135328211  -0.0435231496   0.1440929480  -0.0023483707
        0.0009968086  -0.0498507045  -0.0004424682   0.0009256742   0.0089754128
       -0.0019801114  -0.0005087037   0.0018458775  -0.0016452282   0.0039127119
       -0.0034975183   0.0019608900  -0.0004374547   0.0012578823   0.0001505370
       -0.0018371122  -0.0055589140   0.0003443348   0.0006255834   0.0089532738
        0.0015858331   0.0036116741  -0.0035614904   0.0000098190  -0.0003182938
        0.0001727214  -0.0005826188   0.0012103529  -0.0505965567
       -0.0006429783  -0.0007616116   0.0000073810   0.0001199940   0.0000860994
        0.0001780451  -0.0060710509   0.0296835733  -0.0084434230  -0.0000671512
       -0.0000178366  -0.0000357759  -0.0002065139  -0.0004776828  -0.0002998982
        0.0002140374   0.0002622754   0.0000973910   0.0007417211   0.0008882181
        0.0009196600   0.0002682537   0.0000824265   0.0003366188  -0.0025153423
       -0.0061181540   0.0006782908   0.0004012918   0.0000715652   0.0004073768
        0.0002603468   0.0008844207  -0.0000018611   0.0000530317   0.0002888301
       -0.0001837518  -0.2297499111   0.0883987344  -0.0023483707   0.5940827089
        0.0123867978  -0.0036856943   0.0009894963   0.0006946000  -0.0003128542
       -0.0038515499  -0.0028293841  -0.0001057942  -0.0897567690  -0.0134499931
        0.0009827578  -0.2155714190  -0.1116341884   0.0112971317   0.0224995722
       -0.0203798606   0.0013997782  -0.0064851329   0.0299595335  -0.0018133991
       -0.0123264161   0.0172668229  -0.0014142959  -0.0037488468  -0.0036021865
        0.0002246887  -0.0486373726  -0.0216829999   0.0021159984
        0.0009759808   0.0014177078   0.0007084729  -0.0006776352  -0.0007002318
       -0.0003388294   0.0358162396  -0.0513989748   0.0092674757   0.0002065489
       -0.0000112787   0.0000144427   0.0013175830   0.0015260934   0.0002353270
       -0.0003652574  -0.0003519228  -0.0001375040  -0.0021856267  -0.0022760114
       -0.0020223030  -0.0002941271  -0.0001070777  -0.0006348716   0.0089511931
        0.0082937348   0.0009961707  -0.0002795762  -0.0004565430  -0.0011177547
       -0.0011976577  -0.0021272463   0.0007140780  -0.0000257642  -0.0004700397
        0.0002096127   0.0380554292  -0.1097393055   0.0009968086   0.0123867978
        0.6915285229  -0.0418769216   0.0006615555  -0.0000988306   0.0003201855
       -0.0039694291  -0.0013278134   0.0006125798   0.0516775776  -0.3598026120
        0.0210130409  -0.1111159185  -0.1182342494   0.0087007360  -0.0700176939
       -0.0461414557   0.0028089217   0.0056037542  -0.0177657279   0.0007891217
        0.0287379201  -0.0327107088   0.0022662800  -0.0024384947  -0.0009967862
        0.0004696097   0.0081766009   0.0419507569  -0.0039946793
       -0.0004055776  -0.0003919738  -0.0001559732   0.0001668277   0.0000938697
        0.0002607031  -0.0010453295   0.0110250442   0.0094611438   0.0000632989
       -0.0000378477   0.0000579179   0.0000848348  -0.0000612519  -0.0002589429
       -0.0000242535  -0.0000280765   0.0000783821   0.0001651544   0.0000544066
       -0.0002277840  -0.0000074396  -0.0000775922   0.0000389531  -0.0034776113
       -0.0025204841  -0.0030401385   0.0001353257  -0.0012589846   0.0002051806
        0.0004804280   0.0011402168  -0.0000472854   0.0000103580  -0.0000103144
        0.0000016587  -0.0011208798  -0.0003338243  -0.0498507045  -0.0036856943
       -0.0418769216   0.1022474848  -0.0000254290   0.0000219035  -0.0000182291
       -0.0000382872   0.0005143037   0.0068262351  -0.0031844258   0.0212117504
       -0.0397163013   0.0105449775   0.0086223211  -0.0304830066   0.0043874128
        0.0031783901   0.0010761366  -0.0004049318   0.0012488684   0.0011938654
       -0.0017313689   0.0017319494  -0.0034459878   0.0001385214   0.0006369943
        0.0060824614  -0.0010259111  -0.0028827470  -0.0002857691
        0.0001862962   0.0001582110   0.0001072722  -0.0000763053  -0.0001577066
       -0.0000182920  -0.0005285226  -0.0015341433   0.0000856312   0.0000282769
       -0.0000312322   0.0000646909   0.0001523965   0.0003188940   0.0000172629
       -0.0000470085  -0.0000609334  -0.0000148970  -0.0002735620  -0.0001981008
       -0.0003288332  -0.0000533659  -0.0000109334  -0.0000680178   0.0007199648
        0.0009614097   0.0003532495  -0.0000262231   0.0000152540   0.0000162481
       -0.0001154599  -0.0004043964  -0.0000035073  -0.0000175500  -0.0000877650
        0.0000444726   0.0015957154   0.0014919546  -0.0004424682   0.0009894963
        0.0006615555  -0.0000254290   0.2368550055   0.1219313968  -0.0050272834
        0.0016688045   0.0007393437   0.0000451577  -0.0047821208   0.0035969373
       -0.0003848638   0.0000082151  -0.0000022665   0.0000459309  -0.0274369776
       -0.0169158426   0.0006429054  -0.0019666475  -0.0007235549   0.0000928529
       -0.2062466412  -0.1066619928   0.0045940770   0.0010582032  -0.0001871712
        0.0000473982  -0.0016919899  -0.0028989174   0.0001564422
        0.0001410356   0.0000909285   0.0000736403  -0.0000523956  -0.0001062102
       -0.0000156794  -0.0017860771  -0.0018843464  -0.0002271242   0.0000129720
        0.0000009302   0.0000300409   0.0001379099   0.0002127309   0.0000198471
       -0.0000515551  -0.0000639688  -0.0000163081  -0.0002307520  -0.0001873366
       -0.0002590287  -0.0000547487  -0.0000130137  -0.0000682065   0.0003607352
        0.0003371962   0.0004702191   0.0000202615   0.0000063504   0.0000406506
       -0.0001721880  -0.0004670913  -0.0000523630  -0.0000203033  -0.0000887781
        0.0000432363   0.0022651477  -0.0042669899   0.0009256742   0.0006946000
       -0.0000988306   0.0000219035   0.1219313968   0.1373050440  -0.0059192672
       -0.0004668349   0.0009929742  -0.0002917674   0.0023338125  -0.0001181616
        0.0005812842  -0.0000625807   0.0000276848  -0.0001064210   0.0088099118
        0.0060180908  -0.0002422880   0.0003830040   0.0002924828  -0.0000043048
       -0.1072550228  -0.1174464892   0.0041044795   0.0007049277   0.0013994661
       -0.0002875422  -0.0276432564  -0.0219426626   0.0011793247
       -0.0000469947  -0.0000001183  -0.0000073574   0.0000153339   0.0000263679
        0.0000042880   0.0003708921  -0.0000443675   0.0002157274  -0.0000035193
        0.0000100808  -0.0000152472  -0.0000388350  -0.0000434459  -0.0000285338
        0.0000065321   0.0000073654   0.0000009199   0.0000094149  -0.0000456346
        0.0000261468  -0.0000002628  -0.0000016814   0.0000021507  -0.0001321000
       -0.0000687758  -0.0005311172   0.0000025738  -0.0000212919  -0.0000235228
        0.0000546476   0.0001232038   0.0000207866   0.0000048892   0.0000146933
       -0.0000088110   0.0002383626   0.0011206733   0.0089754128  -0.0003128542
        0.0003201855  -0.0000182291  -0.0050272834  -0.0059192672   0.0241647101
        0.0001529551  -0.0002890228  -0.0033658377  -0.0004042225   0.0004640640
        0.0070570964  -0.0000242791  -0.0001159551  -0.0016729898  -0.0010413279
       -0.0005990810   0.0003445253  -0.0001106071  -0.0000388499   0.0001280999
        0.0046868081   0.0042081124  -0.0334105896   0.0000072591  -0.0002791629
       -0.0024068004   0.0015926175   0.0011719077   0.0005491721
        0.0000302598   0.0001095414  -0.0000837088   0.0000688038  -0.0000695340
        0.0000890943   0.0034606743  -0.0005040889   0.0003764883   0.0000561354
       -0.0000802282   0.0001695610   0.0001221910   0.0002265952   0.0000945092
       -0.0000341142  -0.0000537842  -0.0000050505   0.0000165573  -0.0000780426
       -0.0000952425  -0.0000145567   0.0000106144  -0.0000375748  -0.0001312216
        0.0004476990  -0.0001090156  -0.0000373467   0.0000443542   0.0000986435
        0.0001166624   0.0000983387  -0.0001668864   0.0000000922  -0.0000553818
        0.0000643292  -0.0278130239   0.0137575067  -0.0019801114  -0.0038515499
       -0.0039694291  -0.0000382872   0.0016688045  -0.0004668349   0.0001529551
        0.2761970442  -0.1093388194   0.0127433010   0.0007197837  -0.0009952988
        0.0000514335  -0.0017997511   0.0006282157   0.0000325335   0.0021929837
        0.0005971062  -0.0002500843  -0.0000215002   0.0000678232   0.0000614201
       -0.0067049194   0.0041906484  -0.0003978243  -0.0003564527   0.0003486543
       -0.0000216444  -0.2438855563   0.0950843447  -0.0107488384
       -0.0000410954  -0.0000554095  -0.0000499041   0.0000320334   0.0000150449
        0.0000294408   0.0004211779   0.0017355577  -0.0003111581  -0.0000124181
       -0.0000017339   0.0000000220  -0.0000282954  -0.0000685492   0.0000116408
        0.0000021133   0.0000008137   0.0000027588   0.0000585960   0.0000590327
        0.0000820669   0.0000129722   0.0000016770   0.0000087165  -0.0003986499
       -0.0002501730  -0.0001623329   0.0000346791   0.0000083586   0.0000603010
        0.0000774280   0.0001256141  -0.0000603733   0.0000010001   0.0000146814
        0.0000009351  -0.0132114211   0.0067655047  -0.0005087037  -0.0028293841
       -0.0013278134   0.0005143037   0.0007393437   0.0009929742  -0.0002890228
       -0.1093388194   0.1058011804  -0.0076596621  -0.0006416005  -0.0004340896
        0.0000091838  -0.0009193313   0.0002873261  -0.0000974302  -0.0004103610
       -0.0052361808   0.0008989844   0.0000102456   0.0000293069  -0.0001093309
        0.0292315914  -0.0165496037   0.0015128790   0.0014674977  -0.0010172263
        0.0001681738   0.0957426980  -0.0908962930   0.0059485115
        0.0000696153   0.0000988322   0.0000730087  -0.0000540717  -0.0000609537
       -0.0000385142  -0.0004803076  -0.0004975604  -0.0023542973   0.0000018277
        0.0000177823  -0.0000200614   0.0000279396   0.0000674837  -0.0000046138
       -0.0000055567   0.0000019131  -0.0000066577  -0.0000580532  -0.0001251697
       -0.0000815783   0.0000046533   0.0000108366  -0.0000107869   0.0004113770
        0.0000936951   0.0001457487   0.0000004839   0.0000583065  -0.0000605857
       -0.0000424602  -0.0002146809   0.0000961622   0.0000042734   0.0000065383
        0.0000011109   0.0006213174   0.0003358980   0.0018458775  -0.0001057942
        0.0006125798   0.0068262351   0.0000451577  -0.0002917674  -0.0033658377
        0.0127433010  -0.0076596621   0.0226565124   0.0000122180  -0.0002165996
       -0.0000246221   0.0000403013  -0.0000584005  -0.0010574035   0.0001166900
        0.0009288478   0.0079533679   0.0000019323  -0.0001148170  -0.0017109017
       -0.0020188523   0.0010084687  -0.0013364534  -0.0001118746   0.0001213173
        0.0009084561  -0.0112241174   0.0058771121  -0.0304341658
       -0.0000308929  -0.0001275534  -0.0000412389   0.0000521534   0.0000976955
        0.0000498489  -0.0071781153   0.0022152414  -0.0000176224  -0.0000461232
       -0.0000239551   0.0000207306  -0.0002147496  -0.0000853883   0.0000495339
        0.0000874543   0.0000659581   0.0000229972  -0.0001279510   0.0001379998
        0.0000286716   0.0000329188   0.0000054064   0.0000473404  -0.0001539794
       -0.0003078623  -0.0002015041   0.0000837876   0.0000190228   0.0000016889
        0.0002549731  -0.0000662048  -0.0001170896  -0.0000023525   0.0000664481
       -0.0000429875   0.0170741759   0.0286280493  -0.0016452282  -0.0897567690
        0.0516775776  -0.0031844258  -0.0047821208   0.0023338125  -0.0004042225
        0.0007197837  -0.0006416005   0.0000122180   0.6395111050   0.0057084265
        0.0006503853  -0.0021043669  -0.0271868607   0.0019487549  -0.2476193134
       -0.1463392194   0.0086650205  -0.2342862193   0.0896640634  -0.0056532581
       -0.0663780969   0.0182436935  -0.0017120764   0.0008641660   0.0005237165
       -0.0000336794  -0.0059994674  -0.0246084671   0.0015561426
       -0.0003464775  -0.0004738195   0.0000780085   0.0001300563   0.0006817383
       -0.0002087777  -0.0018817628   0.0059877457  -0.0022718794  -0.0002103833
        0.0000976165  -0.0001940205  -0.0007771177  -0.0011738707  -0.0001562533
        0.0003222122   0.0003153471   0.0000779954   0.0012156781   0.0013430419
        0.0009744879   0.0001917557   0.0000878260   0.0004082298  -0.0021836950
       -0.0029429049   0.0001778175   0.0001080462  -0.0002013194  -0.0003473795
        0.0001542739   0.0008634051   0.0000899741   0.0000758366   0.0003472932
       -0.0002443500   0.0682619778  -0.0274425535   0.0039127119  -0.0134499931
       -0.3598026120   0.0212117504   0.0035969373  -0.0001181616   0.0004640640
       -0.0009952988  -0.0004340896  -0.0002165996   0.0057084265   0.6697549179
       -0.0369297093  -0.0019940983  -0.0214837482   0.0009269407  -0.0735793316
       -0.1624411603   0.0074283464   0.0886727526  -0.0881446339   0.0043298723
       -0.0348634873   0.0460275515  -0.0031529073  -0.0254878371  -0.0224817785
        0.0011599776  -0.0126684707  -0.0383658310   0.0024816997
       -0.0001977043  -0.0002292530  -0.0003404630   0.0001546744  -0.0000831565
        0.0003066350   0.0017151065   0.0009928519   0.0062485459   0.0000062363
        0.0000169361  -0.0000147168   0.0001649210   0.0001314729  -0.0001591768
       -0.0000541572  -0.0000025624   0.0000202759   0.0000117003  -0.0005151088
       -0.0001360011   0.0000129300  -0.0000373362  -0.0000550159  -0.0015518442
        0.0003858492  -0.0002251153  -0.0000887681  -0.0000011838   0.0000450359
        0.0001402733   0.0004619255  -0.0001215248  -0.0000130759  -0.0000432090
        0.0000088007  -0.0045937641   0.0006862261  -0.0034975183   0.0009827578
        0.0210130409  -0.0397163013  -0.0003848638   0.0005812842   0.0070570964
        0.0000514335   0.0000091838  -0.0000246221   0.0006503853  -0.0369297093
        0.1125016330   0.0001442833   0.0015412136  -0.0010466500   0.0048546799
        0.0074580401  -0.0420660948  -0.0059928932   0.0037350226  -0.0336724314
        0.0013203275  -0.0027444595   0.0003031086   0.0017380916   0.0013710346
       -0.0019366367   0.0009292701   0.0022018970  -0.0034788630
       -0.0005261942  -0.0004838254  -0.0004330574   0.0002524216  -0.0001690653
        0.0004365527   0.0034684886   0.0007286785  -0.0006162351  -0.0000713397
       -0.0000487865   0.0000634368   0.0000916161   0.0001218385   0.0000592066
       -0.0000086617  -0.0000453765   0.0000243368   0.0011776247   0.0002303134
        0.0001682683  -0.0000443287  -0.0000583128   0.0000366158  -0.0018147617
       -0.0012540738  -0.0003717664   0.0000838224  -0.0001178876   0.0006835638
        0.0003750880   0.0012800143  -0.0003813618  -0.0000237759  -0.0000286370
       -0.0000075706  -0.0264690974  -0.0183249446   0.0019608900  -0.2155714190
       -0.1111159185   0.0105449775   0.0000082151  -0.0000625807  -0.0000242791
       -0.0017997511  -0.0009193313   0.0000403013  -0.0021043669  -0.0019940983
        0.0001442833   0.2435103665   0.1268247705  -0.0121459627   0.0019992680
        0.0005138988   0.0000936027   0.0016799815   0.0006033673  -0.0000800480
        0.0004952217   0.0009672006  -0.0000194954  -0.0001179499  -0.0001927440
       -0.0000099447  -0.0045904680   0.0035455004  -0.0001663145
       -0.0000900906  -0.0001358420  -0.0001172772  -0.0000233866  -0.0001244203
        0.0001597902   0.0002138887   0.0019142543  -0.0004395533  -0.0000225523
        0.0000659397  -0.0000095098  -0.0000932012  -0.0001479105  -0.0001359356
       -0.0000244693   0.0000175691   0.0000122898   0.0002433775  -0.0008252187
       -0.0010203764  -0.0000056547   0.0000527506   0.0000358753   0.0001905345
       -0.0003177457   0.0000383684   0.0003860082  -0.0003616400  -0.0005414860
       -0.0000157652   0.0001464414   0.0001929757   0.0000256868   0.0000154837
       -0.0000098663   0.0078754602   0.0057036556  -0.0004374547  -0.1116341884
       -0.1182342494   0.0086223211  -0.0000022665   0.0000276848  -0.0001159551
        0.0006282157   0.0002873261  -0.0000584005  -0.0271868607  -0.0214837482
        0.0015412136   0.1268247705   0.1392410473  -0.0090442149   0.0013903867
       -0.0050854910   0.0008840857  -0.0006880592   0.0009695751  -0.0002773115
        0.0007627868  -0.0002403068   0.0000307918  -0.0013235371  -0.0012586427
        0.0001139497   0.0025689164  -0.0002265124   0.0005756802
        0.0000496742   0.0001024774   0.0001035507  -0.0000378998   0.0001112373
       -0.0001073855  -0.0002835326  -0.0014709010  -0.0012340083  -0.0000209958
        0.0000428120  -0.0000823554  -0.0001994307  -0.0002483326   0.0000114028
        0.0000156761   0.0000277919  -0.0000322378   0.0000985623  -0.0005857056
       -0.0002481720  -0.0000539256   0.0000000423  -0.0000467064   0.0005614459
       -0.0002992295  -0.0001828617   0.0005019836  -0.0007697975  -0.0009806297
       -0.0001113500   0.0000311499  -0.0000252840   0.0000071353   0.0000150507
       -0.0000376510  -0.0010609806   0.0016408429   0.0012578823   0.0112971317
        0.0087007360  -0.0304830066   0.0000459309  -0.0001064210  -0.0016729898
        0.0000325335  -0.0000974302  -0.0010574035   0.0019487549   0.0009269407
       -0.0010466500  -0.0121459627  -0.0090442149   0.0238675182  -0.0001681883
        0.0008782094   0.0079241824  -0.0000044045  -0.0002396659  -0.0033500842
       -0.0000205393  -0.0000320901  -0.0000228330   0.0000829412   0.0001592834
        0.0008530768  -0.0005345596   0.0002572142   0.0065926456
       -0.0003684412  -0.0002821566  -0.0004025288   0.0002067542  -0.0002555519
        0.0003970258   0.0056045956   0.0010660275  -0.0014656312   0.0000098629
       -0.0000844372   0.0001078627   0.0005090112   0.0002915506  -0.0000502162
       -0.0000799675  -0.0000099740   0.0000629720   0.0003177620   0.0000148451
        0.0000538410   0.0000623772  -0.0000084097   0.0000287286  -0.0011298727
       -0.0009512748   0.0000668538  -0.0000331160  -0.0003399040   0.0004449139
        0.0002968675   0.0007938561  -0.0001923351  -0.0000028413  -0.0000285293
        0.0000246372  -0.0515874988  -0.0035043852   0.0001505370   0.0224995722
       -0.0700176939   0.0043874128  -0.0274369776   0.0088099118  -0.0010413279
        0.0021929837  -0.0004103610   0.0001166900  -0.2476193134  -0.0735793316
        0.0048546799   0.0019992680   0.0013903867  -0.0001681883   0.6372813142
       -0.0002376803   0.0064671746  -0.0278666134  -0.0138382701   0.0003358607
       -0.2761472855   0.0562391772  -0.0086557306  -0.0462114949   0.0173680532
       -0.0013504596   0.0075030536   0.0775741514  -0.0041727723
        0.0003262123   0.0003755661   0.0001021093  -0.0001622912  -0.0002498231
       -0.0000735978   0.0000446735  -0.0041457901   0.0027569850   0.0001133832
        0.0000052267  -0.0000388034   0.0002087673   0.0005447310   0.0000928333
       -0.0001521474  -0.0001829561  -0.0000724625  -0.0007283543  -0.0006940452
       -0.0003186878  -0.0001079273  -0.0000916369  -0.0002457129   0.0015322524
        0.0019662579  -0.0005179283  -0.0001023017   0.0000147527  -0.0000585762
       -0.0001513526  -0.0005327659  -0.0000290127  -0.0000493100  -0.0001682133
        0.0001203169  -0.0042689806   0.0057058359  -0.0018371122  -0.0203798606
       -0.0461414557   0.0031783901  -0.0169158426   0.0060180908  -0.0005990810
        0.0005971062  -0.0052361808   0.0009288478  -0.1463392194  -0.1624411603
        0.0074580401   0.0005138988  -0.0050854910   0.0008782094  -0.0002376803
        0.6499261451  -0.0395815725   0.0118749575   0.0064596792  -0.0005805358
        0.1287232346  -0.1323538728   0.0082234294   0.0173953523  -0.2815796897
        0.0181807182   0.0282654299  -0.0321132044   0.0020332036
       -0.0000379190  -0.0000413909  -0.0000103712   0.0000169803  -0.0000220647
        0.0000330288   0.0000066272   0.0005474065  -0.0001369113   0.0000031559
       -0.0000197502   0.0000268753  -0.0000084297   0.0000359450  -0.0000128131
        0.0000180771   0.0000076761   0.0000047461   0.0000410239   0.0001387896
        0.0000431812   0.0000243881   0.0000075744   0.0000287326  -0.0001599496
       -0.0001778494   0.0000224935   0.0000308776   0.0000411844   0.0000424193
        0.0000033914   0.0000713031   0.0000007638   0.0000030061   0.0000018942
       -0.0000062283  -0.0002084058  -0.0011733470  -0.0055589140   0.0013997782
        0.0028089217   0.0010761366   0.0006429054  -0.0002422880   0.0003445253
       -0.0002500843   0.0008989844   0.0079533679   0.0086650205   0.0074283464
       -0.0420660948   0.0000936027   0.0008840857   0.0079241824   0.0064671746
       -0.0395815725   0.0970392752  -0.0008430059  -0.0004133736   0.0004218425
       -0.0126967256   0.0073127812  -0.0423364638  -0.0014823736   0.0180903446
       -0.0260933181  -0.0017291153   0.0033963991   0.0012595444
       -0.0002734846  -0.0002494753  -0.0002069115   0.0001552991   0.0001638857
        0.0000849805   0.0002526632   0.0023363306  -0.0002229644  -0.0000262008
        0.0000160366  -0.0000284439  -0.0001777770  -0.0003609798  -0.0000303099
        0.0000521279   0.0000640209   0.0000296889   0.0004516036   0.0003121217
        0.0004012507   0.0000861775   0.0000194339   0.0001194428  -0.0012123078
       -0.0014865834  -0.0004167734  -0.0000267810  -0.0000071415   0.0000623458
        0.0002170010   0.0006143240  -0.0001028596   0.0000106935   0.0000873361
       -0.0000357466   0.0022066759  -0.0009272769   0.0003443348  -0.0064851329
        0.0056037542  -0.0004049318  -0.0019666475   0.0003830040  -0.0001106071
       -0.0000215002   0.0000102456   0.0000019323  -0.2342862193   0.0886727526
       -0.0059928932   0.0016799815  -0.0006880592  -0.0000044045  -0.0278666134
        0.0118749575  -0.0008430059   0.2688251047  -0.1019588454   0.0069574449
       -0.0038749497  -0.0040848253   0.0003091635   0.0011246933   0.0001599125
       -0.0000051511   0.0011555931  -0.0005549289   0.0000944186
        0.0001620929   0.0001829684   0.0001265090  -0.0001050694  -0.0001016205
       -0.0000581881   0.0013039699  -0.0025426095   0.0000182978   0.0000062248
        0.0000113463   0.0000128511   0.0001393153   0.0001759275   0.0000417270
       -0.0000485548  -0.0000622216  -0.0000295688  -0.0002286298  -0.0002002001
       -0.0003601862  -0.0000729222  -0.0000139642  -0.0000862862   0.0007913386
        0.0011259221   0.0004118163   0.0000739841   0.0000065062   0.0000487119
       -0.0002102020  -0.0004243216   0.0000864420  -0.0000056688  -0.0000729810
        0.0000310276  -0.0015096990  -0.0041379037   0.0006255834   0.0299595335
       -0.0177657279   0.0012488684  -0.0007235549   0.0002924828  -0.0000388499
        0.0000678232   0.0000293069  -0.0001148170   0.0896640634  -0.0881446339
        0.0037350226   0.0006033673   0.0009695751  -0.0002396659  -0.0138382701
        0.0064596792  -0.0004133736  -0.1019588454   0.1041370042  -0.0053322340
       -0.0028375687  -0.0010749928   0.0005281485  -0.0007371550   0.0013145450
       -0.0002581042  -0.0004955729  -0.0001640868   0.0000162682
        0.0000040653   0.0000195803  -0.0000121934  -0.0000081774  -0.0000495556
        0.0000029469  -0.0003375436  -0.0004223294  -0.0009446573  -0.0000000518
       -0.0000044630   0.0000013100   0.0000671227   0.0000076185   0.0000053212
       -0.0000094966   0.0000081549   0.0000055377  -0.0000379046  -0.0000912923
       -0.0000148044   0.0000051828   0.0000122043   0.0000059803   0.0002346795
        0.0000949380   0.0002441289  -0.0000072635   0.0000487545  -0.0000050277
       -0.0000038022  -0.0000826067  -0.0000056536   0.0000000532   0.0000088173
       -0.0000021959  -0.0002413436   0.0013100479   0.0089532738  -0.0018133991
        0.0007891217   0.0011938654   0.0000928529  -0.0000043048   0.0001280999
        0.0000614201  -0.0001093309  -0.0017109017  -0.0056532581   0.0043298723
       -0.0336724314  -0.0000800480  -0.0002773115  -0.0033500842   0.0003358607
       -0.0005805358   0.0004218425   0.0069574449  -0.0053322340   0.0240584989
        0.0002939746   0.0003528698   0.0070862286   0.0000731395  -0.0002896107
       -0.0024165962   0.0000664921   0.0002615952   0.0000275116
        0.0003281354   0.0002113340   0.0002559474  -0.0001492233   0.0001241806
       -0.0002731954  -0.0070027480  -0.0028854401   0.0009784076   0.0000295570
        0.0000698713  -0.0001028660  -0.0002333251  -0.0000800771   0.0000770032
       -0.0000363594  -0.0000988549  -0.0000763920  -0.0001472830  -0.0002679883
        0.0000662316  -0.0000991305  -0.0000331704  -0.0001206987   0.0003190985
       -0.0006178823   0.0001565099  -0.0000258868   0.0001941667  -0.0002485187
       -0.0004188638  -0.0007569343  -0.0001499414  -0.0000460193  -0.0000859791
        0.0000523964   0.0304319989  -0.0214705889   0.0015858331  -0.0123264161
        0.0287379201  -0.0017313689  -0.2062466412  -0.1072550228   0.0046868081
       -0.0067049194   0.0292315914  -0.0020188523  -0.0663780969  -0.0348634873
        0.0013203275   0.0004952217   0.0007627868  -0.0000205393  -0.2761472855
        0.1287232346  -0.0126967256  -0.0038749497  -0.0028375687   0.0002939746
        0.6414721275  -0.0069156265   0.0091634950  -0.0031666940   0.0022799912
       -0.0003126420  -0.0900722971  -0.0121664558  -0.0008851939
       -0.0009025373  -0.0009816724  -0.0006026254   0.0004535214   0.0001581149
        0.0004912166   0.0031554863   0.0070251368  -0.0045188787  -0.0001944848
       -0.0000034699  -0.0000183384   0.0000646088  -0.0006230226  -0.0002337679
        0.0001323495   0.0002643975   0.0001468722   0.0016513596   0.0009705017
        0.0009762210   0.0002551575   0.0000629679   0.0003916807  -0.0043124665
       -0.0052293025   0.0004695438   0.0000531221  -0.0004900259   0.0006305344
        0.0005943482   0.0018581633  -0.0003732645   0.0000301205   0.0002425868
       -0.0001686601  -0.0594848990  -0.0386456205   0.0036116741   0.0172668229
       -0.0327107088   0.0017319494  -0.1066619928  -0.1174464892   0.0042081124
        0.0041906484  -0.0165496037   0.0010084687   0.0182436935   0.0460275515
       -0.0027444595   0.0009672006  -0.0002403068  -0.0000320901   0.0562391772
       -0.1323538728   0.0073127812  -0.0040848253  -0.0010749928   0.0003528698
       -0.0069156265   0.6698552573  -0.0390037658   0.0281929317  -0.0182884578
        0.0016950512   0.0510662840  -0.3618271321   0.0246688750
        0.0002901033  -0.0000056549  -0.0000403812  -0.0000577440  -0.0000705049
       -0.0000238828  -0.0005695820   0.0000622432   0.0038085161  -0.0000019145
       -0.0000184007   0.0000323679   0.0001646209   0.0000943870   0.0000280972
       -0.0000579922  -0.0000230834   0.0000120785  -0.0001835075   0.0001815196
       -0.0001645102  -0.0000121918   0.0000053013  -0.0000351923   0.0003410473
        0.0013123729   0.0019382488  -0.0000652396   0.0000150898  -0.0000279612
       -0.0000330718  -0.0005534197  -0.0001020307  -0.0000383440  -0.0000526291
        0.0000421386   0.0043741565   0.0012448795  -0.0035614904  -0.0014142959
        0.0022662800  -0.0034459878   0.0045940770   0.0041044795  -0.0334105896
       -0.0003978243   0.0015128790  -0.0013364534  -0.0017120764  -0.0031529073
        0.0003031086  -0.0000194954   0.0000307918  -0.0000228330  -0.0086557306
        0.0082234294  -0.0423364638   0.0003091635   0.0005281485   0.0070862286
        0.0091634950  -0.0390037658   0.1128212550  -0.0019430562   0.0011298758
       -0.0020224743  -0.0040745972   0.0221686885  -0.0395417884
       -0.0000334752  -0.0000328863  -0.0000333960   0.0000236275  -0.0000040672
        0.0000281697   0.0003591100   0.0001082220  -0.0000189028  -0.0000056329
       -0.0000049758   0.0000092838  -0.0000028526  -0.0000139309   0.0000010740
        0.0000029197   0.0000024048   0.0000041855   0.0000987251   0.0000232859
        0.0000119690   0.0000105550   0.0000020416   0.0000161964  -0.0001703281
       -0.0001493536  -0.0000369362  -0.0000110409  -0.0000033887   0.0000486044
        0.0000406031   0.0001044832  -0.0000346081  -0.0000007650   0.0000033124
       -0.0000006270  -0.0007177362  -0.0001877985   0.0000098190  -0.0037488468
       -0.0024384947   0.0001385214   0.0010582032   0.0007049277   0.0000072591
       -0.0003564527   0.0014674977  -0.0001118746   0.0008641660  -0.0254878371
        0.0017380916  -0.0001179499  -0.0013235371   0.0000829412  -0.0462114949
        0.0173953523  -0.0014823736   0.0011246933  -0.0007371550   0.0000731395
       -0.0031666940   0.0281929317  -0.0019430562   0.0555430797  -0.0195663314
        0.0018050135  -0.0045824133   0.0019452971  -0.0003124935
        0.0002535385   0.0002050786   0.0001846577  -0.0001360075  -0.0002310503
       -0.0000439200  -0.0007628249  -0.0013319778  -0.0000213105   0.0000237515
       -0.0000294606   0.0000495023   0.0001897016   0.0004296760   0.0000106117
       -0.0000566157  -0.0000763906  -0.0000228189  -0.0003575852  -0.0002639888
       -0.0004336634  -0.0000726784  -0.0000245837  -0.0000915295   0.0010500914
        0.0013131123   0.0003554186  -0.0000050341  -0.0000061278   0.0000397606
       -0.0001440118  -0.0004927470   0.0000434808  -0.0000193953  -0.0001030076
        0.0000435943  -0.0001891332   0.0021479884  -0.0003182938  -0.0036021865
       -0.0009967862   0.0006369943  -0.0001871712   0.0013994661  -0.0002791629
        0.0003486543  -0.0010172263   0.0001213173   0.0005237165  -0.0224817785
        0.0013710346  -0.0001927440  -0.0012586427   0.0001592834   0.0173680532
       -0.2815796897   0.0180903446   0.0001599125   0.0013145450  -0.0002896107
        0.0022799912  -0.0182884578   0.0011298758  -0.0195663314   0.3215165597
       -0.0212423107   0.0030943086  -0.0001445107   0.0005067446
        0.0000062981   0.0000372655   0.0000793231  -0.0000165463   0.0000597650
       -0.0000796603  -0.0000690754  -0.0002497850  -0.0010242181  -0.0000065154
        0.0000052191  -0.0000068570  -0.0000889529  -0.0001036684   0.0000213635
        0.0000203434   0.0000060542  -0.0000064775   0.0000265620   0.0000953147
        0.0000906409  -0.0000050433   0.0000054318   0.0000161674   0.0001668497
       -0.0002267672  -0.0002431933   0.0000293865   0.0000196255  -0.0000054165
       -0.0000085069   0.0000035792   0.0000200106   0.0000038980   0.0000185762
       -0.0000091856   0.0000722604   0.0001248255   0.0001727214   0.0002246887
        0.0004696097   0.0060824614   0.0000473982  -0.0002875422  -0.0024068004
       -0.0000216444   0.0001681738   0.0009084561  -0.0000336794   0.0011599776
       -0.0019366367  -0.0000099447   0.0001139497   0.0008530768  -0.0013504596
        0.0181807182  -0.0260933181  -0.0000051511  -0.0002581042  -0.0024165962
       -0.0003126420   0.0016950512  -0.0020224743   0.0018050135  -0.0212423107
        0.0219393872  -0.0004745368   0.0002050408   0.0060672257
        0.0006585748   0.0007242536   0.0002698450  -0.0002708565   0.0000441261
       -0.0003900431   0.0019932712  -0.0201789327   0.0065670089   0.0001162416
        0.0000727399  -0.0001679029  -0.0000634841   0.0003141182   0.0002180443
       -0.0001182466  -0.0001452034  -0.0001139182  -0.0009952147  -0.0006858620
       -0.0003713627  -0.0001680123  -0.0000544813  -0.0003046514   0.0037090416
        0.0047119097  -0.0004565609  -0.0003755001   0.0002995377  -0.0006066553
       -0.0003876668  -0.0011180553   0.0002588926  -0.0000384173  -0.0001604974
        0.0000925900  -0.2171425069  -0.1105005766  -0.0005826188  -0.0486373726
        0.0081766009  -0.0010259111  -0.0016919899  -0.0276432564   0.0015926175
       -0.2438855563   0.0957426980  -0.0112241174  -0.0059994674  -0.0126684707
        0.0009292701  -0.0045904680   0.0025689164  -0.0005345596   0.0075030536
        0.0282654299  -0.0017291153   0.0011555931  -0.0004955729   0.0000664921
       -0.0900722971   0.0510662840  -0.0040745972  -0.0045824133   0.0030943086
       -0.0004745368   0.6038836939  -0.0214300145   0.0120617902
        0.0015313454   0.0009106833   0.0009062958  -0.0005557525  -0.0000768467
       -0.0007018320  -0.0360007077  -0.0543544090   0.0069793207   0.0001784931
        0.0000965135  -0.0001295500   0.0000402089   0.0008366415   0.0004111739
       -0.0002544864  -0.0003400674  -0.0001914261  -0.0022863880  -0.0010882256
       -0.0006777061  -0.0003591367  -0.0001254821  -0.0006304238   0.0049382168
        0.0012279561   0.0036054728  -0.0002823530   0.0006602620  -0.0008938155
       -0.0017496569  -0.0047119460  -0.0006723327  -0.0002213905  -0.0005534895
        0.0002519896  -0.0597859027  -0.1375245773   0.0012103529  -0.0216829999
        0.0419507569  -0.0028827470  -0.0028989174  -0.0219426626   0.0011719077
        0.0950843447  -0.0908962930   0.0058771121  -0.0246084671  -0.0383658310
        0.0022018970   0.0035455004  -0.0002265124   0.0002572142   0.0775741514
       -0.0321132044   0.0033963991  -0.0005549289  -0.0001640868   0.0002615952
       -0.0121664558  -0.3618271321   0.0221686885   0.0019452971  -0.0001445107
        0.0002050408  -0.0214300145   0.6987724629  -0.0421246268
        0.0000722061  -0.0001609340  -0.0001644518   0.0000018927  -0.0000857213
        0.0000902828   0.0018999446   0.0044385416   0.0021161917   0.0000123796
       -0.0001136693   0.0001203947   0.0002211776   0.0000079888   0.0002494242
       -0.0000094071  -0.0000046501   0.0000265779   0.0004009818   0.0006101441
        0.0001192352   0.0000837000   0.0000456840   0.0000569269   0.0001559225
       -0.0001774971   0.0039172882   0.0000464185   0.0000939996   0.0001918598
       -0.0003023140  -0.0001708759  -0.0001300337  -0.0000043449  -0.0000322778
        0.0000146686  -0.0022777368   0.0042582661  -0.0505965567   0.0021159984
       -0.0039946793  -0.0002857691   0.0001564422   0.0011793247   0.0005491721
       -0.0107488384   0.0059485115  -0.0304341658   0.0015561426   0.0024816997
       -0.0034788630  -0.0001663145   0.0005756802   0.0065926456  -0.0041727723
        0.0020332036   0.0012595444   0.0000944186   0.0000162682   0.0000275116
       -0.0008851939   0.0246688750  -0.0395417884  -0.0003124935   0.0005067446
        0.0060672257   0.0120617902  -0.0421246268   0.1032326790
