           1           2   1.4005339598610618     
           2           5   1.4168466603941363     
           2           6  0.97212091537162759     
           5           7   1.4650887500566707     
           5           8  0.97276598232670408     
           3           9   1.2961262774627276     
           7           9   1.2788443782784760     
           7          10  0.96617435588732936     
           1          11   1.4899856497352164     
           4          11  0.97207058157557613     
           9          11   1.2717044294648681     
           1          12  0.97211178063819270     
           3          13   1.2818430947728612     
          13          14   1.2864169836751707     
          14          17   1.4618714290780250     
          14          18  0.96638142278650807     
          17          19   1.4187354592480488     
          17          20  0.97282701372516112     
          15          21  0.97211601133523629     
          19          21   1.4031325630771143     
          19          22  0.97193179535118435     
          13          23   1.2778811354244384     
          16          23  0.97211195625120683     
          21          23   1.4864612231678298     
