$hessian                                                                        
        0.4811376423   0.2101853913  -0.1096192576  -0.0917424424  -0.0160238126
        0.0319720548   0.0000640863  -0.0060729671   0.0002835021  -0.2302892355
       -0.0704222578   0.1167736001  -0.1193599769  -0.0983201773  -0.0654533563
        0.0368637542   0.0218455174  -0.0085370060  -0.0084435014   0.0063439009
        0.0242856681  -0.0246847077   0.0023931674   0.0288196220   0.0008016409
       -0.0059077136  -0.0011265786  -0.0367451748  -0.0437856194  -0.0296580316
        0.0001244925   0.0005611289   0.0005989133  -0.0049498336   0.0024457900
        0.0127130010  -0.0024087272  -0.0033065186  -0.0019691601  -0.0003680166
        0.0000641704   0.0009170290
        0.2101853913   0.3658698948   0.1726662378   0.0161730811  -0.0936074765
       -0.1075370120  -0.0060883284   0.0014565038  -0.0045797453  -0.0964754119
       -0.0977904009   0.0388208146  -0.0985460052  -0.1543778776  -0.0836842342
       -0.0031272045  -0.0147766976  -0.0243009938  -0.0031821104   0.0036968731
        0.0089400306   0.0042702735  -0.0018805654   0.0024737984  -0.0053518639
        0.0014009032  -0.0046789768  -0.0248292909  -0.0156940085   0.0042802359
        0.0005047516   0.0004377831   0.0004527015   0.0041543134   0.0066620051
        0.0042352329  -0.0009866092  -0.0017211315  -0.0028514979   0.0032990133
        0.0003241950  -0.0042365917
       -0.1096192576   0.1726662378   0.5745928211   0.0902955050  -0.0644101222
       -0.2837473605   0.0002588485  -0.0046040486  -0.0001858400   0.0695979101
        0.0039268526  -0.1340169693  -0.0658734001  -0.0839880344  -0.0991820021
       -0.0537310188  -0.0577340119  -0.0316441120   0.0070383037  -0.0038203262
       -0.0152176714   0.0321810480   0.0049818846  -0.0404835560  -0.0001258637
       -0.0039360667   0.0009868545   0.0046578006   0.0296562986   0.0477659153
        0.0005005556   0.0003802772  -0.0001699826   0.0157171433   0.0064802947
       -0.0080542861   0.0022549226   0.0002810121  -0.0019261719   0.0068475028
        0.0001197524  -0.0087176391
       -0.0917424424   0.0161730811   0.0902955050   0.4933450807   0.2159180836
       -0.1191340185   0.0005283510   0.0003175891  -0.0003584174  -0.0050363700
        0.0084933938   0.0288523030   0.0031311250  -0.0063953229  -0.0147651707
       -0.1577971125  -0.1270425923  -0.0803508562  -0.2005689471  -0.0730192193
        0.0917649267  -0.0404303380  -0.0249778672   0.0095909633   0.0037407078
        0.0044442042   0.0033645237  -0.0019851560  -0.0045853091  -0.0142143139
       -0.0014805866  -0.0050935698   0.0039098752  -0.0003855345  -0.0055518354
        0.0009761682   0.0004916002   0.0006036597  -0.0013827728  -0.0018103774
        0.0007157042   0.0014512846
       -0.0160238126  -0.0936074765  -0.0644101222   0.2159180836   0.3602438997
        0.1595786459   0.0001148540  -0.0001650673  -0.0001755981   0.0311742582
        0.0294642789   0.0026110533   0.0031632343  -0.0077273609  -0.0196411481
       -0.0950794131  -0.1758518986  -0.1077823379  -0.0735134914  -0.0682990399
        0.0351041967  -0.0491936021  -0.0176753296   0.0329773853  -0.0058250999
       -0.0080058621  -0.0071516748  -0.0027147090  -0.0246061043  -0.0293126740
       -0.0046403532   0.0042689568  -0.0011649065  -0.0040700179   0.0037538305
       -0.0018871519   0.0005919003  -0.0008202482   0.0001409521   0.0000981686
       -0.0009725786   0.0011133802
        0.0319720548  -0.1075370120  -0.2837473605  -0.1191340185   0.1595786459
        0.5609571496  -0.0007202273  -0.0004294364  -0.0000028409   0.0698921135
        0.0329486299  -0.0288994282   0.0025685274  -0.0068211426  -0.0150289490
       -0.0224510509  -0.0649708676  -0.1335863461   0.0908613156   0.0344415151
       -0.0926377620  -0.0342735604   0.0005332153   0.0473819173  -0.0152279687
       -0.0208954520  -0.0172100239  -0.0108373814  -0.0268229499  -0.0404491712
        0.0047429731  -0.0005425926   0.0009902103   0.0036477542   0.0000628265
        0.0030776761  -0.0013954328   0.0001423083   0.0007609182   0.0003549015
        0.0003123123  -0.0016059897
        0.0000640863  -0.0060883284   0.0002588485   0.0005283510   0.0001148540
       -0.0007202273   0.2308559657   0.0889845592  -0.1147976535  -0.0179089358
       -0.0102545654   0.0061435796  -0.0009849483  -0.0001689140   0.0005278059
        0.0031255640  -0.0019757722   0.0030572416  -0.0005633302   0.0008861364
       -0.0004545135  -0.0076861768  -0.0030670403   0.0057675328  -0.0003428454
       -0.0002329589   0.0002818149  -0.2064423255  -0.0715308359   0.0996936275
       -0.0000270239   0.0012234252  -0.0012990864  -0.0030799468   0.0002289814
        0.0012193143   0.0006036779   0.0002302681   0.0002693239   0.0018578877
        0.0016501906   0.0000523917
       -0.0060729671   0.0014565038  -0.0046040486   0.0003175891  -0.0001650673
       -0.0004294364   0.0889845592   0.0696407747  -0.0380053341  -0.0186783433
       -0.0085455583   0.0085593198  -0.0009311690  -0.0006474520   0.0007338109
       -0.0023158809   0.0042006606  -0.0039280661   0.0008607062  -0.0011153765
        0.0006345976   0.0064929479   0.0031052501  -0.0044677330   0.0002755702
        0.0002100163  -0.0003173832  -0.0717565882  -0.0671669468   0.0383818968
        0.0018175063  -0.0008705634   0.0007858088  -0.0015291484  -0.0022514384
        0.0024416422   0.0006224434   0.0009731520   0.0000344782   0.0019127745
        0.0011760452   0.0001804472
        0.0002835021  -0.0045797453  -0.0001858400  -0.0003584174  -0.0001755981
       -0.0000028409  -0.1147976535  -0.0380053341   0.1097460803  -0.0091088718
       -0.0027184149   0.0078191621  -0.0008550764  -0.0002889480   0.0002606500
        0.0024336173  -0.0043777633  -0.0031063491  -0.0004977874   0.0006022964
       -0.0003435728   0.0231002696   0.0083529838  -0.0150450215   0.0012068537
        0.0003614609  -0.0007780632   0.0992783955   0.0380702054  -0.0993143869
       -0.0002240290   0.0015787379   0.0005125155  -0.0020336102   0.0000464379
        0.0003202187   0.0010158029   0.0005903850   0.0002089671   0.0005570046
        0.0005432966  -0.0000915193
       -0.2302892355  -0.0964754119   0.0695979101  -0.0050363700   0.0311742582
        0.0698921135  -0.0179089358  -0.0186783433  -0.0091088718   0.5048268512
        0.2425596176  -0.0937423762  -0.0174612991  -0.0103923177   0.0052861648
       -0.0441168210  -0.0296085850  -0.0026941031   0.0025428015  -0.0021166203
        0.0032621786   0.0375848388  -0.0046206910  -0.0520229777  -0.0007001079
        0.0001501921  -0.0003709759  -0.1560025747  -0.0932734799  -0.0241100155
        0.0029971483  -0.0016475688   0.0035206577  -0.0574138371   0.0095389936
        0.0000078949   0.0072819396  -0.0194459709  -0.0183318250  -0.0263043982
       -0.0071640729   0.0488142256
       -0.0704222578  -0.0977904009   0.0039268526   0.0084933938   0.0294642789
        0.0329486299  -0.0102545654  -0.0085455583  -0.0027184149   0.2425596176
        0.3561792235   0.1266671720  -0.0188155846  -0.0089920606   0.0079284986
       -0.0296051277  -0.0259562600   0.0036806796  -0.0015075518   0.0041477415
       -0.0046869092   0.0180592054  -0.0132213409  -0.0571735046   0.0001491835
       -0.0007908427   0.0005027592  -0.1193301683  -0.1721848060  -0.0653113967
       -0.0022552336   0.0036926925  -0.0044951121   0.0095436524  -0.0632612812
       -0.0000165290  -0.0175006405  -0.0181907466  -0.0454420244  -0.0091139230
        0.0154493607   0.0041892992
        0.1167736001   0.0388208146  -0.1340169693   0.0288523030   0.0026110533
       -0.0288994282   0.0061435796   0.0085593198   0.0078191621  -0.0937423762
        0.1266671720   0.4616911700  -0.0099638442  -0.0033516809   0.0078191629
       -0.0026781124   0.0036643269   0.0041457043   0.0043755700  -0.0038721243
       -0.0050197727  -0.0109957857  -0.0268203654  -0.0288338683  -0.0003698558
        0.0005000513   0.0002353999  -0.0712926905  -0.1001987026  -0.1339024042
        0.0024163504  -0.0053213461  -0.0050185926  -0.0000195814   0.0000164409
       -0.0703101383  -0.0148024849  -0.0428486652  -0.0378286984   0.0453033281
        0.0015737057  -0.0378807270
       -0.1193599769  -0.0985460052  -0.0658734001   0.0031311250   0.0031632343
        0.0025685274  -0.0009849483  -0.0009311690  -0.0008550764  -0.0174612991
       -0.0188155846  -0.0099638442   0.1334442793   0.1189516191   0.0699309349
        0.0029087760  -0.0022478459   0.0028587989   0.0000527009   0.0017928402
       -0.0003703602   0.0000178069   0.0004755097   0.0006205643   0.0001741963
        0.0001162379   0.0002203169  -0.0020684109  -0.0054170111   0.0043287302
       -0.0005791011   0.0008655838  -0.0004732474  -0.0026882928  -0.0016490677
       -0.0026882657   0.0022329337   0.0017964197  -0.0001905891   0.0011802110
        0.0004452389  -0.0001130894
       -0.0983201773  -0.1543778776  -0.0839880344  -0.0063953229  -0.0077273609
       -0.0068211426  -0.0001689140  -0.0006474520  -0.0002889480  -0.0103923177
       -0.0089920606  -0.0033516809   0.1189516191   0.1671941680   0.0985266612
       -0.0019084698   0.0044176906  -0.0040777308   0.0011989042  -0.0009503955
        0.0014717037   0.0002715731   0.0003475220   0.0005633764  -0.0003919849
       -0.0003077868  -0.0003624694  -0.0054329091   0.0035913720  -0.0015955628
        0.0008912665  -0.0011002052   0.0006203542   0.0001104627  -0.0026437985
       -0.0004508080   0.0015343771   0.0008004188   0.0000015535   0.0000518929
        0.0003957656  -0.0002472720
       -0.0654533563  -0.0836842342  -0.0991820021  -0.0147651707  -0.0196411481
       -0.0150289490   0.0005278059   0.0007338109   0.0002606500   0.0052861648
        0.0079284986   0.0078191629   0.0699309349   0.0985266612   0.1095977189
        0.0034691333  -0.0036115727  -0.0031060212  -0.0014442646   0.0006773918
        0.0005129951   0.0002735017   0.0002908655  -0.0000040238  -0.0006994943
       -0.0010476428  -0.0007771205   0.0042980541  -0.0016131407  -0.0001890003
       -0.0004295376   0.0006524642  -0.0003432061   0.0005532671   0.0019605704
        0.0003210300  -0.0006843302  -0.0003742620  -0.0000912005  -0.0008627079
       -0.0007982622   0.0002099665
        0.0368637542  -0.0031272045  -0.0537310188  -0.1577971125  -0.0950794131
       -0.0224510509   0.0031255640  -0.0023158809   0.0024336173  -0.0441168210
       -0.0296051277  -0.0026781124   0.0029087760  -0.0019084698   0.0034691333
        0.4918404199   0.2147697972  -0.1199036793  -0.0183085151  -0.0189749024
       -0.0097598898  -0.2364594153  -0.1028429999   0.0687932762  -0.0551941922
        0.0134704883   0.0555470625  -0.0050379063   0.0347320555   0.0709232342
       -0.0173351361  -0.0089829320   0.0070686048  -0.0013213436  -0.0006867744
        0.0005316439   0.0003121869   0.0000323434  -0.0004328417   0.0005197411
        0.0005190204   0.0001900206
        0.0218455174  -0.0147766976  -0.0577340119  -0.1270425923  -0.1758518986
       -0.0649708676  -0.0019757722   0.0042006606  -0.0043777633  -0.0296085850
       -0.0259562600   0.0036643269  -0.0022478459   0.0044176906  -0.0036115727
        0.2147697972   0.3602658628   0.1621312673  -0.0086842520  -0.0087589435
       -0.0043853142  -0.0708827112  -0.0970739985   0.0024449021   0.0134697646
       -0.0635161326  -0.0752413954   0.0097690120   0.0271856083   0.0344162206
       -0.0192753044  -0.0097344754   0.0080603849  -0.0006909505  -0.0008987230
       -0.0007280221   0.0005854503   0.0003537292  -0.0000636187  -0.0000315281
        0.0001435775   0.0003954641
       -0.0085370060  -0.0243009938  -0.0316441120  -0.0803508562  -0.1077823379
       -0.1335863461   0.0030572416  -0.0039280661  -0.0031063491  -0.0026941031
        0.0036806796   0.0041457043   0.0028587989  -0.0040777308  -0.0031060212
       -0.1199036793   0.1621312673   0.5660947356   0.0089011015   0.0094094651
        0.0052062735   0.1266844344   0.0452634145  -0.1337073145   0.0555514652
       -0.0752443073  -0.2425895494   0.0257176341   0.0009932857  -0.0317079580
       -0.0115854461  -0.0057417737   0.0052074097   0.0005389061  -0.0007256803
       -0.0020688965   0.0005830807   0.0006803725   0.0004311233  -0.0008215720
       -0.0003575948   0.0004313003
       -0.0084435014  -0.0031821104   0.0070383037  -0.2005689471  -0.0735134914
        0.0908613156  -0.0005633302   0.0008607062  -0.0004977874   0.0025428015
       -0.0015075518   0.0043755700   0.0000527009   0.0011989042  -0.0014442646
       -0.0183085151  -0.0086842520   0.0089011015   0.2248540859   0.0897596883
       -0.1072275969   0.0010465882  -0.0058713437  -0.0008698958   0.0000087719
        0.0016807999  -0.0006658225   0.0007081237   0.0003807765  -0.0005105839
       -0.0009307036  -0.0006557937   0.0005082100  -0.0004018600  -0.0011021822
       -0.0018921871   0.0006121107   0.0005994498   0.0005446674  -0.0006083253
        0.0000364002   0.0008789701
        0.0063439009   0.0036968731  -0.0038203262  -0.0730192193  -0.0682990399
        0.0344415151   0.0008861364  -0.0011153765   0.0006022964  -0.0021166203
        0.0041477415  -0.0038721243   0.0017928402  -0.0009503955   0.0006773918
       -0.0189749024  -0.0087589435   0.0094094651   0.0897596883   0.0710427427
       -0.0339625377  -0.0054174307   0.0017387307  -0.0046914892   0.0012252973
       -0.0010812746   0.0013975047   0.0003245303  -0.0001493449  -0.0003682814
       -0.0011961797  -0.0003628183   0.0003393276   0.0002123954  -0.0002930768
       -0.0002435647   0.0000750623   0.0003335278   0.0001308093   0.0001045011
        0.0000506542  -0.0000399866
        0.0242856681   0.0089400306  -0.0152176714   0.0917649267   0.0351041967
       -0.0926377620  -0.0004545135   0.0006345976  -0.0003435728   0.0032621786
       -0.0046869092  -0.0050197727  -0.0003703602   0.0014717037   0.0005129951
       -0.0097598898  -0.0043853142   0.0052062735  -0.1072275969  -0.0339625377
        0.1055141190  -0.0000300433  -0.0040765573   0.0009932793  -0.0014858431
        0.0007874634   0.0006595107  -0.0006087612  -0.0004407307  -0.0001687721
       -0.0004720215  -0.0003857054   0.0002686971   0.0005372648   0.0015432238
        0.0017551730  -0.0004204396  -0.0005828459  -0.0002822252   0.0009794308
        0.0000393846  -0.0012402715
       -0.0246847077   0.0042702735   0.0321810480  -0.0404303380  -0.0491936021
       -0.0342735604  -0.0076861768   0.0064929479   0.0231002696   0.0375848388
        0.0180592054  -0.0109957857   0.0000178069   0.0002715731   0.0002735017
       -0.2364594153  -0.0708827112   0.1266844344   0.0010465882  -0.0054174307
       -0.0000300433   0.4925938046   0.2161476456  -0.1176944925  -0.0073652904
       -0.0024069192   0.0058468417  -0.0933409542  -0.0155321762   0.0350179515
       -0.1207936991  -0.0980549167  -0.0604116838   0.0007094541  -0.0044030914
        0.0015216056  -0.0008184133  -0.0002086165  -0.0014912403  -0.0003734977
        0.0008578183   0.0002711535
        0.0023931674  -0.0018805654   0.0049818846  -0.0249778672  -0.0176753296
        0.0005332153  -0.0030670403   0.0031052501   0.0083529838  -0.0046206910
       -0.0132213409  -0.0268203654   0.0004755097   0.0003475220   0.0002908655
       -0.1028429999  -0.0970739985   0.0452634145  -0.0058713437   0.0017387307
       -0.0040765573   0.2161476456   0.3609948284   0.1606463558   0.0078631941
        0.0031184911  -0.0053249208   0.0166640087  -0.0920064137  -0.1052934714
       -0.0975588952  -0.1481885488  -0.0773696320  -0.0058876293   0.0026603707
       -0.0014864526   0.0004118011  -0.0019643579  -0.0010596801   0.0008711400
        0.0000453617   0.0013623602
        0.0288196220   0.0024737984  -0.0404835560   0.0095909633   0.0329773853
        0.0473819173   0.0057675328  -0.0044677330  -0.0150450215  -0.0520229777
       -0.0571735046  -0.0288338683   0.0006205643   0.0005633764  -0.0000040238
        0.0687932762   0.0024449021  -0.1337073145  -0.0008698958  -0.0046914892
        0.0009932793  -0.1176944925   0.1606463558   0.5609620788   0.0244327374
        0.0084236851  -0.0172272132   0.0933370838  -0.0621579418  -0.2837536108
       -0.0595137423  -0.0766995511  -0.0925168742  -0.0011294307  -0.0034666695
        0.0030791232  -0.0004040701  -0.0002466518  -0.0016046348   0.0002728294
        0.0013740380   0.0007597184
        0.0008016409  -0.0053518639  -0.0001258637   0.0037407078  -0.0058250999
       -0.0152279687  -0.0003428454   0.0002755702   0.0012068537  -0.0007001079
        0.0001491835  -0.0003698558   0.0001741963  -0.0003919849  -0.0006994943
       -0.0551941922   0.0134697646   0.0555514652   0.0000087719   0.0012252973
       -0.0014858431  -0.0073652904   0.0078631941   0.0244327374   0.0611008580
       -0.0085885633  -0.0663980897  -0.0018015964  -0.0051073875   0.0038020300
       -0.0001737712   0.0017369178  -0.0003174908  -0.0007913292   0.0003848067
       -0.0007831700   0.0003437666   0.0001248778   0.0001919199   0.0001991912
        0.0000352874   0.0002227699
       -0.0059077136   0.0014009032  -0.0039360667   0.0044442042  -0.0080058621
       -0.0208954520  -0.0002329589   0.0002100163   0.0003614609   0.0001501921
       -0.0007908427   0.0005000513   0.0001162379  -0.0003077868  -0.0010476428
        0.0134704883  -0.0635161326  -0.0752443073   0.0016807999  -0.0010812746
        0.0007874634  -0.0024069192   0.0031184911   0.0084236851  -0.0085885633
        0.0664435153   0.0899292916  -0.0045516868   0.0040091939  -0.0010302476
        0.0012816457  -0.0008981767   0.0016519546   0.0003857162  -0.0010244303
        0.0010634501  -0.0000104291   0.0001484084  -0.0002936245   0.0001689866
        0.0002939777  -0.0002700161
       -0.0011265786  -0.0046789768   0.0009868545   0.0033645237  -0.0071516748
       -0.0172100239   0.0002818149  -0.0003173832  -0.0007780632  -0.0003709759
        0.0005027592   0.0002353999   0.0002203169  -0.0003624694  -0.0007771205
        0.0555470625  -0.0752413954  -0.2425895494  -0.0006658225   0.0013975047
        0.0006595107   0.0058468417  -0.0053249208  -0.0172272132  -0.0663980897
        0.0899292916   0.2749286977   0.0048074611  -0.0002918264   0.0009829284
       -0.0011410376   0.0010454584   0.0006589640  -0.0007721416   0.0010457474
        0.0010483969  -0.0000557514  -0.0004671201  -0.0004592977   0.0004623765
       -0.0000849944  -0.0004594842
       -0.0367451748  -0.0248292909   0.0046578006  -0.0019851560  -0.0027147090
       -0.0108373814  -0.2064423255  -0.0717565882   0.0992783955  -0.1560025747
       -0.1193301683  -0.0712926905  -0.0020684109  -0.0054329091   0.0042980541
       -0.0050379063   0.0097690120   0.0257176341   0.0007081237   0.0003245303
       -0.0006087612  -0.0933409542   0.0166640087   0.0933370838  -0.0018015964
       -0.0045516868   0.0048074611   0.4934526591   0.2063972826  -0.1329838556
        0.0035333655  -0.0068663656  -0.0156725115   0.0075067360   0.0003253094
       -0.0077817874   0.0012061074   0.0028129915   0.0037748816  -0.0029828928
       -0.0008114166   0.0033056768
       -0.0437856194  -0.0156940085   0.0296562986  -0.0045853091  -0.0246061043
       -0.0268229499  -0.0715308359  -0.0671669468   0.0380702054  -0.0932734799
       -0.1721848060  -0.1001987026  -0.0054170111   0.0035913720  -0.0016131407
        0.0347320555   0.0271856083   0.0009932857   0.0003807765  -0.0001493449
       -0.0004407307  -0.0155321762  -0.0920064137  -0.0621579418  -0.0051073875
        0.0040091939  -0.0002918264   0.2063972826   0.3535299757   0.1553938288
        0.0026584260  -0.0082975003  -0.0206026534  -0.0013765462  -0.0058030931
       -0.0109136930  -0.0004263262  -0.0012594148  -0.0021236421  -0.0031338492
       -0.0011485175   0.0010516621
       -0.0296580316   0.0042802359   0.0477659153  -0.0142143139  -0.0293126740
       -0.0404491712   0.0996936275   0.0383818968  -0.0993143869  -0.0241100155
       -0.0653113967  -0.1339024042   0.0043287302  -0.0015955628  -0.0001890003
        0.0709232342   0.0344162206  -0.0317079580  -0.0005105839  -0.0003682814
       -0.0001687721   0.0350179515  -0.1052934714  -0.2837536108   0.0038020300
       -0.0010302476   0.0009829284  -0.1329838556   0.1553938288   0.5746124488
        0.0015771921  -0.0078463527  -0.0151995867  -0.0108120850  -0.0131258040
       -0.0080343638  -0.0021267792  -0.0065159497  -0.0087148345  -0.0009271009
       -0.0020724417  -0.0019272041
        0.0001244925   0.0005047516   0.0005005556  -0.0014805866  -0.0046403532
        0.0047429731  -0.0000270239   0.0018175063  -0.0002240290   0.0029971483
       -0.0022552336   0.0024163504  -0.0005791011   0.0008912665  -0.0004295376
       -0.0173351361  -0.0192753044  -0.0115854461  -0.0009307036  -0.0011961797
       -0.0004720215  -0.1207936991  -0.0975588952  -0.0595137423  -0.0001737712
        0.0012816457  -0.0011410376   0.0035333655   0.0026584260   0.0015771921
        0.1346381793   0.1175114539   0.0638439821  -0.0005528782   0.0002595642
        0.0007915887   0.0000327555  -0.0000931676  -0.0002208054   0.0005469587
        0.0000945195  -0.0002860227
        0.0005611289   0.0004377831   0.0003802772  -0.0050935698   0.0042689568
       -0.0005425926   0.0012234252  -0.0008705634   0.0015787379  -0.0016475688
        0.0036926925  -0.0053213461   0.0008655838  -0.0011002052   0.0006524642
       -0.0089829320  -0.0097344754  -0.0057417737  -0.0006557937  -0.0003628183
       -0.0003857054  -0.0980549167  -0.1481885488  -0.0766995511   0.0017369178
       -0.0008981767   0.0010454584  -0.0068663656  -0.0082975003  -0.0078463527
        0.1175114539   0.1613879179   0.0924763373  -0.0010559856  -0.0001417514
        0.0017396405  -0.0001611939  -0.0005921663  -0.0008524149   0.0006198164
        0.0003988554  -0.0004831790
        0.0005989133   0.0004527015  -0.0001699826   0.0039098752  -0.0011649065
        0.0009902103  -0.0012990864   0.0007858088   0.0005125155   0.0035206577
       -0.0044951121  -0.0050185926  -0.0004732474   0.0006203542  -0.0003432061
        0.0070686048   0.0080603849   0.0052074097   0.0005082100   0.0003393276
        0.0002686971  -0.0604116838  -0.0773696320  -0.0925168742  -0.0003174908
        0.0016519546   0.0006589640  -0.0156725115  -0.0206026534  -0.0151995867
        0.0638439821   0.0924763373   0.1053771348  -0.0016298939  -0.0000596792
        0.0017551514  -0.0003258598  -0.0009255554  -0.0012393948   0.0006795306
        0.0002306698  -0.0002824458
       -0.0049498336   0.0041543134   0.0157171433  -0.0003855345  -0.0040700179
        0.0036477542  -0.0030799468  -0.0015291484  -0.0020336102  -0.0574138371
        0.0095436524  -0.0000195814  -0.0026882928   0.0001104627   0.0005532671
       -0.0013213436  -0.0006909505   0.0005389061  -0.0004018600   0.0002123954
        0.0005372648   0.0007094541  -0.0058876293  -0.0011294307  -0.0007913292
        0.0003857162  -0.0007721416   0.0075067360  -0.0013765462  -0.0108120850
       -0.0005528782  -0.0010559856  -0.0016298939   0.7234097630   0.3698057467
       -0.0461277071  -0.2605673889  -0.2127673760  -0.1223815613  -0.3994737083
       -0.1568346330   0.1639116757
        0.0024457900   0.0066620051   0.0064802947  -0.0055518354   0.0037538305
        0.0000628265   0.0002289814  -0.0022514384   0.0000464379   0.0095389936
       -0.0632612812   0.0000164409  -0.0016490677  -0.0026437985   0.0019605704
       -0.0006867744  -0.0008987230  -0.0007256803  -0.0011021822  -0.0002930768
        0.0015432238  -0.0044030914   0.0026603707  -0.0034666695   0.0003848067
       -0.0010244303   0.0010457474   0.0003253094  -0.0058030931  -0.0131258040
        0.0002595642  -0.0001417514  -0.0000596792   0.3698057467   0.4966682799
        0.0620272912  -0.1995708288  -0.2862732899  -0.1337054729  -0.1700254121
       -0.1471536035   0.0779004731
        0.0127130010   0.0042352329  -0.0080542861   0.0009761682  -0.0018871519
        0.0030776761   0.0012193143   0.0024416422   0.0003202187   0.0000078949
       -0.0000165290  -0.0703101383  -0.0026882657  -0.0004508080   0.0003210300
        0.0005316439  -0.0007280221  -0.0020688965  -0.0018921871  -0.0002435647
        0.0017551730   0.0015216056  -0.0014864526   0.0030791232  -0.0007831700
        0.0010634501   0.0010483969  -0.0077817874  -0.0109136930  -0.0080343638
        0.0007915887   0.0017396405   0.0017551514  -0.0461277071   0.0620272912
        0.3623206557  -0.0985614174  -0.1160736959  -0.1424967310   0.1400733181
        0.0602926603  -0.1427130092
       -0.0024087272  -0.0009866092   0.0022549226   0.0004916002   0.0005919003
       -0.0013954328   0.0006036779   0.0006224434   0.0010158029   0.0072819396
       -0.0175006405  -0.0148024849   0.0022329337   0.0015343771  -0.0006843302
        0.0003121869   0.0005854503   0.0005830807   0.0006121107   0.0000750623
       -0.0004204396  -0.0008184133   0.0004118011  -0.0004040701   0.0003437666
       -0.0000104291  -0.0000557514   0.0012061074  -0.0004263262  -0.0021267792
        0.0000327555  -0.0001611939  -0.0003258598  -0.2605673889  -0.1995708288
       -0.0985614174   0.3009997483   0.2760153613   0.1275834131  -0.0503222975
       -0.0611803681  -0.0126606540
       -0.0033065186  -0.0017211315   0.0002810121   0.0006036597  -0.0008202482
        0.0001423083   0.0002302681   0.0009731520   0.0005903850  -0.0194459709
       -0.0181907466  -0.0428486652   0.0017964197   0.0008004188  -0.0003742620
        0.0000323434   0.0003537292   0.0006803725   0.0005994498   0.0003335278
       -0.0005828459  -0.0002086165  -0.0019643579  -0.0002466518   0.0001248778
        0.0001484084  -0.0004671201   0.0028129915  -0.0012594148  -0.0065159497
       -0.0000931676  -0.0005921663  -0.0009255554  -0.2127673760  -0.2862732899
       -0.1160736959   0.2760153613   0.3255461928   0.1770829319  -0.0463937217
       -0.0173340739  -0.0107422636
       -0.0019691601  -0.0028514979  -0.0019261719  -0.0013827728   0.0001409521
        0.0007609182   0.0002693239   0.0000344782   0.0002089671  -0.0183318250
       -0.0454420244  -0.0378286984  -0.0001905891   0.0000015535  -0.0000912005
       -0.0004328417  -0.0000636187   0.0004311233   0.0005446674   0.0001308093
       -0.0002822252  -0.0014912403  -0.0010596801  -0.0016046348   0.0001919199
       -0.0002936245  -0.0004592977   0.0037748816  -0.0021236421  -0.0087148345
       -0.0002208054  -0.0008524149  -0.0012393948  -0.1223815613  -0.1337054729
       -0.1424967310   0.1275834131   0.1770829319   0.1728230818   0.0140365898
        0.0090012506   0.0204190983
       -0.0003680166   0.0032990133   0.0068475028  -0.0018103774   0.0000981686
        0.0003549015   0.0018578877   0.0019127745   0.0005570046  -0.0263043982
       -0.0091139230   0.0453033281   0.0011802110   0.0000518929  -0.0008627079
        0.0005197411  -0.0000315281  -0.0008215720  -0.0006083253   0.0001045011
        0.0009794308  -0.0003734977   0.0008711400   0.0002728294   0.0001991912
        0.0001689866   0.0004623765  -0.0029828928  -0.0031338492  -0.0009271009
        0.0005469587   0.0006198164   0.0006795306  -0.3994737083  -0.1700254121
        0.1400733181  -0.0503222975  -0.0463937217   0.0140365898   0.4779395241
        0.2215721406  -0.2069554313
        0.0000641704   0.0003241950   0.0001197524   0.0007157042  -0.0009725786
        0.0003123123   0.0016501906   0.0011760452   0.0005432966  -0.0071640729
        0.0154493607   0.0015737057   0.0004452389   0.0003957656  -0.0007982622
        0.0005190204   0.0001435775  -0.0003575948   0.0000364002   0.0000506542
        0.0000393846   0.0008578183   0.0000453617   0.0013740380   0.0000352874
        0.0002939777  -0.0000849944  -0.0008114166  -0.0011485175  -0.0020724417
        0.0000945195   0.0003988554   0.0002306698  -0.1568346330  -0.1471536035
        0.0602926603  -0.0611803681  -0.0173340739   0.0090012506   0.2215721406
        0.1483309806  -0.0701737771
        0.0009170290  -0.0042365917  -0.0087176391   0.0014512846   0.0011133802
       -0.0016059897   0.0000523917   0.0001804472  -0.0000915193   0.0488142256
        0.0041892992  -0.0378807270  -0.0001130894  -0.0002472720   0.0002099665
        0.0001900206   0.0003954641   0.0004313003   0.0008789701  -0.0000399866
       -0.0012402715   0.0002711535   0.0013623602   0.0007597184   0.0002227699
       -0.0002700161  -0.0004594842   0.0033056768   0.0010516621  -0.0019272041
       -0.0002860227  -0.0004831790  -0.0002824458   0.1639116757   0.0779004731
       -0.1427130092  -0.0126606540  -0.0107422636   0.0204190983  -0.2069554313
       -0.0701737771   0.1730982063
