           1           2   1.4467394079015385     
           1           4   1.4023478034671339     
           1           5  0.96903702460959051     
           2           6   1.4353271525827682     
           4           6  0.10749079356539833     
           2           7  0.96950199160660300     
           1           8  0.10946970250934454     
           6           8   1.4352886181488882     
           6           9  0.96892163908030182     
           2          10  0.10946466825742861     
           3          10  0.96901485746338079     
           4          10   1.4023357012349482     
           8          10   1.4467931139383077     
           8          11  0.96949970845976285     
           4          12  0.95963686018771877     
          12          13   1.4660223977137077     
          12          14   1.4659019074342357     
          13          14  0.21381864121620400     
