$hessian                                                                        
        0.0802279052   0.2359613331  -0.1210183029  -0.0730521624  -0.1168542479
        0.0297991612   0.0160540012  -0.0701671506  -0.0022221601  -0.0232297439
       -0.0489399346   0.0934413019
        0.2359613331  -0.0857479691   0.1708182883  -0.1169053244   0.0137589753
       -0.0330170425  -0.0701788257   0.0121777274  -0.1006456241  -0.0488771829
        0.0598112663  -0.0371556217
       -0.1210183029   0.1708182883   0.1595902290   0.0298105021  -0.0330429094
        0.0079578057  -0.0022486158  -0.1006581832  -0.0796492358   0.0934564167
       -0.0371171956  -0.0878987989
       -0.0730521624  -0.1169053244   0.0298105021   0.1314355366   0.1107355866
       -0.0178687722  -0.0234531934  -0.0008098319  -0.0214940294  -0.0349301807
        0.0069795697   0.0095522995
       -0.1168542479   0.0137589753  -0.0330429094   0.1107355866   0.0475708683
        0.0135939792   0.0007876645  -0.0375986776  -0.0006620267   0.0053309967
       -0.0237311661   0.0201109569
        0.0297991612  -0.0330170425   0.0079578057  -0.0178687722   0.0135939792
        0.0133570568  -0.0183398674   0.0015582438  -0.0094677808   0.0064094784
        0.0178648195  -0.0118470816
        0.0160540012  -0.0701788257  -0.0022486158  -0.0234531934   0.0007876645
       -0.0183398674   0.0163501095   0.0504378464   0.0235264752  -0.0089509173
        0.0189533148  -0.0029379920
       -0.0701671506   0.0121777274  -0.1006581832  -0.0008098319  -0.0375986776
        0.0015582438   0.0504378464   0.0496215825   0.1008979787   0.0205391361
       -0.0242006323  -0.0017980392
       -0.0022221601  -0.1006456241  -0.0796492358  -0.0214940294  -0.0006620267
       -0.0094677808   0.0235264752   0.1008979787   0.1264450842   0.0001897143
        0.0004096720  -0.0373280675
       -0.0232297439  -0.0488771829   0.0934564167  -0.0349301807   0.0053309967
        0.0064094784  -0.0089509173   0.0205391361   0.0001897143   0.0671108420
        0.0230070501  -0.1000556094
       -0.0489399346   0.0598112663  -0.0371171956   0.0069795697  -0.0237311661
        0.0178648195   0.0189533148  -0.0242006323   0.0004096720   0.0230070501
       -0.0118794679   0.0188427041
        0.0934413019  -0.0371556217  -0.0878987989   0.0095522995   0.0201109569
       -0.0118470816  -0.0029379920  -0.0017980392  -0.0373280675  -0.1000556094
        0.0188427041   0.1370739480
