$hessian                                                                        
        0.2452660388  -0.0687493473   0.0864001959   0.0008320882  -0.0048471139
       -0.0002481252  -0.2113598084   0.0617897021  -0.0721505486  -0.0004556785
        0.0006456456  -0.0004196728  -0.0002306330   0.0002698186   0.0002672536
       -0.0059170965   0.0027383727  -0.0027493789  -0.0299050688   0.0078210516
       -0.0114157538   0.0014983632   0.0005354357  -0.0016394564   0.0016315602
        0.0001680974   0.0009923722   0.0009792019  -0.0003713797   0.0003730511
        0.0012281871   0.0002435065   0.0011868230  -0.0041802469   0.0002450898
       -0.0008632132   0.0006130926  -0.0004888792   0.0002664532
       -0.0687493473   0.0782545134  -0.0403848161  -0.0033591246  -0.0006342776
        0.0031470290   0.0607257411  -0.0689309861   0.0306293062   0.0014878204
       -0.0010471498   0.0008724755   0.0001971160  -0.0001918070  -0.0005471712
        0.0263963778  -0.0103139376   0.0112714994  -0.0149262199   0.0052304148
       -0.0055107514  -0.0006941202  -0.0042510717   0.0043595085   0.0006555407
        0.0005243513  -0.0010167336  -0.0007347985   0.0000474246  -0.0001594240
       -0.0004783574   0.0008993642  -0.0019792052  -0.0005936460   0.0001258480
       -0.0007261673   0.0000730179   0.0002873135   0.0000444504
        0.0864001959  -0.0403848161   0.0627547094  -0.0008957747   0.0027182522
        0.0079192663  -0.0717466954   0.0308696313  -0.0644695714  -0.0007616647
        0.0006528576  -0.0003165295   0.0003022082  -0.0005302426  -0.0013755349
       -0.0123567820   0.0050546786  -0.0050209314  -0.0021142831   0.0004950135
        0.0005921124  -0.0011722466   0.0046898962   0.0046893853   0.0007954483
       -0.0011470895  -0.0017284052   0.0005221581  -0.0000503030   0.0002846341
        0.0014773414  -0.0017854250  -0.0025254081  -0.0004906829  -0.0004752699
       -0.0012086415   0.0000407775  -0.0001071831   0.0004049145
        0.0008320882  -0.0033591246  -0.0008957747   0.6678921887   0.1361008802
        0.0837289170  -0.0472735080  -0.0245342575  -0.0012433483  -0.0034774764
       -0.0041751963  -0.0016484232  -0.0068509106   0.0268669247  -0.0132343588
       -0.0128433761   0.0197504417  -0.0100059351  -0.2016985049   0.0674943462
       -0.0672160558   0.0269161904  -0.0191969853   0.0160810235   0.0012389241
        0.0013932009  -0.0002847160  -0.0847032730  -0.0136757990  -0.0035496018
       -0.0024559492  -0.0014003235  -0.0003471483  -0.3343217232  -0.1918135816
        0.0018118565  -0.0032546700   0.0065494741  -0.0031964351
       -0.0048471139  -0.0006342776   0.0027182522   0.1361008802   0.5896336968
       -0.1474721815   0.0020013907   0.0345925992  -0.0153792565  -0.0029377561
        0.0018109899   0.0023629072   0.0020779036  -0.0087289598   0.0048669717
        0.0176899529  -0.0212943906   0.0110915724   0.0196653303  -0.0963840510
        0.0239233485  -0.0413451534  -0.0342251908   0.0012675388   0.0012169926
        0.0004358654   0.0001923508   0.0284809746  -0.2276676641   0.0797444417
        0.0235923096  -0.0157596802   0.0131561366  -0.1410461145  -0.1928482146
        0.0230270090  -0.0406495966  -0.0289307227   0.0005009091
       -0.0002481252   0.0031470290   0.0079192663   0.0837289170  -0.1474721815
        0.2214386289  -0.0121070136  -0.0224263633   0.0014410938  -0.0022081833
        0.0020023063   0.0080509940  -0.0031387605   0.0113760227  -0.0036295688
       -0.0091372332   0.0116797375  -0.0125901411  -0.0477530486   0.0364958879
       -0.0778098216   0.0250717482   0.0070962665  -0.0006815677  -0.0002056889
        0.0002421746  -0.0000262200  -0.0206570708   0.0686660070  -0.0837238029
       -0.0105610622   0.0065287172  -0.0042576088  -0.0187865822   0.0096936426
       -0.0538324586   0.0160021032   0.0129707536  -0.0022987934
       -0.2113598084   0.0607257411  -0.0717466954  -0.0472735080   0.0020013907
       -0.0121070136   0.6170574007   0.0747897501   0.1038591373  -0.0041860414
        0.0021682920  -0.0037097920   0.0008222140  -0.0009430711   0.0006093225
       -0.0817273440   0.0391554926  -0.0273824321  -0.2714220556  -0.1689806115
        0.0064561256   0.0058847113   0.0232480202  -0.0077868690  -0.0019384322
       -0.0251400380   0.0105401277  -0.0064025786  -0.0089025383   0.0026203318
       -0.0000409722   0.0009306739   0.0002117544   0.0008013719   0.0006133945
       -0.0014394499  -0.0002149576   0.0003335037  -0.0001245472
        0.0617897021  -0.0689309861   0.0308696313  -0.0245342575   0.0345925992
       -0.0224263633   0.0747897501   0.5915627026  -0.1775883009   0.0009273704
        0.0012147442   0.0025018217  -0.0005018325  -0.0007620751   0.0001886615
       -0.0201856047  -0.2809360009   0.0933673704  -0.1191548515  -0.1804350941
        0.0281486250   0.0654824022  -0.0193659836   0.0248671710  -0.0007209433
       -0.0205076457   0.0068889060  -0.0216942922  -0.0279635457   0.0047032474
       -0.0235916892  -0.0241413981   0.0028274186   0.0082972892  -0.0034777376
        0.0057097345  -0.0009030431  -0.0008495791  -0.0000579232
       -0.0721505486   0.0306293062  -0.0644695714  -0.0012433483  -0.0153792565
        0.0014410938   0.1038591373  -0.1775883009   0.2066740155  -0.0032103025
        0.0027529789   0.0045792766   0.0004132780   0.0000724877   0.0001088730
       -0.0032371735   0.1090665924  -0.0836021896  -0.0138813385   0.0149635335
       -0.0441856729  -0.0249075955   0.0137936881  -0.0127129129   0.0006034119
        0.0004652558  -0.0031296646   0.0077645700   0.0080225046  -0.0036654317
        0.0101535187   0.0092022255  -0.0032332809  -0.0045658217   0.0037033577
        0.0025526315   0.0004022127   0.0002956269  -0.0003571664
       -0.0004556785   0.0014878204  -0.0007616647  -0.0034774764  -0.0029377561
       -0.0022081833  -0.0041860414   0.0009273704  -0.0032103025   0.0556516318
       -0.0143547326   0.0142069214   0.0009683928  -0.0004034229   0.0013977787
       -0.0023902790   0.0253447756  -0.0110038720  -0.0002883969  -0.0004128354
        0.0000581120  -0.0476607738   0.0142483332  -0.0096962603   0.0008928661
        0.0008500998   0.0004893702   0.0006173531  -0.0235206453   0.0096341869
       -0.0000131689   0.0001127966   0.0003525592   0.0006168951  -0.0008726132
        0.0004000215  -0.0002753240  -0.0004691905   0.0003413329
        0.0006456456  -0.0010471498   0.0006528576  -0.0041751963   0.0018109899
        0.0020023063   0.0021682920   0.0012147442   0.0027529789  -0.0143547326
        0.2650828646  -0.1018660919   0.0005482302   0.0010445845  -0.0017906509
        0.0016261105  -0.0137877021   0.0061418706  -0.0001941622   0.0012506923
       -0.0005060845   0.0148200595  -0.2301884729   0.0841207326   0.0003183075
        0.0012103832  -0.0013324595  -0.0008479667  -0.0239746521   0.0096990165
        0.0001483332  -0.0004388653  -0.0004038983  -0.0006796277  -0.0011972801
        0.0004910512  -0.0000232929  -0.0009801365   0.0000383715
       -0.0004196728   0.0008724755  -0.0003165295  -0.0016484232   0.0023629072
        0.0080509940  -0.0037097920   0.0025018217   0.0045792766   0.0142069214
       -0.1018660919   0.0689734313   0.0010099933  -0.0020468511  -0.0026118651
       -0.0014331374   0.0123478299  -0.0051506713  -0.0000468738  -0.0005695773
        0.0003521749  -0.0098064518   0.0839627031  -0.0695456036   0.0007074389
       -0.0011895076  -0.0016052102   0.0003676798   0.0037066533  -0.0010180159
        0.0003314952  -0.0004146966  -0.0012682747   0.0002770663   0.0004013621
        0.0003536573   0.0001637563  -0.0000690284  -0.0007933638
       -0.0002306330   0.0001971160   0.0003022082  -0.0068509106   0.0020779036
       -0.0031387605   0.0008222140  -0.0005018325   0.0004132780   0.0009683928
        0.0005482302   0.0010099933   0.2598045738  -0.0735215476   0.0927977612
       -0.0017091936  -0.0046738437  -0.0006418658   0.0014549741   0.0003114057
       -0.0014574093  -0.0285259333   0.0086713108  -0.0105356644  -0.0016975137
        0.0000406634  -0.0008102226  -0.2259861636   0.0666901768  -0.0793034842
       -0.0004431538   0.0005396528   0.0000679988   0.0023230481  -0.0000905953
        0.0011731625   0.0000702986  -0.0002886402   0.0001230048
        0.0002698186  -0.0001918070  -0.0005302426   0.0268669247  -0.0087289598
        0.0113760227  -0.0009430711  -0.0007620751   0.0000724877  -0.0004034229
        0.0010445845  -0.0020468511  -0.0735215476   0.0757321069  -0.0416598973
       -0.0035758027   0.0001588896   0.0022339108  -0.0007433817  -0.0041216888
        0.0041307812  -0.0145797114   0.0039728987  -0.0062314317  -0.0007896388
        0.0004163831   0.0001598931   0.0665017465  -0.0686380072   0.0341252969
        0.0017413426  -0.0013163832   0.0003647430  -0.0007540869   0.0018627596
       -0.0017701375  -0.0000691692   0.0005712989  -0.0002245753
        0.0002672536  -0.0005471712  -0.0013755349  -0.0132343588   0.0048669717
       -0.0036295688   0.0006093225   0.0001886615   0.0001088730   0.0013977787
       -0.0017906509  -0.0026118651   0.0927977612  -0.0416598973   0.0623223935
       -0.0010466355   0.0019365619   0.0068900859  -0.0010454654   0.0043991041
        0.0044374083  -0.0011352936  -0.0001132239  -0.0021550641  -0.0004727754
        0.0003753490   0.0010385608  -0.0792024856   0.0341638387  -0.0625792493
       -0.0004160100   0.0000502639  -0.0016756266   0.0014524786  -0.0015865321
       -0.0009679608   0.0000284297  -0.0002832753   0.0001975479
       -0.0059170965   0.0263963778  -0.0123567820  -0.0128433761   0.0176899529
       -0.0091372332  -0.0817273440  -0.0201856047  -0.0032371735  -0.0023902790
        0.0016261105  -0.0014331374  -0.0017091936  -0.0035758027  -0.0010466355
        0.6053822423   0.0534919655   0.1158694175   0.0190237869  -0.0154502335
        0.0108718112  -0.2625834289   0.0898163309  -0.0955040699  -0.1934505724
       -0.1132942965   0.0004342536  -0.0624483469  -0.0285313894  -0.0052354586
       -0.0024325624  -0.0044227834  -0.0008513743   0.0009782290  -0.0028022109
        0.0013613568   0.0001179415  -0.0007584165   0.0002650253
        0.0027383727  -0.0103139376   0.0050546786   0.0197504417  -0.0212943906
        0.0116797375   0.0391554926  -0.2809360009   0.1090665924   0.0253447756
       -0.0137877021   0.0123478299  -0.0046738437   0.0001588896   0.0019365619
        0.0534919655   0.5648902749  -0.1820666286  -0.0526767795  -0.0487163420
        0.0065793423   0.0306620876  -0.1001138903   0.0330520589  -0.1133948323
       -0.1240212936   0.0124388825   0.0072186738   0.0296135369  -0.0094549867
       -0.0033652219   0.0006966850   0.0019120538  -0.0046490682   0.0025420668
       -0.0021832368   0.0003979359   0.0012821038  -0.0003628857
       -0.0027493789   0.0112714994  -0.0050209314  -0.0100059351   0.0110915724
       -0.0125901411  -0.0273824321   0.0933673704  -0.0836021896  -0.0110038720
        0.0061418706  -0.0051506713  -0.0006418658   0.0022339108   0.0068900859
        0.1158694175  -0.1820666286   0.1874652769   0.0260549897   0.0164254603
        0.0017743227  -0.0714377858   0.0486093811  -0.0773929312   0.0004588807
        0.0124671565  -0.0249945786  -0.0198398005  -0.0188368927   0.0042327743
       -0.0012987622   0.0016884711   0.0067086602   0.0021226025  -0.0016979532
        0.0014025261  -0.0001460580  -0.0006952178   0.0002777971
       -0.0299050688  -0.0149262199  -0.0021142831  -0.2016985049   0.0196653303
       -0.0477530486  -0.2714220556  -0.1191548515  -0.0138813385  -0.0002883969
       -0.0001941622  -0.0000468738   0.0014549741  -0.0007433817  -0.0010454654
        0.0190237869  -0.0526767795   0.0260549897   0.6174497198   0.1102529184
        0.0938979700  -0.0377743700  -0.0011272495  -0.0086981936   0.0011713827
        0.0011298821  -0.0015700843   0.0116365218   0.0450585142  -0.0148122132
       -0.0477789232   0.0168773131  -0.0125302717  -0.0657654282  -0.0055085284
       -0.0190657145   0.0038963624   0.0013472144   0.0015645270
        0.0078210516   0.0052304148   0.0004950135   0.0674943462  -0.0963840510
        0.0364958879  -0.1689806115  -0.1804350941   0.0149635335  -0.0004128354
        0.0012506923  -0.0005695773   0.0003114057  -0.0041216888   0.0043991041
       -0.0154502335  -0.0487163420   0.0164254603   0.1102529184   0.5563033818
       -0.1608510374  -0.0136398947  -0.0001095093  -0.0047378553  -0.0003020495
       -0.0035952569   0.0035864438   0.0248035155  -0.0091585710   0.0094814900
        0.0176697319  -0.2290109271   0.0870612939  -0.0279659455   0.0073788748
       -0.0041631472  -0.0016013991   0.0013680764  -0.0025866098
       -0.0114157538  -0.0055107514   0.0005921124  -0.0672160558   0.0239233485
       -0.0778098216   0.0064561256   0.0281486250  -0.0441856729   0.0000581120
       -0.0005060845   0.0003521749  -0.0014574093   0.0041307812   0.0044374083
        0.0108718112   0.0065793423   0.0017743227   0.0938979700  -0.1608510374
        0.1800215599  -0.0036142941  -0.0014697246  -0.0033288885  -0.0009906353
        0.0039574861   0.0035320194  -0.0065409418   0.0148396959  -0.0095770972
       -0.0128068018   0.0868836580  -0.0651517934  -0.0099729446   0.0017009443
        0.0118996116   0.0027308175  -0.0018262834  -0.0025559357
        0.0014983632  -0.0006941202  -0.0011722466   0.0269161904  -0.0413451534
        0.0250717482   0.0058847113   0.0654824022  -0.0249075955  -0.0476607738
        0.0148200595  -0.0098064518  -0.0285259333  -0.0145797114  -0.0011352936
       -0.2625834289   0.0306620876  -0.0714377858  -0.0377743700  -0.0136398947
       -0.0036142941   0.6481328166   0.0711683190   0.1134742865  -0.0260912285
        0.0061163217  -0.0085961177  -0.2769550016  -0.1245585733  -0.0133506952
       -0.0012495137  -0.0002659336  -0.0002816183  -0.0018633553   0.0046440731
       -0.0029139222   0.0002715237   0.0021901236  -0.0013300139
        0.0005354357  -0.0042510717   0.0046898962  -0.0191969853  -0.0342251908
        0.0070962665   0.0232480202  -0.0193659836   0.0137936881   0.0142483332
       -0.2301884729   0.0839627031   0.0086713108   0.0039728987  -0.0001132239
        0.0898163309  -0.1001138903   0.0486093811  -0.0011272495  -0.0001095093
       -0.0014697246   0.0711683190   0.5660989286  -0.1680153970  -0.0179924178
        0.0033922479  -0.0073460987  -0.1715056377  -0.1838363481   0.0158677636
       -0.0004169648   0.0010734261  -0.0005342751   0.0041261397  -0.0020730307
        0.0027337653  -0.0015746346  -0.0003740040   0.0007252555
       -0.0016394564   0.0043595085   0.0046893853   0.0160810235   0.0012675388
       -0.0006815677  -0.0077868690   0.0248671710  -0.0127129129  -0.0096962603
        0.0841207326  -0.0695456036  -0.0105356644  -0.0062314317  -0.0021550641
       -0.0955040699   0.0330520589  -0.0773929312  -0.0086981936  -0.0047378553
       -0.0033288885   0.1134742865  -0.1680153970   0.2052885046   0.0012401014
       -0.0009905976  -0.0022733026   0.0058536047   0.0282362245  -0.0439204398
       -0.0001736187  -0.0004867071   0.0002005145  -0.0027030881   0.0028620522
        0.0001059711   0.0000882044   0.0016967023   0.0017263349
        0.0016315602   0.0006555407   0.0007954483   0.0012389241   0.0012169926
       -0.0002056889  -0.0019384322  -0.0007209433   0.0006034119   0.0008928661
        0.0003183075   0.0007074389  -0.0016975137  -0.0007896388  -0.0004727754
       -0.1934505724  -0.1133948323   0.0004588807   0.0011713827  -0.0003020495
       -0.0009906353  -0.0260912285  -0.0179924178   0.0012401014   0.2223386502
        0.1295610685   0.0009802487  -0.0035838551   0.0023410047  -0.0032231053
       -0.0000258692  -0.0005159727  -0.0001661332  -0.0006486793  -0.0000519150
        0.0000255811   0.0001627672  -0.0003251446   0.0002472270
        0.0001680974   0.0005243513  -0.0011470895   0.0013932009   0.0004358654
        0.0002421746  -0.0251400380  -0.0205076457   0.0004652558   0.0008500998
        0.0012103832  -0.0011895076   0.0000406634   0.0004163831   0.0003753490
       -0.1132942965  -0.1240212936   0.0124671565   0.0011298821  -0.0035952569
        0.0039574861   0.0061163217   0.0033922479  -0.0009905976   0.1295610685
        0.1430450049  -0.0165660450   0.0009929596   0.0006562659   0.0020419019
       -0.0013734612  -0.0013585056   0.0007643063  -0.0006143200  -0.0000647966
       -0.0004059037   0.0001698222  -0.0001330034  -0.0000144866
        0.0009923722  -0.0010167336  -0.0017284052  -0.0002847160   0.0001923508
       -0.0000262200   0.0105401277   0.0068889060  -0.0031296646   0.0004893702
       -0.0013324595  -0.0016052102  -0.0008102226   0.0001598931   0.0010385608
        0.0004342536   0.0124388825  -0.0249945786  -0.0015700843   0.0035864438
        0.0035320194  -0.0085961177  -0.0073460987  -0.0022733026   0.0009802487
       -0.0165660450   0.0254775963  -0.0026678247   0.0024026842   0.0033594223
        0.0001823425   0.0009901650   0.0010534033   0.0002624100  -0.0002485895
       -0.0004956307   0.0000478404  -0.0001493991  -0.0002079901
        0.0009792019  -0.0007347985   0.0005221581  -0.0847032730   0.0284809746
       -0.0206570708  -0.0064025786  -0.0216942922   0.0077645700   0.0006173531
       -0.0008479667   0.0003676798  -0.2259861636   0.0665017465  -0.0792024856
       -0.0624483469   0.0072186738  -0.0198398005   0.0116365218   0.0248035155
       -0.0065409418  -0.2769550016  -0.1715056377   0.0058536047  -0.0035838551
        0.0009929596  -0.0026678247   0.6555230423   0.1071345710   0.1041971389
       -0.0040868548   0.0025032816  -0.0036323977  -0.0002520318  -0.0357278603
        0.0140139936  -0.0043380137  -0.0071251672  -0.0001786239
       -0.0003713797   0.0000474246  -0.0000503030  -0.0136757990  -0.2276676641
        0.0686660070  -0.0089025383  -0.0279635457   0.0080225046  -0.0235206453
       -0.0239746521   0.0037066533   0.0666901768  -0.0686380072   0.0341638387
       -0.0285313894   0.0296135369  -0.0188368927   0.0450585142  -0.0091585710
        0.0148396959  -0.1245585733  -0.1838363481   0.0282362245   0.0023410047
        0.0006562659   0.0024026842   0.1071345710   0.5533683363  -0.1587821802
        0.0012973225   0.0015579879   0.0021167438  -0.0189218027  -0.0405100456
        0.0122404201  -0.0040394616  -0.0034947178   0.0032746038
        0.0003730511  -0.0001594240   0.0002846341  -0.0035496018   0.0797444417
       -0.0837238029   0.0026203318   0.0047032474  -0.0036654317   0.0096341869
        0.0096990165  -0.0010180159  -0.0793034842   0.0341252969  -0.0625792493
       -0.0052354586  -0.0094549867   0.0042327743  -0.0148122132   0.0094814900
       -0.0095770972  -0.0133506952   0.0158677636  -0.0439204398  -0.0032231053
        0.0020419019   0.0033594223   0.1041971389  -0.1587821802   0.1862029074
       -0.0031605418   0.0024415358   0.0041152705   0.0071967116   0.0078364661
        0.0004924654  -0.0013863201   0.0024554310   0.0057965627
        0.0012281871  -0.0004783574   0.0014773414  -0.0024559492   0.0235923096
       -0.0105610622  -0.0000409722  -0.0235916892   0.0101535187  -0.0000131689
        0.0001483332   0.0003314952  -0.0004431538   0.0017413426  -0.0004160100
       -0.0024325624  -0.0033652219  -0.0012987622  -0.0477789232   0.0176697319
       -0.0128068018  -0.0012495137  -0.0004169648  -0.0001736187  -0.0000258692
       -0.0013734612   0.0001823425  -0.0040868548   0.0012973225  -0.0031605418
        0.0550251684  -0.0160000866   0.0156532287   0.0024313301   0.0021878336
       -0.0001801197  -0.0001577183  -0.0014110923   0.0007989899
        0.0002435065   0.0008993642  -0.0017854250  -0.0014003235  -0.0157596802
        0.0065287172   0.0009306739  -0.0241413981   0.0092022255   0.0001127966
       -0.0004388653  -0.0004146966   0.0005396528  -0.0013163832   0.0000502639
       -0.0044227834   0.0006966850   0.0016884711   0.0168773131  -0.2290109271
        0.0868836580  -0.0002659336   0.0010734261  -0.0004867071  -0.0005159727
       -0.0013585056   0.0009901650   0.0025032816   0.0015579879   0.0024415358
       -0.0160000866   0.2640703887  -0.1034225813   0.0009230192   0.0021918287
       -0.0007571848   0.0004748562   0.0015360788  -0.0009184418
        0.0011868230  -0.0019792052  -0.0025254081  -0.0003471483   0.0131561366
       -0.0042576088   0.0002117544   0.0028274186  -0.0032332809   0.0003525592
       -0.0004038983  -0.0012682747   0.0000679988   0.0003647430  -0.0016756266
       -0.0008513743   0.0019120538   0.0067086602  -0.0125302717   0.0870612939
       -0.0651517934  -0.0002816183  -0.0005342751   0.0002005145  -0.0001661332
        0.0007643063   0.0010534033  -0.0036323977   0.0021167438   0.0041152705
        0.0156532287  -0.1034225813   0.0664758722   0.0003047266  -0.0004485226
       -0.0000037960   0.0000318528  -0.0014142137  -0.0004379322
       -0.0041802469  -0.0005936460  -0.0004906829  -0.3343217232  -0.1410461145
       -0.0187865822   0.0008013719   0.0082972892  -0.0045658217   0.0006168951
       -0.0006796277   0.0002770663   0.0023230481  -0.0007540869   0.0014524786
        0.0009782290  -0.0046490682   0.0021226025  -0.0657654282  -0.0279659455
       -0.0099729446  -0.0018633553   0.0041261397  -0.0027030881  -0.0006486793
       -0.0006143200   0.0002624100  -0.0002520318  -0.0189218027   0.0071967116
        0.0024313301   0.0009230192   0.0003047266   0.4545911408   0.1450639788
        0.0491249629  -0.0547105504   0.0368141846  -0.0242218390
        0.0002450898   0.0001258480  -0.0004752699  -0.1918135816  -0.1928482146
        0.0096936426   0.0006133945  -0.0034777376   0.0037033577  -0.0008726132
       -0.0011972801   0.0004013621  -0.0000905953   0.0018627596  -0.0015865321
       -0.0028022109   0.0025420668  -0.0016979532  -0.0055085284   0.0073788748
        0.0017009443   0.0046440731  -0.0020730307   0.0028620522  -0.0000519150
       -0.0000647966  -0.0002485895  -0.0357278603  -0.0405100456   0.0078364661
        0.0021878336   0.0021918287  -0.0004485226   0.1450639788   0.4979180891
       -0.1464323468   0.0841129347  -0.2718483617   0.1246913892
       -0.0008632132  -0.0007261673  -0.0012086415   0.0018118565   0.0230270090
       -0.0538324586  -0.0014394499   0.0057097345   0.0025526315   0.0004000215
        0.0004910512   0.0003536573   0.0011731625  -0.0017701375  -0.0009679608
        0.0013613568  -0.0021832368   0.0014025261  -0.0190657145  -0.0041631472
        0.0118996116  -0.0029139222   0.0027337653   0.0001059711   0.0000255811
       -0.0004059037  -0.0004956307   0.0140139936   0.0122404201   0.0004924654
       -0.0001801197  -0.0007571848  -0.0000037960   0.0491249629  -0.1464323468
        0.1163477928  -0.0434485153   0.1122361441  -0.0766461683
        0.0006130926   0.0000730179   0.0000407775  -0.0032546700  -0.0406495966
        0.0160021032  -0.0002149576  -0.0009030431   0.0004022127  -0.0002753240
       -0.0000232929   0.0001637563   0.0000702986  -0.0000691692   0.0000284297
        0.0001179415   0.0003979359  -0.0001460580   0.0038963624  -0.0016013991
        0.0027308175   0.0002715237  -0.0015746346   0.0000882044   0.0001627672
        0.0001698222   0.0000478404  -0.0043380137  -0.0040394616  -0.0013863201
       -0.0001577183   0.0004748562   0.0000318528  -0.0547105504   0.0841129347
       -0.0434485153   0.0578192480  -0.0363679699   0.0254448990
       -0.0004888792   0.0002873135  -0.0001071831   0.0065494741  -0.0289307227
        0.0129707536   0.0003335037  -0.0008495791   0.0002956269  -0.0004691905
       -0.0009801365  -0.0000690284  -0.0002886402   0.0005712989  -0.0002832753
       -0.0007584165   0.0012821038  -0.0006952178   0.0013472144   0.0013680764
       -0.0018262834   0.0021901236  -0.0003740040   0.0016967023  -0.0003251446
       -0.0001330034  -0.0001493991  -0.0071251672  -0.0034947178   0.0024554310
       -0.0014110923   0.0015360788  -0.0014142137   0.0368141846  -0.2718483617
        0.1122361441  -0.0363679699   0.3015656540  -0.1251100571
        0.0002664532   0.0000444504   0.0004049145  -0.0031964351   0.0005009091
       -0.0022987934  -0.0001245472  -0.0000579232  -0.0003571664   0.0003413329
        0.0000383715  -0.0007933638   0.0001230048  -0.0002245753   0.0001975479
        0.0002650253  -0.0003628857   0.0002777971   0.0015645270  -0.0025866098
       -0.0025559357  -0.0013300139   0.0007252555   0.0017263349   0.0002472270
       -0.0000144866  -0.0002079901  -0.0001786239   0.0032746038   0.0057965627
        0.0007989899  -0.0009184418  -0.0004379322  -0.0242218390   0.1246913892
       -0.0766461683   0.0254448990  -0.1251100571   0.0748941928
