           1           3  0.97037444550560914     
           3           6   1.3895509961987893     
           2           7   1.2163319966283495     
           3           7   1.5069214706569511     
           4           8  0.97086437312243579     
           6           8   1.3768525053375487     
           6           9  0.97282880642302316     
           2          10   1.2196097666339532     
           5          10  0.97150408181625991     
           8          10   1.5225807288111630     
           7          11  0.96677847870972067     
           2          12   1.4581538846410655     
           7          12  0.10224721861790186     
          12          13  0.97561577504432750     
