$hessian                                                                        
        0.2503125275  -0.0721046022   0.0891042669   0.0018486237  -0.0039579637
       -0.0002838498  -0.2163994208   0.0650244582  -0.0748183794  -0.0006579081
        0.0008743988  -0.0005490632  -0.0006108233   0.0003902318   0.0001285905
       -0.0060373442   0.0023449717  -0.0026201019  -0.0291567120   0.0086469586
       -0.0115068747   0.0026671262   0.0005795512  -0.0014136390   0.0011066454
        0.0001206186   0.0008770762   0.0007841810  -0.0011265302   0.0006422111
        0.0008433042   0.0001354404   0.0010980767  -0.0053605570  -0.0001862020
       -0.0010526242   0.0006603573  -0.0007413312   0.0003943109
       -0.0721046022   0.0792624659  -0.0417008143  -0.0035413663  -0.0005472083
        0.0030017941   0.0644845940  -0.0693328641   0.0318144757   0.0015288734
       -0.0013159344   0.0009652648   0.0003383680  -0.0002870273  -0.0004869695
        0.0262173545  -0.0100890730   0.0111266152  -0.0151939999   0.0049652262
       -0.0055397630  -0.0009304604  -0.0040914211   0.0043315350   0.0005887357
        0.0002408092  -0.0009342003  -0.0006486512   0.0002314737  -0.0002104976
       -0.0003606692   0.0006715074  -0.0017930623  -0.0004204215   0.0000950913
       -0.0006249680   0.0000422450   0.0001969547   0.0000505901
        0.0891042669  -0.0417008143   0.0639904659  -0.0004572437   0.0028829201
        0.0077760214  -0.0746093710   0.0319273513  -0.0655782818  -0.0008169315
        0.0007994352  -0.0004471752   0.0001484077  -0.0004726214  -0.0014577767
       -0.0123425562   0.0048507087  -0.0049534087  -0.0017927722   0.0007356266
        0.0003886251  -0.0008129377   0.0047330549   0.0049772347   0.0006926892
       -0.0010504578  -0.0018131582   0.0004438217  -0.0003516545   0.0003631921
        0.0012898950  -0.0016589642  -0.0024924796  -0.0009156644  -0.0005423202
       -0.0011317639   0.0000683962  -0.0001522645   0.0003785048
        0.0018486237  -0.0035413663  -0.0004572437   0.6434141446   0.1109366760
        0.0881769897  -0.0516149517  -0.0298110760  -0.0003421613  -0.0030420725
       -0.0030573925  -0.0020330099  -0.0069977197   0.0275346274  -0.0134895304
       -0.0118065988   0.0221441830  -0.0106782162  -0.2045573543   0.0722217774
       -0.0700292957   0.0231656050  -0.0205625683   0.0155063154   0.0023769481
        0.0021691069  -0.0002967535  -0.0835716565  -0.0102774079  -0.0044957746
       -0.0019287786  -0.0015690735  -0.0001750788  -0.3038763028  -0.1774339100
        0.0033776107  -0.0034098867   0.0112464238  -0.0050638516
       -0.0039579637  -0.0005472083   0.0028829201   0.1109366760   0.5831299164
       -0.1519706404   0.0013610011   0.0341116796  -0.0152380943  -0.0029099367
        0.0023982557   0.0020594329   0.0017516849  -0.0085125223   0.0046768175
        0.0203532767  -0.0224816442   0.0122600376   0.0233792716  -0.0984064898
        0.0257700639  -0.0472479494  -0.0359672099   0.0005080598   0.0018445560
        0.0010350205   0.0001600825   0.0325936475  -0.2302228199   0.0817993239
        0.0243641268  -0.0161964658   0.0134809409  -0.1217007123  -0.1827554224
        0.0245667991  -0.0407676785  -0.0255850898  -0.0009557435
       -0.0002838498   0.0030017941   0.0077760214   0.0881769897  -0.1519706404
        0.2231746554  -0.0130549804  -0.0234680207   0.0018958306  -0.0020885943
        0.0020148948   0.0079463766  -0.0030361125   0.0114414751  -0.0036809452
       -0.0099183105   0.0127414771  -0.0133251420  -0.0501318196   0.0386287792
       -0.0790946143   0.0263779544   0.0075532682  -0.0002268455  -0.0001745663
        0.0002337955   0.0000072643  -0.0219116054   0.0705636631  -0.0849299833
       -0.0107277077   0.0066668017  -0.0043585805  -0.0192951030   0.0098036746
       -0.0528474161   0.0160677054   0.0127890377  -0.0023366215
       -0.2163994208   0.0644845940  -0.0746093710  -0.0516149517   0.0013610011
       -0.0130549804   0.6204725534   0.0668718886   0.1078552389  -0.0039665047
        0.0024788723  -0.0038514498   0.0007423191  -0.0006069373   0.0004628802
       -0.0830728139   0.0415844019  -0.0283235107  -0.2686857914  -0.1693435686
        0.0073744236   0.0075730125   0.0231434451  -0.0073800225  -0.0012961699
       -0.0245632083   0.0103659143  -0.0068498043  -0.0104037777   0.0031405463
        0.0004482589   0.0024962268  -0.0003182563   0.0029550703   0.0011668444
       -0.0011142592  -0.0003057575   0.0013302177  -0.0005471535
        0.0650244582  -0.0693328641   0.0319273513  -0.0298110760   0.0341116796
       -0.0234680207   0.0668718886   0.5898976330  -0.1786951677   0.0010030237
        0.0022552411   0.0021170618  -0.0011013138  -0.0000664899  -0.0002548096
       -0.0227157218  -0.2840479989   0.0934794469  -0.1121012788  -0.1789853687
        0.0290544812   0.0695910585  -0.0190670662   0.0260575332   0.0001641710
       -0.0191877484   0.0067048421  -0.0223848539  -0.0315720853   0.0058945307
       -0.0234741563  -0.0219106541   0.0019540809   0.0098578102  -0.0025586174
        0.0057724891  -0.0009240097   0.0004643394  -0.0005438191
       -0.0748183794   0.0318144757  -0.0655782818  -0.0003421613  -0.0152380943
        0.0018958306   0.1078552389  -0.1786951677   0.2089579941  -0.0032383419
        0.0024828734   0.0048947387   0.0006499251  -0.0001504639   0.0002041060
       -0.0021499995   0.1104533336  -0.0853563968  -0.0159506037   0.0139624909
       -0.0449620794  -0.0262639598   0.0138115939  -0.0126499842   0.0003112390
        0.0002189706  -0.0027428843   0.0079951468   0.0090290856  -0.0042377400
        0.0102278369   0.0087349957  -0.0029748704  -0.0046378654   0.0035195542
        0.0027267152   0.0003619243   0.0000563524  -0.0001771478
       -0.0006579081   0.0015288734  -0.0008169315  -0.0030420725  -0.0029099367
       -0.0020885943  -0.0039665047   0.0010030237  -0.0032383419   0.0550174077
       -0.0155949925   0.0145635783   0.0006727309  -0.0003551777   0.0012665316
       -0.0023631646   0.0250176950  -0.0108725978  -0.0003396976  -0.0003554015
        0.0000301654  -0.0463191253   0.0157788846  -0.0099640377   0.0005768095
        0.0007528838   0.0004538290   0.0005249810  -0.0235995311   0.0096498824
       -0.0001064147   0.0001345585   0.0003309634   0.0002404978  -0.0009231595
        0.0003456761  -0.0002375393  -0.0004777200   0.0003398771
        0.0008743988  -0.0013159344   0.0007994352  -0.0030573925   0.0023982557
        0.0020148948   0.0024788723   0.0022552411   0.0024828734  -0.0155949925
        0.2723107004  -0.1051894165   0.0004661341   0.0007056934  -0.0016294831
        0.0011883643  -0.0136703678   0.0059791869  -0.0009820231   0.0013598822
       -0.0007614738   0.0158969059  -0.2376317596   0.0874865770   0.0002050544
        0.0007398082  -0.0011678155  -0.0001379546  -0.0233022422   0.0095754751
        0.0001329095  -0.0009432425  -0.0002280971  -0.0014486100  -0.0015576248
        0.0004320595  -0.0000216664  -0.0013484095   0.0002057843
       -0.0005490632   0.0009652648  -0.0004471752  -0.0020330099   0.0020594329
        0.0079463766  -0.0038514498   0.0021170618   0.0048947387   0.0145635783
       -0.1051894165   0.0704167213   0.0009440250  -0.0018438480  -0.0026013974
       -0.0011950047   0.0122574313  -0.0050513056   0.0002949840  -0.0005756940
        0.0004363992  -0.0099699603   0.0874191536  -0.0710230236   0.0006590621
       -0.0010387481  -0.0016675644   0.0000529061   0.0033663754  -0.0010733247
        0.0003279583  -0.0002396357  -0.0013929769   0.0005881469   0.0006127501
        0.0003524457   0.0001678273   0.0000898725  -0.0007899136
       -0.0006108233   0.0003383680   0.0001484077  -0.0069977197   0.0017516849
       -0.0030361125   0.0007423191  -0.0011013138   0.0006499251   0.0006727309
        0.0004661341   0.0009440250   0.2599274760  -0.0724504569   0.0922319361
       -0.0023532713  -0.0041198769  -0.0010524108   0.0020385863   0.0002853552
       -0.0013281450  -0.0264631545   0.0094381373  -0.0103247747  -0.0022921239
       -0.0000871439  -0.0008672968  -0.2257247521   0.0647690062  -0.0782935461
       -0.0006171017   0.0010514211  -0.0002336600   0.0014977890  -0.0003707412
        0.0011370546   0.0001800452   0.0000294258   0.0000245974
        0.0003902318  -0.0002870273  -0.0004726214   0.0275346274  -0.0085125223
        0.0114414751  -0.0006069373  -0.0000664899  -0.0001504639  -0.0003551777
        0.0007056934  -0.0018438480  -0.0724504569   0.0753773585  -0.0410797190
       -0.0033895300  -0.0001663799   0.0024597737  -0.0012361938  -0.0038824890
        0.0039679962  -0.0150803842   0.0041186460  -0.0063938716  -0.0007221246
        0.0003256217   0.0001507924   0.0652143979  -0.0676199211   0.0331689840
        0.0017802354  -0.0017623957   0.0006238821  -0.0010281026   0.0015638193
       -0.0018002923  -0.0000505855   0.0002060863  -0.0000720871
        0.0001285905  -0.0004869695  -0.0014577767  -0.0134895304   0.0046768175
       -0.0036809452   0.0004628802  -0.0002548096   0.0002041060   0.0012665316
       -0.0016294831  -0.0026013974   0.0922319361  -0.0410797190   0.0622402280
       -0.0013287929   0.0022526912   0.0067878436  -0.0007389274   0.0043628318
        0.0046717010  -0.0003633962   0.0000466208  -0.0019944280  -0.0006127818
        0.0003169155   0.0008742657  -0.0784568202   0.0330349533  -0.0622731942
       -0.0005237123   0.0004339025  -0.0016849465   0.0013686163  -0.0016402970
       -0.0012020642   0.0000554066  -0.0000334543   0.0001166079
       -0.0060373442   0.0262173545  -0.0123425562  -0.0118065988   0.0203532767
       -0.0099183105  -0.0830728139  -0.0227157218  -0.0021499995  -0.0023631646
        0.0011883643  -0.0011950047  -0.0023532713  -0.0033895300  -0.0013287929
        0.6132202151   0.0568799228   0.1152448412   0.0213953692  -0.0148560619
        0.0112715664  -0.2647866135   0.0929356947  -0.0969531043  -0.1990033025
       -0.1172950083   0.0010988454  -0.0623401967  -0.0312770641  -0.0041452231
       -0.0026481643  -0.0040140793  -0.0011144679  -0.0005064656  -0.0030660128
        0.0011132936   0.0003023509  -0.0009611349   0.0004189124
        0.0023449717  -0.0100890730   0.0048507087   0.0221441830  -0.0224816442
        0.0127414771   0.0415844019  -0.2840479989   0.1104533336   0.0250176950
       -0.0136703678   0.0122574313  -0.0041198769  -0.0001663799   0.0022526912
        0.0568799228   0.5709320157  -0.1818199771  -0.0561441462  -0.0478093230
        0.0053397411   0.0288418213  -0.1018819930   0.0325900650  -0.1173427286
       -0.1266510645   0.0117822829   0.0086023886   0.0330213145  -0.0104345883
       -0.0033537466  -0.0001847607   0.0023184775  -0.0047968722   0.0022835408
       -0.0021515278   0.0003419860   0.0007457341  -0.0001801152
       -0.0026201019   0.0111266152  -0.0049534087  -0.0106782162   0.0122600376
       -0.0133251420  -0.0283235107   0.0934794469  -0.0853563968  -0.0108725978
        0.0059791869  -0.0050513056  -0.0010524108   0.0024597737   0.0067878436
        0.1152448412  -0.1818199771   0.1919436459   0.0280794775   0.0162381531
        0.0024308616  -0.0708508657   0.0494884946  -0.0791290434   0.0011265153
        0.0117850628  -0.0263074655  -0.0204338486  -0.0209563241   0.0049688463
       -0.0013906340   0.0021804503   0.0065429215   0.0018417484  -0.0016738773
        0.0012390467  -0.0000703967  -0.0005470425   0.0002095965
       -0.0291567120  -0.0151939999  -0.0017927722  -0.2045573543   0.0233792716
       -0.0501318196  -0.2686857914  -0.1121012788  -0.0159506037  -0.0003396976
       -0.0009820231   0.0002949840   0.0020385863  -0.0012361938  -0.0007389274
        0.0213953692  -0.0561441462   0.0280794775   0.6201290692   0.1076302165
        0.0955522500  -0.0413458580  -0.0014288602  -0.0094636633   0.0007804511
        0.0004106596  -0.0014714651   0.0122435120   0.0479592547  -0.0158179405
       -0.0475836017   0.0138628453  -0.0111343728  -0.0688955835  -0.0056060765
       -0.0196279446   0.0039776107  -0.0005496693   0.0022027979
        0.0086469586   0.0049652262   0.0007356266   0.0722217774  -0.0984064898
        0.0386287792  -0.1693435686  -0.1789853687   0.0139624909  -0.0003554015
        0.0013598822  -0.0005756940   0.0002853552  -0.0038824890   0.0043628318
       -0.0148560619  -0.0478093230   0.0162381531   0.1076302165   0.5525626671
       -0.1595018015  -0.0135623416  -0.0003614912  -0.0047726222  -0.0001163496
       -0.0033351108   0.0036736259   0.0243130945  -0.0088768497   0.0092774470
        0.0156423007  -0.2256132832   0.0850711283  -0.0288120623   0.0066026999
       -0.0044574738  -0.0016939175   0.0017799301  -0.0026424912
       -0.0115068747  -0.0055397630   0.0003886251  -0.0700292957   0.0257700639
       -0.0790946143   0.0073744236   0.0290544812  -0.0449620794   0.0000301654
       -0.0007614738   0.0004363992  -0.0013281450   0.0039679962   0.0046717010
        0.0112715664   0.0053397411   0.0024308616   0.0955522500  -0.1595018015
        0.1811985247  -0.0045368366  -0.0015600646  -0.0037948027  -0.0012502321
        0.0037945843   0.0038339082  -0.0061830241   0.0155151508  -0.0097014505
       -0.0118393717   0.0846345203  -0.0643405969  -0.0102363977   0.0016123028
        0.0109441980   0.0026817721  -0.0023257377  -0.0020106740
        0.0026671262  -0.0009304604  -0.0008129377   0.0231656050  -0.0472479494
        0.0263779544   0.0075730125   0.0695910585  -0.0262639598  -0.0463191253
        0.0158969059  -0.0099699603  -0.0264631545  -0.0150803842  -0.0003633962
       -0.2647866135   0.0288418213  -0.0708508657  -0.0413458580  -0.0135623416
       -0.0045368366   0.6425382883   0.0661471340   0.1138349992  -0.0244290283
        0.0067816036  -0.0085177449  -0.2741962625  -0.1177914815  -0.0151814495
       -0.0006214641  -0.0010371037   0.0002421309   0.0024574221   0.0056958310
       -0.0022784083  -0.0002399480   0.0026953664  -0.0016795254
        0.0005795512  -0.0040914211   0.0047330549  -0.0205625683  -0.0359672099
        0.0075532682   0.0231434451  -0.0190670662   0.0138115939   0.0157788846
       -0.2376317596   0.0874191536   0.0094381373   0.0041186460   0.0000466208
        0.0929356947  -0.1018819930   0.0494884946  -0.0014288602  -0.0003614912
       -0.0015600646   0.0661471340   0.5742617327  -0.1721939420  -0.0176845900
        0.0037052311  -0.0072422553  -0.1719345841  -0.1828366473   0.0149832547
       -0.0002482442   0.0011965643  -0.0005558927   0.0055201589  -0.0013745949
        0.0029790250  -0.0016841590  -0.0000699909   0.0005376889
       -0.0014136390   0.0043315350   0.0049772347   0.0155063154   0.0005080598
       -0.0002268455  -0.0073800225   0.0260575332  -0.0126499842  -0.0099640377
        0.0874865770  -0.0710230236  -0.0103247747  -0.0063938716  -0.0019944280
       -0.0969531043   0.0325900650  -0.0791290434  -0.0094636633  -0.0047726222
       -0.0037948027   0.1138349992  -0.1721939420   0.2082304545   0.0014723861
       -0.0007895468  -0.0019452353   0.0068755241   0.0292079368  -0.0448970517
       -0.0000554820  -0.0007581767   0.0002721194  -0.0021706456   0.0030567400
        0.0005456592   0.0000361443   0.0016697126   0.0016349465
        0.0011066454   0.0005887357   0.0006926892   0.0023769481   0.0018445560
       -0.0001745663  -0.0012961699   0.0001641710   0.0003112390   0.0005768095
        0.0002050544   0.0006590621  -0.0022921239  -0.0007221246  -0.0006127818
       -0.1990033025  -0.1173427286   0.0011265153   0.0007804511  -0.0001163496
       -0.0012502321  -0.0244290283  -0.0176845900   0.0014723861   0.2274539668
        0.1332455197   0.0005578540  -0.0035843983   0.0015900558  -0.0029880314
       -0.0002201105  -0.0008680837  -0.0000379101  -0.0016960650  -0.0003929559
       -0.0000983956   0.0002263774  -0.0005112603   0.0003421715
        0.0001206186   0.0002408092  -0.0010504578   0.0021691069   0.0010350205
        0.0002337955  -0.0245632083  -0.0191877484   0.0002189706   0.0007528838
        0.0007398082  -0.0010387481  -0.0000871439   0.0003256217   0.0003169155
       -0.1172950083  -0.1266510645   0.0117850628   0.0004106596  -0.0033351108
        0.0037945843   0.0067816036   0.0037052311  -0.0007895468   0.1332455197
        0.1453823517  -0.0162446188   0.0009774373   0.0004662662   0.0022321547
       -0.0014340325  -0.0019428715   0.0009255362  -0.0012551871  -0.0004037714
       -0.0004605693   0.0001767507  -0.0003745419   0.0000769212
        0.0008770762  -0.0009342003  -0.0018131582  -0.0002967535   0.0001600825
        0.0000072643   0.0103659143   0.0067048421  -0.0027428843   0.0004538290
       -0.0011678155  -0.0016675644  -0.0008672968   0.0001507924   0.0008742657
        0.0010988454   0.0117822829  -0.0263074655  -0.0014714651   0.0036736259
        0.0038339082  -0.0085177449  -0.0072422553  -0.0019452353   0.0005578540
       -0.0162446188   0.0260445117  -0.0027669143   0.0023423296   0.0035990143
        0.0001921459   0.0010661145   0.0008747069   0.0003123242  -0.0001858729
       -0.0005141440   0.0000621856  -0.0001053069  -0.0002432194
        0.0007841810  -0.0006486512   0.0004438217  -0.0835716565   0.0325936475
       -0.0219116054  -0.0068498043  -0.0223848539   0.0079951468   0.0005249810
       -0.0001379546   0.0000529061  -0.2257247521   0.0652143979  -0.0784568202
       -0.0623401967   0.0086023886  -0.0204338486   0.0122435120   0.0243130945
       -0.0061830241  -0.2741962625  -0.1719345841   0.0068755241  -0.0035843983
        0.0009774373  -0.0027669143   0.6523814799   0.1044452473   0.1043490134
       -0.0040923570   0.0026088781  -0.0037031407  -0.0013589277  -0.0355705701
        0.0132855522  -0.0042157988  -0.0080784772   0.0004533888
       -0.0011265302   0.0002314737  -0.0003516545  -0.0102774079  -0.2302228199
        0.0705636631  -0.0104037777  -0.0315720853   0.0090290856  -0.0235995311
       -0.0233022422   0.0033663754   0.0647690062  -0.0676199211   0.0330349533
       -0.0312770641   0.0330213145  -0.0209563241   0.0479592547  -0.0088768497
        0.0155151508  -0.1177914815  -0.1828366473   0.0292079368   0.0015900558
        0.0004662662   0.0023423296   0.1044452473   0.5534249801  -0.1586536232
        0.0008251662   0.0021933911   0.0018800860  -0.0215596840  -0.0400464774
        0.0112599166  -0.0035532535  -0.0048603828   0.0037621047
        0.0006422111  -0.0002104976   0.0003631921  -0.0044957746   0.0817993239
       -0.0849299833   0.0031405463   0.0058945307  -0.0042377400   0.0096498824
        0.0095754751  -0.0010733247  -0.0782935461   0.0331689840  -0.0622731942
       -0.0041452231  -0.0104345883   0.0049688463  -0.0158179405   0.0092774470
       -0.0097014505  -0.0151814495   0.0149832547  -0.0448970517  -0.0029880314
        0.0022321547   0.0035990143   0.1043490134  -0.1586536232   0.1875998128
       -0.0030187157   0.0023028114   0.0044121758   0.0075409020   0.0075371909
        0.0009860731  -0.0013818743   0.0025275367   0.0051836300
        0.0008433042  -0.0003606692   0.0012898950  -0.0019287786   0.0243641268
       -0.0107277077   0.0004482589  -0.0234741563   0.0102278369  -0.0001064147
        0.0001329095   0.0003279583  -0.0006171017   0.0017802354  -0.0005237123
       -0.0026481643  -0.0033537466  -0.0013906340  -0.0475836017   0.0156423007
       -0.0118393717  -0.0006214641  -0.0002482442  -0.0000554820  -0.0002201105
       -0.0014340325   0.0001921459  -0.0040923570   0.0008251662  -0.0030187157
        0.0549093257  -0.0144657397   0.0149409615   0.0017735957   0.0022234300
       -0.0003060740  -0.0001564918  -0.0016315800   0.0008828997
        0.0001354404   0.0006715074  -0.0016589642  -0.0015690735  -0.0161964658
        0.0066668017   0.0024962268  -0.0219106541   0.0087349957   0.0001345585
       -0.0009432425  -0.0002396357   0.0010514211  -0.0017623957   0.0004339025
       -0.0040140793  -0.0001847607   0.0021804503   0.0138628453  -0.2256132832
        0.0846345203  -0.0010371037   0.0011965643  -0.0007581767  -0.0008680837
       -0.0019428715   0.0010661145   0.0026088781   0.0021933911   0.0023028114
       -0.0144657397   0.2612601405  -0.1018411893   0.0013335701   0.0023096196
       -0.0008078907   0.0003311396   0.0009224506  -0.0007137398
        0.0010980767  -0.0017930623  -0.0024924796  -0.0001750788   0.0134809409
       -0.0043585805  -0.0003182563   0.0019540809  -0.0029748704   0.0003309634
       -0.0002280971  -0.0013929769  -0.0002336600   0.0006238821  -0.0016849465
       -0.0011144679   0.0023184775   0.0065429215  -0.0111343728   0.0850711283
       -0.0643405969   0.0002421309  -0.0005558927   0.0002721194  -0.0000379101
        0.0009255362   0.0008747069  -0.0037031407   0.0018800860   0.0044121758
        0.0149409615  -0.1018411893   0.0659434527   0.0000164018  -0.0006035868
       -0.0003063629   0.0000883523  -0.0012323037  -0.0004945626
       -0.0053605570  -0.0004204215  -0.0009156644  -0.3038763028  -0.1217007123
       -0.0192951030   0.0029550703   0.0098578102  -0.0046378654   0.0002404978
       -0.0014486100   0.0005881469   0.0014977890  -0.0010281026   0.0013686163
       -0.0005064656  -0.0047968722   0.0018417484  -0.0688955835  -0.0288120623
       -0.0102363977   0.0024574221   0.0055201589  -0.0021706456  -0.0016960650
       -0.0012551871   0.0003123242  -0.0013589277  -0.0215596840   0.0075409020
        0.0017735957   0.0013335701   0.0000164018   0.4299124159   0.1263763689
        0.0515548613  -0.0571428893   0.0379337438  -0.0259673248
       -0.0001862020   0.0000950913  -0.0005423202  -0.1774339100  -0.1827554224
        0.0098036746   0.0011668444  -0.0025586174   0.0035195542  -0.0009231595
       -0.0015576248   0.0006127501  -0.0003707412   0.0015638193  -0.0016402970
       -0.0030660128   0.0022835408  -0.0016738773  -0.0056060765   0.0066026999
        0.0016123028   0.0056958310  -0.0013745949   0.0030567400  -0.0003929559
       -0.0004037714  -0.0001858729  -0.0355705701  -0.0400464774   0.0075371909
        0.0022234300   0.0023096196  -0.0006035868   0.1263763689   0.4842449995
       -0.1465579943   0.0880871537  -0.2684032621   0.1250617358
       -0.0010526242  -0.0006249680  -0.0011317639   0.0033776107   0.0245667991
       -0.0528474161  -0.0011142592   0.0057724891   0.0027267152   0.0003456761
        0.0004320595   0.0003524457   0.0011370546  -0.0018002923  -0.0012020642
        0.0011132936  -0.0021515278   0.0012390467  -0.0196279446  -0.0044574738
        0.0109441980  -0.0022784083   0.0029790250   0.0005456592  -0.0000983956
       -0.0004605693  -0.0005141440   0.0132855522   0.0112599166   0.0009860731
       -0.0003060740  -0.0008078907  -0.0003063629   0.0515548613  -0.1465579943
        0.1148927223  -0.0463363428   0.1118504269  -0.0756851091
        0.0006603573   0.0000422450   0.0000683962  -0.0034098867  -0.0407676785
        0.0160677054  -0.0003057575  -0.0009240097   0.0003619243  -0.0002375393
       -0.0000216664   0.0001678273   0.0001800452  -0.0000505855   0.0000554066
        0.0003023509   0.0003419860  -0.0000703967   0.0039776107  -0.0016939175
        0.0026817721  -0.0002399480  -0.0016841590   0.0000361443   0.0002263774
        0.0001767507   0.0000621856  -0.0042157988  -0.0035532535  -0.0013818743
       -0.0001564918   0.0003311396   0.0000883523  -0.0571428893   0.0880871537
       -0.0463363428   0.0603615698  -0.0402840048   0.0281988997
       -0.0007413312   0.0001969547  -0.0001522645   0.0112464238  -0.0255850898
        0.0127890377   0.0013302177   0.0004643394   0.0000563524  -0.0004777200
       -0.0013484095   0.0000898725   0.0000294258   0.0002060863  -0.0000334543
       -0.0009611349   0.0007457341  -0.0005470425  -0.0005496693   0.0017799301
       -0.0023257377   0.0026953664  -0.0000699909   0.0016697126  -0.0005112603
       -0.0003745419  -0.0001053069  -0.0080784772  -0.0048603828   0.0025275367
       -0.0016315800   0.0009224506  -0.0012323037   0.0379337438  -0.2684032621
        0.1118504269  -0.0402840048   0.2963261818  -0.1245868292
        0.0003943109   0.0000505901   0.0003785048  -0.0050638516  -0.0009557435
       -0.0023366215  -0.0005471535  -0.0005438191  -0.0001771478   0.0003398771
        0.0002057843  -0.0007899136   0.0000245974  -0.0000720871   0.0001166079
        0.0004189124  -0.0001801152   0.0002095965   0.0022027979  -0.0026424912
       -0.0020106740  -0.0016795254   0.0005376889   0.0016349465   0.0003421715
        0.0000769212  -0.0002432194   0.0004533888   0.0037621047   0.0051836300
        0.0008828997  -0.0007137398  -0.0004945626  -0.0259673248   0.1250617358
       -0.0756851091   0.0281988997  -0.1245868292   0.0742139623
