           1           3  0.969843804569319     
           3           6   1.39072457718773     
           2           7   1.21303124792426     
           3           7   1.51035754175450     
           4           8  0.970531735751613     
           6           8   1.37316785066050     
           6           9  0.972960478211419     
           2          10   1.21510607162583     
           5          10  0.971244303471996     
           8          10   1.52997399150003     
           7          11  0.966155125863914     
           2          12   1.46941915718706     
           7          12  0.103080271444005     
          12          13  0.974803477740447     
