$hessian                                                                        
        0.0416758888  -0.0259375888   0.0159388751   0.0014484016  -0.0066660331
        0.0154041800   0.0027732783   0.0003050534  -0.0002005855  -0.0023246856
       -0.0026506219  -0.0020597553  -0.0443118179   0.0156263680  -0.0170797990
       -0.0020995903   0.0103473948  -0.0162727175   0.0048718295   0.0084438228
        0.0017384917  -0.0022282961   0.0010883610   0.0025998859   0.0001949918
       -0.0005567561  -0.0000685755
       -0.0259375888   0.1063906301  -0.1211891259  -0.0010023261   0.0031986974
       -0.0024915307   0.0001160404  -0.0001490545   0.0002848080  -0.0033496969
       -0.0011571240  -0.0005933064   0.0150655718  -0.0934801430   0.0990557423
        0.0050125165  -0.0170717994   0.0244181005   0.0091633229   0.0005749107
        0.0030133566   0.0011051506   0.0010800384  -0.0022607151  -0.0001729903
        0.0006138444  -0.0002373292
        0.0159388751  -0.1211891259   0.2491009170  -0.0039161043   0.0114505436
       -0.0204625494  -0.0002599829  -0.0008442791   0.0042280833  -0.0016262236
       -0.0014954618   0.0015240708  -0.0152709358   0.1082117307  -0.2255723840
        0.0003746979   0.0020048792  -0.0061805400   0.0015892993   0.0029417588
        0.0016228060   0.0040272114  -0.0008737492  -0.0049306055  -0.0008568371
       -0.0002062963   0.0006702019
        0.0014484016  -0.0010023261  -0.0039161043   0.3833789906  -0.0086428340
        0.0034801520  -0.2560700014  -0.0388506253  -0.0660685059   0.0071303950
       -0.0013268148  -0.0024456388  -0.0391791131   0.0069160996   0.0464040342
       -0.0260612344   0.0252926352   0.0051999921  -0.0002821213  -0.0011370422
        0.0012169595  -0.0363716597  -0.0029954465   0.0110787307  -0.0339936573
        0.0217463539   0.0050503804
       -0.0066660331   0.0031986974   0.0114505436  -0.0086428340   0.3274948753
       -0.0059147085  -0.0479876318  -0.0760898404  -0.0089003850   0.0098994614
        0.0037248020   0.0030123631   0.0295031638  -0.0696179354  -0.0206687831
        0.0109918311  -0.0042230352  -0.0142162315  -0.0023517661  -0.0018558250
       -0.0015769364   0.0051277882  -0.0746729093   0.0432597050   0.0101260203
       -0.1079588292  -0.0064455672
        0.0154041800  -0.0024915307  -0.0204625494   0.0034801520  -0.0059147085
        0.3745198125  -0.0805449472  -0.0111487013  -0.0924721757   0.0043473639
        0.0087642151   0.0043268134   0.0627054788  -0.0332081390  -0.1235496996
       -0.0024511172   0.0031375964   0.0018559424  -0.0047966261   0.0010323849
       -0.0006752718  -0.0030013321   0.0384236205  -0.0984718705   0.0048568478
        0.0014052625  -0.0450710013
        0.0027732783   0.0001160404  -0.0002599829  -0.2560700014  -0.0479876318
       -0.0805449472   0.3706272038   0.0818271620   0.1355832596   0.0031973850
        0.0073196057   0.0042276784  -0.0687536276  -0.0049607034  -0.0008725393
       -0.0010257112  -0.0003729982   0.0035050954  -0.0020115516  -0.0019759552
       -0.0009748224  -0.0278088183   0.0086966817  -0.0404570090  -0.0209281568
       -0.0426622012  -0.0202067326
        0.0003050534  -0.0001490545  -0.0008442791  -0.0388506253  -0.0760898404
       -0.0111487013   0.0818271620   0.0693335915   0.0283586989  -0.0018562762
       -0.0000268714  -0.0001137782  -0.0127653367   0.0084688899   0.0042410775
        0.0045411533  -0.0025908765   0.0014490868   0.0001564249   0.0005360284
       -0.0003984935   0.0092408556   0.0140697567  -0.0029039663  -0.0425984110
       -0.0135516238  -0.0186396449
       -0.0002005855   0.0002848080   0.0042280833  -0.0660685059  -0.0089003850
       -0.0924721757   0.1355832596   0.0283586989   0.1011328217  -0.0027061348
       -0.0007541186   0.0004244375  -0.0117799508   0.0130062778   0.0140888876
        0.0074382867  -0.0081490677   0.0005911802   0.0005952365  -0.0011010335
        0.0000161620  -0.0427768931  -0.0012009019  -0.0252491321  -0.0200847129
       -0.0215442780  -0.0027602645
       -0.0023246856  -0.0033496969  -0.0016262236   0.0071303950   0.0098994614
        0.0043473639   0.0031973850  -0.0018562762  -0.0027061348   0.1131857807
       -0.0606036760  -0.1180202502  -0.0205346883   0.0109918271   0.0168095398
       -0.0987414593   0.0429228441   0.0998076294   0.0008804249   0.0001505093
        0.0001881500  -0.0002333682   0.0002993100  -0.0009354132  -0.0025597842
        0.0015456973   0.0021353387
       -0.0026506219  -0.0011571240  -0.0014954618  -0.0013268148   0.0037248020
        0.0087642151   0.0073196057  -0.0000268714  -0.0007541186  -0.0606036760
        0.0647883239   0.0583911180   0.0192853634  -0.0131605927  -0.0241300687
        0.0460048608  -0.0573132841  -0.0516552460  -0.0068750784   0.0038594645
        0.0123227417  -0.0005344847   0.0003636313  -0.0010165669  -0.0006191541
       -0.0010783494  -0.0004266128
       -0.0020597553  -0.0005933064   0.0015240708  -0.0024456388   0.0030123631
        0.0043268134   0.0042276784  -0.0001137782   0.0004244375  -0.1180202502
        0.0583911180   0.2063658797   0.0037731773  -0.0037353704  -0.0028141668
        0.1005949816  -0.0491087546  -0.1854611821   0.0145733345  -0.0068564622
       -0.0245993885  -0.0003828679   0.0000965304   0.0001734115  -0.0002606596
       -0.0010923396   0.0000601245
       -0.0443118179   0.0150655718  -0.0152709358  -0.0391791131   0.0295031638
        0.0627054788  -0.0687536276  -0.0127653367  -0.0117799508  -0.0205346883
        0.0192853634   0.0037731773   0.4014475760  -0.2984076930  -0.0420001249
       -0.2187874465   0.2347944252  -0.0025937448  -0.0035009968   0.0032656616
       -0.0046731017  -0.0017127397   0.0017253901   0.0021832984  -0.0046671462
        0.0075334537   0.0076559035
        0.0156263680  -0.0934801430   0.1082117307   0.0069160996  -0.0696179354
       -0.0332081390  -0.0049607034   0.0084688899   0.0130062778   0.0109918271
       -0.0131605927  -0.0037353704  -0.2984076930   0.5371478299  -0.1162623314
        0.2406161763  -0.3371018436   0.0321141772   0.0103086602  -0.0168252322
        0.0068059894  -0.0056869822  -0.0007436002   0.0178803110   0.0245962474
       -0.0146873726  -0.0248126452
       -0.0170797990   0.0990557423  -0.2255723840   0.0464040342  -0.0206687831
       -0.1235496996  -0.0008725393   0.0042410775   0.0140888876   0.0168095398
       -0.0241300687  -0.0028141668  -0.0420001249  -0.1162623314   0.4566891548
       -0.0129173513   0.0412309242  -0.0774565155  -0.0160131417   0.0241003371
       -0.0050590959   0.0185218128  -0.0019966273  -0.0292340145   0.0071475694
       -0.0055702707  -0.0070921661
       -0.0020995903   0.0050125165   0.0003746979  -0.0260612344   0.0109918311
       -0.0024511172  -0.0010257112   0.0045411533   0.0074382867  -0.0987414593
        0.0460048608   0.1005949816  -0.2187874465   0.2406161763  -0.0129173513
        0.3810503919  -0.3261706891  -0.0828600459  -0.0367733844   0.0178909121
       -0.0115365460   0.0021171423  -0.0005919599   0.0003851670   0.0003212918
        0.0017051988   0.0009719271
        0.0103473948  -0.0170717994   0.0020048792   0.0252926352  -0.0042230352
        0.0031375964  -0.0003729982  -0.0025908765  -0.0081490677   0.0429228441
       -0.0573132841  -0.0491087546   0.2347944252  -0.3371018436   0.0412309242
       -0.3261706891   0.5227449169  -0.0994832373   0.0172341087  -0.1042794407
        0.1111958515  -0.0028945646   0.0015609366  -0.0003078507  -0.0011531562
       -0.0017255739  -0.0005203410
       -0.0162727175   0.0244181005  -0.0061805400   0.0051999921  -0.0142162315
        0.0018559424   0.0035050954   0.0014490868   0.0005911802   0.0998076294
       -0.0516552460  -0.1854611821  -0.0025937448   0.0321141772  -0.0774565155
       -0.0828600459  -0.0994832373   0.4925220684  -0.0107117546   0.1121739570
       -0.2232120210   0.0012429953  -0.0022348333   0.0002768536   0.0026825507
       -0.0025657733  -0.0029357860
        0.0048718295   0.0091633229   0.0015892993  -0.0002821213  -0.0023517661
       -0.0047966261  -0.0020115516   0.0001564249   0.0005952365   0.0008804249
       -0.0068750784   0.0145733345  -0.0035009968   0.0103086602  -0.0160131417
       -0.0367733844   0.0172341087  -0.0107117546   0.0361180884  -0.0266740926
        0.0137882208   0.0002355406  -0.0005359383   0.0011149717   0.0004621707
       -0.0004256412  -0.0001395404
        0.0084438228   0.0005749107   0.0029417588  -0.0011370422  -0.0018558250
        0.0010323849  -0.0019759552   0.0005360284  -0.0011010335   0.0001505093
        0.0038594645  -0.0068564622   0.0032656616  -0.0168252322   0.0241003371
        0.0178909121  -0.1042794407   0.1121739570  -0.0266740926   0.1174204352
       -0.1306503372  -0.0000978075   0.0004149907  -0.0013348549   0.0001339917
        0.0001546684  -0.0003057500
        0.0017384917   0.0030133566   0.0016228060   0.0012169595  -0.0015769364
       -0.0006752718  -0.0009748224  -0.0003984935   0.0000161620   0.0001881500
        0.0123227417  -0.0245993885  -0.0046731017   0.0068059894  -0.0050590959
       -0.0115365460   0.1111958515  -0.2232120210   0.0137882208  -0.1306503372
        0.2506952685  -0.0001499306  -0.0003960469   0.0012638061   0.0004025787
       -0.0003161253  -0.0000522652
       -0.0022282961   0.0011051506   0.0040272114  -0.0363716597   0.0051277882
       -0.0030013321  -0.0278088183   0.0092408556  -0.0427768931  -0.0002333682
       -0.0005344847  -0.0003828679  -0.0017127397  -0.0056869822   0.0185218128
        0.0021171423  -0.0028945646   0.0012429953   0.0002355406  -0.0000978075
       -0.0001499306   0.0630344941  -0.0100411314   0.0223876418   0.0029677050
        0.0037811759   0.0001313624
        0.0010883610   0.0010800384  -0.0008737492  -0.0029954465  -0.0746729093
        0.0384236205   0.0086966817   0.0140697567  -0.0012009019   0.0002993100
        0.0003636313   0.0000965304   0.0017253901  -0.0007436002  -0.0019966273
       -0.0005919599   0.0015609366  -0.0022348333  -0.0005359383   0.0004149907
       -0.0003960469  -0.0100411314   0.0890835585  -0.0602357223   0.0023547333
       -0.0311564027   0.0284177300
        0.0025998859  -0.0022607151  -0.0049306055   0.0110787307   0.0432597050
       -0.0984718705  -0.0404570090  -0.0029039663  -0.0252491321  -0.0009354132
       -0.0010165669   0.0001734115   0.0021832984   0.0178803110  -0.0292340145
        0.0003851670  -0.0003078507   0.0002768536   0.0011149717  -0.0013348549
        0.0012638061   0.0223876418  -0.0602357223   0.1551570359   0.0016427266
        0.0069196603   0.0010145155
        0.0001949918  -0.0001729903  -0.0008568371  -0.0339936573   0.0101260203
        0.0048568478  -0.0209281568  -0.0425984110  -0.0200847129  -0.0025597842
       -0.0006191541  -0.0002606596  -0.0046671462   0.0245962474   0.0071475694
        0.0003212918  -0.0011531562   0.0026825507   0.0004621707   0.0001339917
        0.0004025787   0.0029677050   0.0023547333   0.0016427266   0.0582025852
        0.0073327189   0.0044699363
       -0.0005567561   0.0006138444  -0.0002062963   0.0217463539  -0.1079588292
        0.0014052625  -0.0426622012  -0.0135516238  -0.0215442780   0.0015456973
       -0.0010783494  -0.0010923396   0.0075334537  -0.0146873726  -0.0055702707
        0.0017051988  -0.0017255739  -0.0025657733  -0.0004256412   0.0001546684
       -0.0003161253   0.0037811759  -0.0311564027   0.0069196603   0.0073327189
        0.1693896388   0.0229701604
       -0.0000685755  -0.0002373292   0.0006702019   0.0050503804  -0.0064455672
       -0.0450710013  -0.0202067326  -0.0186396449  -0.0027602645   0.0021353387
       -0.0004266128   0.0000601245   0.0076559035  -0.0248126452  -0.0070921661
        0.0009719271  -0.0005203410  -0.0029357860  -0.0001395404  -0.0003057500
       -0.0000522652   0.0001313624   0.0284177300   0.0010145155   0.0044699363
        0.0229701604   0.0561666413
