$hessian                                                                        
        0.4686032833  -0.0583107410  -0.0394279590  -0.0668981247  -0.0263564296
       -0.0157549203  -0.0652632360   0.0103124230   0.0694179621  -0.0437986464
        0.0103385546  -0.0037841132  -0.2370902808   0.0796163877   0.0064669918
        0.0024461998   0.0002526921  -0.0011977845   0.0010650114   0.0002086061
        0.0007168935  -0.0018593254  -0.0080886345  -0.0006836911   0.0000518254
        0.0003399904   0.0003778182   0.0002776074   0.0008624717   0.0019168200
       -0.0588528903  -0.0101468175  -0.0179108750   0.0009512998   0.0005133559
       -0.0000477002   0.0004091874   0.0001270791   0.0002448516  -0.0000419109
        0.0003310619  -0.0003342938
       -0.0583107410   0.4632580303  -0.0359674657  -0.0213493437  -0.0936587250
       -0.0226287484   0.0096503767  -0.0452177138  -0.0240292503   0.0086240009
       -0.2251923902   0.0958710251   0.0820710656  -0.0735098464  -0.0014183082
       -0.0028390053  -0.0062197768  -0.0073729704  -0.0005139231  -0.0001190783
       -0.0000983373  -0.0147897671  -0.0287625412  -0.0084906866  -0.0001303800
        0.0008779448   0.0010022565   0.0001694634   0.0002958584  -0.0011059955
       -0.0000370678   0.0136392726   0.0039384316  -0.0011474905  -0.0001127686
       -0.0006422295  -0.0009672203  -0.0061571111   0.0020395759  -0.0004299678
        0.0008788454  -0.0010972971
       -0.0394279590  -0.0359674657   0.4818431612  -0.0130363929  -0.0235918808
       -0.0748883289   0.0671153792  -0.0258167395  -0.2514200895  -0.0027951177
        0.0981085586  -0.0928072987   0.0078273709  -0.0018729301  -0.0419013845
       -0.0121940666  -0.0209468622  -0.0239560791  -0.0009987308  -0.0003963753
        0.0000819863   0.0049807364   0.0069297192   0.0029158570  -0.0009242925
       -0.0009504327   0.0007988636   0.0006953724  -0.0019764721  -0.0066289287
       -0.0123917557   0.0020237815   0.0051630389   0.0003540809   0.0000954569
        0.0001964472   0.0004895732   0.0032620186  -0.0003045236   0.0003058021
        0.0010996236   0.0009072787
       -0.0668981247  -0.0213493437  -0.0130363929   0.4130657953  -0.0090856065
       -0.0002260801   0.0056347778   0.0049939600   0.0043977141   0.0011603625
       -0.0002013815   0.0006813651  -0.0179927699  -0.0101446341  -0.0089300367
       -0.0548821588  -0.0017488334   0.0066491671  -0.0127504507   0.0046030455
        0.0196523606  -0.0545324462  -0.0118443053   0.0053217600   0.0011776667
       -0.0004256270  -0.0013546287   0.0049929605  -0.0040674588  -0.0169642513
       -0.2131087390   0.0535286869   0.0015959425  -0.0072270658   0.0217410116
       -0.0102183578   0.0003415768  -0.0177879095   0.0065468725   0.0010186155
       -0.0082116041   0.0058845656
       -0.0263564296  -0.0936587250  -0.0235918808  -0.0090856065   0.3916623258
        0.0000731139  -0.0028386341  -0.0027874497  -0.0039866569  -0.0167664043
       -0.0207238474  -0.0092868232   0.0089940096   0.0063752834   0.0052859242
       -0.0017281619  -0.0589266416  -0.0024462692   0.0045933752  -0.0018715497
       -0.0071632778  -0.0068514882  -0.1059707096   0.0264241259  -0.0085184849
       -0.0002665699   0.0247158944   0.0040813224  -0.0040913507  -0.0180393320
        0.0534634261  -0.0872045714  -0.0005848511   0.0025677067  -0.0044778855
        0.0017711666  -0.0011447524  -0.0198976782   0.0066519306  -0.0004098781
        0.0018393695   0.0001769354
       -0.0157549203  -0.0226287484  -0.0748883289  -0.0002260801   0.0000731139
        0.3882752918  -0.0156965546  -0.0173084709  -0.0173481809   0.0074362654
        0.0086744694   0.0050731344   0.0015249448   0.0016463074   0.0009948244
        0.0120933576  -0.0044411641  -0.1215614865  -0.0011512202   0.0004181546
        0.0039918008   0.0026429859   0.0274683093  -0.0749021633   0.0052577787
        0.0016083884  -0.0154172425   0.0029564925  -0.0046249092  -0.0153557986
        0.0015445243  -0.0005690697  -0.0675827401   0.0001039744  -0.0023012549
        0.0010265942   0.0000507276  -0.0113702857   0.0050559148  -0.0007822760
        0.0233551601  -0.0173616196
       -0.0652632360   0.0096503767   0.0671153792   0.0056347778  -0.0028386341
       -0.0156965546   0.0721955864  -0.0101644297  -0.0802235781   0.0003903705
       -0.0003347201   0.0001694523  -0.0131813696   0.0048245661   0.0307541436
       -0.0014985479  -0.0021306048  -0.0017416028  -0.0000526570  -0.0001310697
       -0.0000031957   0.0003762406   0.0008407382  -0.0004792771  -0.0001479100
       -0.0000018561   0.0000597581   0.0003342795  -0.0003443438  -0.0010364306
        0.0013939931   0.0006183140   0.0009931647  -0.0002313097   0.0000487968
        0.0001487839  -0.0000769433   0.0001179342  -0.0000607677   0.0001267257
       -0.0001550676   0.0000007247
        0.0103124230  -0.0452177138  -0.0258167395   0.0049939600  -0.0027874497
       -0.0173084709  -0.0101644297   0.0520916719   0.0288505281  -0.0090913078
        0.0006287971   0.0302036995   0.0057580784  -0.0019246906  -0.0127109283
       -0.0024966769  -0.0025563480  -0.0025520543  -0.0001104401  -0.0000159031
        0.0001522724   0.0000850813   0.0004427936  -0.0010326700  -0.0000942543
       -0.0001034330   0.0000794432   0.0000983899  -0.0002381124  -0.0014592092
        0.0009572703   0.0001456799   0.0011459041   0.0001200223  -0.0000493533
       -0.0000217810   0.0000947683   0.0001966130   0.0001573381  -0.0004628847
       -0.0006125516   0.0003126679
        0.0694179621  -0.0240292503  -0.2514200895   0.0043977141  -0.0039866569
       -0.0173481809  -0.0802235781   0.0288505281   0.2938075889   0.0063015443
        0.0016205562  -0.0209208231   0.0031136814  -0.0007488160  -0.0039124930
       -0.0031384969  -0.0033494924  -0.0020181598  -0.0001972987   0.0001607256
        0.0001600746   0.0004573994   0.0010539117   0.0009040373   0.0000300786
       -0.0000921170   0.0003418902   0.0001014537  -0.0006357182  -0.0015698484
       -0.0002308173   0.0012258671   0.0016819133   0.0000798197  -0.0001085530
       -0.0001718968   0.0000908673   0.0002733808  -0.0000191291  -0.0002003295
       -0.0002343656   0.0004851164
       -0.0437986464   0.0086240009  -0.0027951177   0.0011603625  -0.0167664043
        0.0074362654   0.0003903705  -0.0090913078   0.0063015443   0.0469102988
       -0.0099409297   0.0040266799  -0.0040099570   0.0290040571  -0.0147265935
        0.0002858531   0.0004662343   0.0009979339  -0.0001761775   0.0001282983
       -0.0000907625  -0.0019346893  -0.0026246013  -0.0017379028   0.0001674476
       -0.0000079420  -0.0001022461  -0.0001046072   0.0000229655   0.0001546052
        0.0011941650   0.0013596972   0.0004314822  -0.0000636615  -0.0000095840
       -0.0000946851   0.0000462464  -0.0012958308   0.0003127019  -0.0000670050
        0.0001313464  -0.0001139050
        0.0103385546  -0.2251923902   0.0981085586  -0.0002013815  -0.0207238474
        0.0086744694  -0.0003347201   0.0006287971   0.0016205562  -0.0099409297
        0.2624287469  -0.1136862999   0.0034629435  -0.0148363264   0.0077419022
        0.0002561382   0.0006921554   0.0007816350   0.0001319494  -0.0002438229
        0.0000354531  -0.0037214580  -0.0038235301  -0.0027950329  -0.0001790444
        0.0002594353  -0.0008389538   0.0001015338   0.0002208291   0.0002539339
        0.0005150299   0.0020437841  -0.0000790148  -0.0001583028   0.0002823442
       -0.0000470433  -0.0003757926  -0.0019266496   0.0004983899   0.0001054797
        0.0001904745  -0.0002685536
       -0.0037841132   0.0958710251  -0.0928072987   0.0006813651  -0.0092868232
        0.0050731344   0.0001694523   0.0302036995  -0.0209208231   0.0040266799
       -0.1136862999   0.1086639503  -0.0005135369   0.0004353348  -0.0001841725
       -0.0004601070  -0.0011178701   0.0007606238   0.0000228102   0.0001062183
       -0.0000328795  -0.0011383410  -0.0017135987  -0.0003048028  -0.0001656941
       -0.0001863005  -0.0004039857   0.0000353037   0.0001318302  -0.0000094896
        0.0013346691  -0.0000560709  -0.0000824813   0.0000247773  -0.0000374479
       -0.0001348549  -0.0000861432  -0.0005826065   0.0004024019  -0.0001471221
       -0.0000810901  -0.0000193224
       -0.2370902808   0.0820710656   0.0078273709  -0.0179927699   0.0089940096
        0.0015249448  -0.0131813696   0.0057580784   0.0031136814  -0.0040099570
        0.0034629435  -0.0005135369   0.2785634165  -0.0954972189  -0.0081946199
        0.0010362514   0.0003645956   0.0005685867   0.0007784469  -0.0004678749
       -0.0005079922   0.0008218906   0.0003758881   0.0002046858  -0.0001732330
        0.0001011503  -0.0000807461   0.0000894529   0.0001301099   0.0002492693
       -0.0094166981  -0.0045938384  -0.0043861066   0.0006446872  -0.0009982295
        0.0000096940   0.0001718757   0.0002572236   0.0000466712  -0.0002417128
        0.0000420969   0.0001380977
        0.0796163877  -0.0735098464  -0.0018729301  -0.0101446341   0.0063752834
        0.0016463074   0.0048245661  -0.0019246906  -0.0007488160   0.0290040571
       -0.0148363264   0.0004353348  -0.0954972189   0.0854625300   0.0027422516
       -0.0005838571   0.0002662367   0.0001791254  -0.0001041556   0.0000258105
       -0.0003752951  -0.0013090229   0.0000248308  -0.0003020169   0.0001672705
       -0.0002010565   0.0000567707  -0.0000424407  -0.0000493230   0.0001134339
       -0.0058907081  -0.0008016554  -0.0018437806  -0.0002697131  -0.0008393565
       -0.0000716410   0.0001140587   0.0000507003   0.0000106441   0.0001154103
       -0.0000431370   0.0000306120
        0.0064669918  -0.0014183082  -0.0419013845  -0.0089300367   0.0052859242
        0.0009948244   0.0307541436  -0.0127109283  -0.0039124930  -0.0147265935
        0.0077419022  -0.0001841725  -0.0081946199   0.0027422516   0.0471682102
       -0.0010439469  -0.0001526021  -0.0002704544   0.0000373818  -0.0006916342
       -0.0007417252   0.0003796892   0.0005313132   0.0002007379   0.0000046702
        0.0001299903  -0.0000704720   0.0001697173   0.0000896650   0.0000595699
       -0.0050586785  -0.0016077381  -0.0013088650   0.0000532754   0.0000393693
        0.0002711233  -0.0000419973   0.0000995665  -0.0001315698   0.0001300035
       -0.0000787713  -0.0001733293
        0.0024461998  -0.0028390053  -0.0121940666  -0.0548821588  -0.0017281619
        0.0120933576  -0.0014985479  -0.0024966769  -0.0031384969   0.0002858531
        0.0002561382  -0.0004601070   0.0010362514  -0.0005838571  -0.0010439469
        0.5074561714   0.0005821046   0.0447511136  -0.2435648165   0.0733267847
       -0.0058473662   0.0000987983  -0.0025134903   0.0042424449  -0.0446696417
        0.0094908899  -0.0056184569  -0.1281908310  -0.0908618226  -0.0677766579
       -0.0397899962   0.0169830451   0.0355419027   0.0008279519   0.0001084110
       -0.0006941508   0.0000987632   0.0002436911   0.0003733212   0.0003460032
        0.0000319496  -0.0002288906
        0.0002526921  -0.0062197768  -0.0209468622  -0.0017488334  -0.0589266416
       -0.0044411641  -0.0021306048  -0.0025563480  -0.0033494924   0.0004662343
        0.0006921554  -0.0011178701   0.0003645956   0.0002662367  -0.0001526021
        0.0005821046   0.5087658060  -0.0164358857   0.0733231598  -0.0691165976
        0.0021501127  -0.0055942608  -0.0038629117   0.0238552203   0.0085513468
       -0.2246973710   0.0988893830  -0.0899079936  -0.1414586622  -0.0719264522
        0.0169671514   0.0001562364  -0.0130488210  -0.0008346779   0.0004788514
        0.0007956988   0.0000398543   0.0008732777   0.0011477495  -0.0003307684
       -0.0043942546   0.0045809856
       -0.0011977845  -0.0073729704  -0.0239560791   0.0066491671  -0.0024462692
       -0.1215614865  -0.0017416028  -0.0025520543  -0.0020181598   0.0009979339
        0.0007816350   0.0007606238   0.0005685867   0.0001791254  -0.0002704544
        0.0447511136  -0.0164358857   0.3976707015  -0.0085237899   0.0031267113
       -0.0398542203   0.0038478994   0.0063879269  -0.0239761351  -0.0051815483
        0.0961207706  -0.0925670166  -0.0656466344  -0.0700886910  -0.0921973448
        0.0245932925  -0.0090350817  -0.0004879332   0.0003173505  -0.0005035812
       -0.0002705751   0.0002407134  -0.0012364506   0.0007533217   0.0003253030
        0.0030748147  -0.0020252423
        0.0010650114  -0.0005139231  -0.0009987308  -0.0127504507   0.0045933752
       -0.0011512202  -0.0000526570  -0.0001104401  -0.0001972987  -0.0001761775
        0.0001319494   0.0000228102   0.0007784469  -0.0001041556   0.0000373818
       -0.2435648165   0.0733231598  -0.0085237899   0.2860768679  -0.0870744837
        0.0085389812   0.0007188330  -0.0001852661  -0.0005061055  -0.0042614724
        0.0029880080  -0.0011678678  -0.0242204190   0.0057932755  -0.0028103844
       -0.0041219176   0.0017013788   0.0065798802   0.0007473125  -0.0005206851
        0.0004753283  -0.0003226843  -0.0000518351  -0.0000492372   0.0000841233
        0.0000296420  -0.0002497472
        0.0002086061  -0.0001190783  -0.0003963753   0.0046030455  -0.0018715497
        0.0004181546  -0.0001310697  -0.0000159031   0.0001607256   0.0001282983
       -0.0002438229   0.0001062183  -0.0004678749   0.0000258105  -0.0006916342
        0.0733267847  -0.0691165976   0.0031267113  -0.0870744837   0.0790131512
       -0.0031117522  -0.0009132109   0.0002250293   0.0009289631   0.0294990557
       -0.0137877643   0.0029763484  -0.0207491636   0.0061635062  -0.0015207783
        0.0017228684  -0.0000962641  -0.0024119920  -0.0001549573   0.0000619561
        0.0005083311  -0.0000458581  -0.0000883907  -0.0000925227   0.0000479596
       -0.0001500823  -0.0000003976
        0.0007168935  -0.0000983373   0.0000819863   0.0196523606  -0.0071632778
        0.0039918008  -0.0000031957   0.0001522724   0.0001600746  -0.0000907625
        0.0000354531  -0.0000328795  -0.0005079922  -0.0003752951  -0.0007417252
       -0.0058473662   0.0021501127  -0.0398542203   0.0085389812  -0.0031117522
        0.0461899754   0.0006107606  -0.0003872256   0.0000750244  -0.0150416842
        0.0065133981  -0.0009863198  -0.0156535604   0.0046750937  -0.0009819152
        0.0079639353  -0.0029250462  -0.0072897431  -0.0001426507   0.0006177337
       -0.0007386292  -0.0000956602   0.0000307643  -0.0000318513  -0.0001000590
       -0.0001138937   0.0001584221
       -0.0018593254  -0.0147897671   0.0049807364  -0.0545324462  -0.0068514882
        0.0026429859   0.0003762406   0.0000850813   0.0004573994  -0.0019346893
       -0.0037214580  -0.0011383410   0.0008218906  -0.0013090229   0.0003796892
        0.0000987983  -0.0055942608   0.0038478994   0.0007188330  -0.0009132109
        0.0006107606   0.5238816489   0.0068180086  -0.0068324833  -0.0002239128
       -0.0004160994   0.0021712842   0.0003053315   0.0001502076  -0.0003617328
       -0.0234814143   0.0416699797  -0.0162065128  -0.2480698339   0.0691165143
        0.0065093048  -0.1298761468  -0.0921639658  -0.0648794501  -0.0662249743
        0.0079194816   0.0678184600
       -0.0080886345  -0.0287625412   0.0069297192  -0.0118443053  -0.1059707096
        0.0274683093   0.0008407382   0.0004427936   0.0010539117  -0.0026246013
       -0.0038235301  -0.0017135987   0.0003758881   0.0000248308   0.0005313132
       -0.0025134903  -0.0038629117   0.0063879269  -0.0001852661   0.0002250293
       -0.0003872256   0.0068180086   0.4080192455   0.0529709446   0.0002748472
        0.0007942923  -0.0004000557   0.0006245311   0.0006396974  -0.0010126758
        0.0315532935  -0.0217882513   0.0085820150   0.0666592913  -0.0624961692
       -0.0033765026  -0.0904722710  -0.1396337960  -0.0702062475   0.0085819706
       -0.0438079797  -0.0268278340
       -0.0006836911  -0.0084906866   0.0029158570   0.0053217600   0.0264241259
       -0.0749021633  -0.0004792771  -0.0010326700   0.0009040373  -0.0017379028
       -0.0027950329  -0.0003048028   0.0002046858  -0.0003020169   0.0002007379
        0.0042424449   0.0238552203  -0.0239761351  -0.0005061055   0.0009289631
        0.0000750244  -0.0068324833   0.0529709446   0.4818791402   0.0018092761
        0.0010603185  -0.0066268317  -0.0000862707   0.0013314016   0.0008029714
       -0.0107476677   0.0064668012   0.0051647231   0.0078332691  -0.0039120051
       -0.0419418708  -0.0655662575  -0.0725421474  -0.0923606877   0.0672282197
       -0.0239632164  -0.2518299999
        0.0000518254  -0.0001303800  -0.0009242925   0.0011776667  -0.0085184849
        0.0052577787  -0.0001479100  -0.0000942543   0.0000300786   0.0001674476
       -0.0001790444  -0.0001656941  -0.0001732330   0.0001672705   0.0000046702
       -0.0446696417   0.0085513468  -0.0051815483  -0.0042614724   0.0294990557
       -0.0150416842  -0.0002239128   0.0002748472   0.0018092761   0.0479447062
       -0.0092352851   0.0064922146  -0.0003634485  -0.0200197308   0.0083882757
        0.0003244080   0.0000493471  -0.0011751712  -0.0000131550   0.0000087595
        0.0000706985  -0.0000322601   0.0001108210  -0.0000518610   0.0002189796
       -0.0004842683   0.0004872589
        0.0003399904   0.0008779448  -0.0009504327  -0.0004256270  -0.0002665699
        0.0016083884  -0.0000018561  -0.0001034330  -0.0000921170  -0.0000079420
        0.0002594353  -0.0001863005   0.0001011503  -0.0002010565   0.0001299903
        0.0094908899  -0.2246973710   0.0961207706   0.0029880080  -0.0137877643
        0.0065133981  -0.0004160994   0.0007942923   0.0010603185  -0.0092352851
        0.2625222147  -0.1138508801  -0.0017371253  -0.0262378149   0.0099908911
       -0.0010867334   0.0007634131  -0.0004593575  -0.0001593461   0.0000508125
       -0.0001793507   0.0001911309   0.0001428912  -0.0001255646  -0.0000411552
       -0.0001169942   0.0004202462
        0.0003778182   0.0010022565   0.0007988636  -0.0013546287   0.0247158944
       -0.0154172425   0.0000597581   0.0000794432   0.0003418902  -0.0001022461
       -0.0008389538  -0.0004039857  -0.0000807461   0.0000567707  -0.0000704720
       -0.0056184569   0.0988893830  -0.0925670166  -0.0011678678   0.0029763484
       -0.0009863198   0.0021712842  -0.0004000557  -0.0066268317   0.0064922146
       -0.1138508801   0.1076234728  -0.0000009730  -0.0129802779   0.0066819641
       -0.0010021690  -0.0008897431   0.0021407797   0.0001175607  -0.0002496612
        0.0000619433  -0.0000426818  -0.0002932466  -0.0000077611   0.0001511334
        0.0017827222  -0.0015692843
        0.0002776074   0.0001694634   0.0006953724   0.0049929605   0.0040813224
        0.0029564925   0.0003342795   0.0000983899   0.0001014537  -0.0001046072
        0.0001015338   0.0000353037   0.0000894529  -0.0000424407   0.0001697173
       -0.1281908310  -0.0899079936  -0.0656466344  -0.0242204190  -0.0207491636
       -0.0156535604   0.0003053315   0.0006245311  -0.0000862707  -0.0003634485
       -0.0017371253  -0.0000009730   0.1460176239   0.1074683849   0.0780506187
        0.0009693536  -0.0002552615  -0.0006064999  -0.0003207785  -0.0000686785
       -0.0000864070   0.0002941821   0.0001402030  -0.0000093100  -0.0000807072
        0.0000768346   0.0000806972
        0.0008624717   0.0002958584  -0.0019764721  -0.0040674588  -0.0040913507
       -0.0046249092  -0.0003443438  -0.0002381124  -0.0006357182   0.0000229655
        0.0002208291   0.0001318302   0.0001301099  -0.0000493230   0.0000896650
       -0.0908618226  -0.1414586622  -0.0700886910   0.0057932755   0.0061635062
        0.0046750937   0.0001502076   0.0006396974   0.0013314016  -0.0200197308
       -0.0262378149  -0.0129802779   0.1074683849   0.1647872347   0.0827614265
        0.0009078336   0.0000666926   0.0011057490   0.0000026348  -0.0000539928
       -0.0001000631  -0.0000268475   0.0001263433   0.0002532069  -0.0000176801
       -0.0001709056   0.0000577586
        0.0019168200  -0.0011059955  -0.0066289287  -0.0169642513  -0.0180393320
       -0.0153557986  -0.0010364306  -0.0014592092  -0.0015698484   0.0001546052
        0.0002539339  -0.0000094896   0.0002492693   0.0001134339   0.0000595699
       -0.0677766579  -0.0719264522  -0.0921973448  -0.0028103844  -0.0015207783
       -0.0009819152  -0.0003617328  -0.0010126758   0.0008029714   0.0083882757
        0.0099908911   0.0066819641   0.0780506187   0.0827614265   0.1072142818
       -0.0001630365   0.0013269202   0.0021213025  -0.0001002054   0.0000119456
       -0.0000733468   0.0004568583   0.0007068507  -0.0004097884  -0.0000037483
       -0.0001009589   0.0003463710
       -0.0588528903  -0.0000370678  -0.0123917557  -0.2131087390   0.0534634261
        0.0015445243   0.0013939931   0.0009572703  -0.0002308173   0.0011941650
        0.0005150299   0.0013346691  -0.0094166981  -0.0058907081  -0.0050586785
       -0.0397899962   0.0169671514   0.0245932925  -0.0041219176   0.0017228684
        0.0079639353  -0.0234814143   0.0315532935  -0.0107476677   0.0003244080
       -0.0010867334  -0.0010021690   0.0009693536   0.0009078336  -0.0001630365
        0.3447864983  -0.1046075324  -0.0031114059  -0.0006422717   0.0057071692
       -0.0028144736   0.0006633811   0.0006956885   0.0010535669   0.0000821280
       -0.0008676891  -0.0009699838
       -0.0101468175   0.0136392726   0.0020237815   0.0535286869  -0.0872045714
       -0.0005690697   0.0006183140   0.0001456799   0.0012258671   0.0013596972
        0.0020437841  -0.0000560709  -0.0045938384  -0.0008016554  -0.0016077381
        0.0169830451   0.0001562364  -0.0090350817   0.0017013788  -0.0000962641
       -0.0029250462   0.0416699797  -0.0217882513   0.0064668012   0.0000493471
        0.0007634131  -0.0008897431  -0.0002552615   0.0000666926   0.0013269202
       -0.1046075324   0.0985839957   0.0011442614   0.0044300012  -0.0095535276
        0.0044972898  -0.0001687322   0.0026282019  -0.0008282101  -0.0005682681
        0.0014169939  -0.0007739614
       -0.0179108750   0.0039384316   0.0051630389   0.0015959425  -0.0005848511
       -0.0675827401   0.0009931647   0.0011459041   0.0016819133   0.0004314822
       -0.0000790148  -0.0000824813  -0.0043861066  -0.0018437806  -0.0013088650
        0.0355419027  -0.0130488210  -0.0004879332   0.0065798802  -0.0024119920
       -0.0072897431  -0.0162065128   0.0085820150   0.0051647231  -0.0011751712
       -0.0004593575   0.0021407797  -0.0006064999   0.0011057490   0.0021213025
       -0.0031114059   0.0011442614   0.0601885382  -0.0021459195   0.0042504021
       -0.0013073898   0.0003801356  -0.0002300640  -0.0000839376   0.0000199831
       -0.0015088822   0.0016827944
        0.0009512998  -0.0011474905   0.0003540809  -0.0072270658   0.0025677067
        0.0001039744  -0.0002313097   0.0001200223   0.0000798197  -0.0000636615
       -0.0001583028   0.0000247773   0.0006446872  -0.0002697131   0.0000532754
        0.0008279519  -0.0008346779   0.0003173505   0.0007473125  -0.0001549573
       -0.0001426507  -0.2480698339   0.0666592913   0.0078332691  -0.0000131550
       -0.0001593461   0.0001175607  -0.0003207785   0.0000026348  -0.0001002054
       -0.0006422717   0.0044300012  -0.0021459195   0.2916174081  -0.0801565187
       -0.0087825898  -0.0246557336   0.0048747674  -0.0006057061  -0.0135648498
        0.0042265827   0.0028929635
        0.0005133559  -0.0001127686   0.0000954569   0.0217410116  -0.0044778855
       -0.0023012549   0.0000487968  -0.0000493533  -0.0001085530  -0.0000095840
        0.0002823442  -0.0000374479  -0.0009982295  -0.0008393565   0.0000393693
        0.0001084110   0.0004788514  -0.0005035812  -0.0005206851   0.0000619561
        0.0006177337   0.0691165143  -0.0624961692  -0.0039120051   0.0000087595
        0.0000508125  -0.0002496612  -0.0000686785  -0.0000539928   0.0000119456
        0.0057071692  -0.0095535276   0.0042504021  -0.0801565187   0.0724094202
        0.0035040064  -0.0206831898   0.0057428702   0.0000693060   0.0051928673
       -0.0014432008  -0.0014757169
       -0.0000477002  -0.0006422295   0.0001964472  -0.0102183578   0.0017711666
        0.0010265942   0.0001487839  -0.0000217810  -0.0001718968  -0.0000946851
       -0.0000470433  -0.0001348549   0.0000096940  -0.0000716410   0.0002711233
       -0.0006941508   0.0007956988  -0.0002705751   0.0004753283   0.0005083311
       -0.0007386292   0.0065093048  -0.0033765026  -0.0419418708   0.0000706985
       -0.0001793507   0.0000619433  -0.0000864070  -0.0001000631  -0.0000733468
       -0.0028144736   0.0044972898  -0.0013073898  -0.0087825898   0.0035040064
        0.0472336690  -0.0161550297   0.0036427548  -0.0001279729   0.0316795845
       -0.0102806363  -0.0040232408
        0.0004091874  -0.0009672203   0.0004895732   0.0003415768  -0.0011447524
        0.0000507276  -0.0000769433   0.0000947683   0.0000908673   0.0000462464
       -0.0003757926  -0.0000861432   0.0001718757   0.0001140587  -0.0000419973
        0.0000987632   0.0000398543   0.0002407134  -0.0003226843  -0.0000458581
       -0.0000956602  -0.1298761468  -0.0904722710  -0.0655662575  -0.0000322601
        0.0001911309  -0.0000426818   0.0002941821  -0.0000268475   0.0004568583
        0.0006633811  -0.0001687322   0.0003801356  -0.0246557336  -0.0206831898
       -0.0161550297   0.1478498057   0.1082680650   0.0766158113   0.0050887497
        0.0051767867   0.0036630829
        0.0001270791  -0.0061571111   0.0032620186  -0.0177879095  -0.0198976782
       -0.0113702857   0.0001179342   0.0001966130   0.0002733808  -0.0012958308
       -0.0019266496  -0.0005826065   0.0002572236   0.0000507003   0.0000995665
        0.0002436911   0.0008732777  -0.0012364506  -0.0000518351  -0.0000883907
        0.0000307643  -0.0921639658  -0.1396337960  -0.0725421474   0.0001108210
        0.0001428912  -0.0002932466   0.0001402030   0.0001263433   0.0007068507
        0.0006956885   0.0026282019  -0.0002300640   0.0048747674   0.0057428702
        0.0036427548   0.1082680650   0.1620710110   0.0835490910  -0.0035359318
       -0.0041282829  -0.0053096260
        0.0002448516   0.0020395759  -0.0003045236   0.0065468725   0.0066519306
        0.0050559148  -0.0000607677   0.0001573381  -0.0000191291   0.0003127019
        0.0004983899   0.0004024019   0.0000466712   0.0000106441  -0.0001315698
        0.0003733212   0.0011477495   0.0007533217  -0.0000492372  -0.0000925227
       -0.0000318513  -0.0648794501  -0.0702062475  -0.0923606877  -0.0000518610
       -0.0001255646  -0.0000077611  -0.0000093100   0.0002532069  -0.0004097884
        0.0010535669  -0.0008282101  -0.0000839376  -0.0006057061   0.0000693060
       -0.0001279729   0.0766158113   0.0835490910   0.1081306078  -0.0195374645
       -0.0231246871  -0.0208650246
       -0.0000419109  -0.0004299678   0.0003058021   0.0010186155  -0.0004098781
       -0.0007822760   0.0001267257  -0.0004628847  -0.0002003295  -0.0000670050
        0.0001054797  -0.0001471221  -0.0002417128   0.0001154103   0.0001300035
        0.0003460032  -0.0003307684   0.0003253030   0.0000841233   0.0000479596
       -0.0001000590  -0.0662249743   0.0085819706   0.0672282197   0.0002189796
       -0.0000411552   0.0001511334  -0.0000807072  -0.0000176801  -0.0000037483
        0.0000821280  -0.0005682681   0.0000199831  -0.0135648498   0.0051928673
        0.0316795845   0.0050887497  -0.0035359318  -0.0195374645   0.0732558350
       -0.0082471533  -0.0790690299
        0.0003310619   0.0008788454   0.0010996236  -0.0082116041   0.0018393695
        0.0233551601  -0.0001550676  -0.0006125516  -0.0002343656   0.0001313464
        0.0001904745  -0.0000810901   0.0000420969  -0.0000431370  -0.0000787713
        0.0000319496  -0.0043942546   0.0030748147   0.0000296420  -0.0001500823
       -0.0001138937   0.0079194816  -0.0438079797  -0.0239632164  -0.0004842683
       -0.0001169942   0.0017827222   0.0000768346  -0.0001709056  -0.0001009589
       -0.0008676891   0.0014169939  -0.0015088822   0.0042265827  -0.0014432008
       -0.0102806363   0.0051767867  -0.0041282829  -0.0231246871  -0.0082471533
        0.0505417056   0.0301741808
       -0.0003342938  -0.0010972971   0.0009072787   0.0058845656   0.0001769354
       -0.0173616196   0.0000007247   0.0003126679   0.0004851164  -0.0001139050
       -0.0002685536  -0.0000193224   0.0001380977   0.0000306120  -0.0001733293
       -0.0002288906   0.0045809856  -0.0020252423  -0.0002497472  -0.0000003976
        0.0001584221   0.0678184600  -0.0268278340  -0.2518299999   0.0004872589
        0.0004202462  -0.0015692843   0.0000806972   0.0000577586   0.0003463710
       -0.0009699838  -0.0007739614   0.0016827944   0.0028929635  -0.0014757169
       -0.0040232408   0.0036630829  -0.0053096260  -0.0208650246  -0.0790690299
        0.0301741808   0.2942870806
