           1           2  0.948739265004638     
           1           3  0.989974130529602     
           1           4  0.989979904050103     
           1           5  0.989069545404594     
           2           6  0.948725642571541     
           6           7  0.989063616954667     
           2           8  0.948743769154149     
           6           9  0.989981378816915     
           6          10  0.989977490828751     
           2          11   1.13414920593873     
           8          12  0.989072155466948     
           8          13  0.989979485935490     
           8          14  0.989972120446950     
