$hessian                                                                        
        0.5327752910  -0.1023340156  -0.0000016811  -0.4649433448  -0.0205158271
        0.0000016588  -0.0678319462   0.1228498427   0.0000000224
       -0.1023340156   0.4767894788  -0.0000004749   0.0208659793  -0.0413254165
       -0.0000000007   0.0814680363  -0.4354640623   0.0000004756
       -0.0000016811  -0.0000004749   0.0000000000   0.0000015865   0.0000001437
       -0.0000000000   0.0000000946   0.0000003312  -0.0000000000
       -0.4649433448   0.0208659793   0.0000015865   0.4797636979  -0.0247218910
       -0.0000016315  -0.0148203531   0.0038559117   0.0000000450
       -0.0205158271  -0.0413254165   0.0000001437  -0.0247218910   0.0435446490
        0.0000000103   0.0452377181  -0.0022192325  -0.0000001540
        0.0000016588  -0.0000000007  -0.0000000000  -0.0000016315   0.0000000103
        0.0000000000  -0.0000000272  -0.0000000096   0.0000000000
       -0.0678319462   0.0814680363   0.0000000946  -0.0148203531   0.0452377181
       -0.0000000272   0.0826522994  -0.1267057544  -0.0000000674
        0.1228498427  -0.4354640623   0.0000003312   0.0038559117  -0.0022192325
       -0.0000000096  -0.1267057544   0.4376832948  -0.0000003216
        0.0000000224   0.0000004756  -0.0000000000   0.0000000450  -0.0000001540
        0.0000000000  -0.0000000674  -0.0000003216   0.0000000000
