           1           2   1.4778427400117864     
           1           4  0.10138561390368903     
           2           5   1.3839840048402716     
           2           6  0.97034970085023153     
           5           7   1.3839792267324673     
           5           8  0.91740867234287105     
           3           9  0.97149731307728082     
           4           9  0.10138372408050932     
           7           9   1.4778481515825863     
           7          10  0.97035011715395092     
           1          11   1.2464366524369854     
           4          11   1.3847896919770655     
           9          11   1.2464339139586547     
           1          12  0.97149728087611587     
