$hessian                                                                        
        0.4896695947   0.1128556716  -0.1851477700  -0.1139330406   0.0210419178
        0.0643844029   0.0383714768   0.0246803734  -0.0082400186  -0.0282621787
        0.0090364234   0.0228360676  -0.0268891564  -0.0512608089  -0.0175466276
       -0.0137398012   0.0158133856   0.0209283665  -0.2330577642  -0.0339895546
        0.1026537314   0.0007523821  -0.0044026987   0.0010652583  -0.0993404013
       -0.1019270269  -0.0244031208   0.0011645981  -0.0038759658   0.0015763319
       -0.0150553257   0.0111525132   0.0215035271   0.0003196164   0.0008757699
        0.0003898512
        0.1128556716   0.5251420062   0.2141593197   0.0752336253  -0.1789583682
       -0.1468435935  -0.0160386174  -0.0463557395  -0.0220193097   0.0150603218
       -0.0026284608  -0.0093371488  -0.0225826640  -0.0002740008   0.0156488634
       -0.0021913185   0.0034627101   0.0032653761  -0.0702406001  -0.0851768922
        0.0224531656  -0.0039069480  -0.0020735372  -0.0034509882  -0.1015365744
       -0.2112484265  -0.0547964105  -0.0047022271  -0.0022350715  -0.0034488661
        0.0173626931  -0.0004357714  -0.0156941498   0.0006866377   0.0007815516
        0.0000637417
       -0.1851477700   0.2141593197   0.3788676381   0.1018968090  -0.1098519457
       -0.1864596547  -0.0364114743  -0.0498054215  -0.0083218615   0.0269905101
       -0.0052359408  -0.0260396968   0.0023131115   0.0352501113   0.0222171503
        0.0084661141  -0.0090170945  -0.0111355380   0.0776090285  -0.0023117498
       -0.1028896671   0.0014016454  -0.0031143823   0.0036556417  -0.0241369286
       -0.0545283517  -0.0531123255   0.0009864820  -0.0040168352   0.0039245532
        0.0257758784  -0.0114640365  -0.0204850726   0.0002565939  -0.0000636729
       -0.0002211672
       -0.1139330406   0.0752336253   0.1018968090   0.5256411297   0.1298605954
       -0.1932495180  -0.1371767517  -0.1368673085  -0.0312094259  -0.0347915188
       -0.0240013116   0.0077042014   0.0008840925  -0.0044355712  -0.0063925162
       -0.2269186003  -0.0492095943   0.0982235383  -0.0191606259   0.0156435248
        0.0241238927   0.0046441067   0.0097106131   0.0029577311   0.0041565452
       -0.0105000092  -0.0104151610   0.0008489915   0.0001926755  -0.0005430153
       -0.0014414192  -0.0024660193   0.0021493149  -0.0027529089  -0.0031612201
        0.0047541489
        0.0210419178  -0.1789583682  -0.1098519457   0.1298605954   0.5202639722
        0.1945221363  -0.0800474599  -0.2424367439  -0.0825504633  -0.0657514554
       -0.0035028736   0.0418936977   0.0015813833  -0.0401418328  -0.0260975661
       -0.0495811826  -0.0534418444   0.0198135024   0.0513454127   0.0302220965
       -0.0143484794  -0.0085895886  -0.0184205073  -0.0062580828   0.0079126800
       -0.0192330515  -0.0183830369   0.0004211145  -0.0002616119  -0.0003556803
       -0.0058891475   0.0030486952   0.0032069122  -0.0023042697   0.0028620696
       -0.0015909940
        0.0643844029  -0.1468435935  -0.1864596547  -0.1932495180   0.1945221363
        0.3773663468   0.0081265980  -0.0437495725  -0.0799682926  -0.0211878707
        0.0133879137   0.0245556157  -0.0022425258  -0.0219970949  -0.0176770871
        0.0979524325   0.0195379268  -0.0864227693   0.0488439975   0.0100031497
       -0.0261314358  -0.0097031316  -0.0187341540  -0.0072459605   0.0023216234
       -0.0058199555  -0.0060548176  -0.0003841135  -0.0001976844  -0.0000269695
       -0.0002145977   0.0008950508   0.0049634972   0.0053527030  -0.0010041226
        0.0031015274
        0.0383714768  -0.0160386174  -0.0364114743  -0.1371767517  -0.0800474599
        0.0081265980   0.5142404494   0.1238842180  -0.1948229719  -0.2564662809
       -0.0817290494   0.0882797467  -0.0225178578   0.0528388002   0.0527955437
       -0.0164270820  -0.0228905485  -0.0044518064  -0.0363186707  -0.0276964744
        0.0015873521  -0.0747204145   0.0546171861   0.0695117016   0.0020200498
        0.0003698867   0.0044192195   0.0022484244  -0.0002453733   0.0038402102
        0.0015752332   0.0024309420   0.0006039896  -0.0148285760  -0.0054935099
        0.0065218913
        0.0246803734  -0.0463557395  -0.0498054215  -0.1368673085  -0.2424367439
       -0.0437495725   0.1238842180   0.5173672974   0.2020916600  -0.0249036442
       -0.0890073129  -0.0140903045   0.0121209878   0.0319873674   0.0129788756
       -0.0047632228  -0.0060402404  -0.0011290220  -0.0277050970  -0.0194183797
        0.0095706174   0.0546074712  -0.1385151286  -0.1135713049  -0.0001396177
        0.0005028369  -0.0051830350   0.0002738080   0.0002031353  -0.0056612653
        0.0024327175  -0.0002148713  -0.0017993840  -0.0236206857  -0.0080722207
        0.0103481568
       -0.0082400186  -0.0220193097  -0.0083218615  -0.0312094259  -0.0825504633
       -0.0799682926  -0.1948229719   0.2020916600   0.3756976028   0.1276018069
        0.0247081417  -0.1140546194   0.0246279311  -0.0148187174  -0.0258007262
        0.0081071302   0.0112570393   0.0025360278   0.0015852139   0.0095705485
       -0.0003602270   0.0695185637  -0.1135738916  -0.1541363228   0.0040722420
       -0.0055214742   0.0015174888   0.0041844615  -0.0053079669   0.0015661602
        0.0006084964  -0.0018066443  -0.0016645414  -0.0060334295  -0.0020289222
        0.0029893113
       -0.0282621787   0.0150603218   0.0269905101  -0.0347915188  -0.0657514554
       -0.0211878707  -0.2564662809  -0.0249036442   0.1276018069   0.5228966935
        0.1312098769  -0.1903801192  -0.1136462896   0.0208863358   0.0641007190
        0.0012487816  -0.0041573229   0.0013505358   0.0381245885   0.0248470232
       -0.0085998848  -0.0114312044  -0.0011586422   0.0064013861   0.0001116279
        0.0007468414   0.0003460409  -0.0130998308   0.0158781717   0.0196335264
        0.0000404013  -0.0065370809  -0.0017019910  -0.1047247895  -0.1061204252
       -0.0245546593
        0.0090364234  -0.0026284608  -0.0052359408  -0.0240013116  -0.0035028736
        0.0133879137  -0.0817290494  -0.0890073129   0.0247081417   0.1312098769
        0.5237751557   0.1962718946   0.0750761446  -0.1792995629  -0.1470191023
       -0.0050117748  -0.0022793239  -0.0032912235  -0.0108567132  -0.0434695994
       -0.0229243803   0.0171507730   0.0022486535  -0.0095337832   0.0005301740
        0.0006960269   0.0002196315  -0.0025282674   0.0029925166   0.0040975248
       -0.0031380458   0.0011090984   0.0000190165  -0.1057382297  -0.2106343176
       -0.0506996927
        0.0228360676  -0.0093371488  -0.0260396968   0.0077042014   0.0418936977
        0.0245556157   0.0882797467  -0.0140903045  -0.1140546194  -0.1903801192
        0.1962718946   0.3765247067   0.1016145386  -0.1100265263  -0.1864080972
        0.0007480891  -0.0038837900   0.0042336223  -0.0333037461  -0.0472904355
       -0.0096801896   0.0190555816   0.0029551323  -0.0118465806   0.0001795347
        0.0000732020  -0.0002441082   0.0068946448  -0.0084752803  -0.0109990231
        0.0006501839   0.0023445873   0.0053846206  -0.0242787230  -0.0504350285
       -0.0514262505
       -0.0268891564  -0.0225826640   0.0023131115   0.0008840925   0.0015813833
       -0.0022425258  -0.0225178578   0.0121209878   0.0246279311  -0.1136462896
        0.0750761446   0.1016145386   0.5092079767   0.1038813154  -0.2044973068
        0.0010571745   0.0003488443  -0.0004668053  -0.1313967641  -0.1172953760
       -0.0245640898  -0.0025356592  -0.0023886945   0.0047114366  -0.0025478454
       -0.0029685225   0.0047239824  -0.2236883496  -0.0440063076   0.1004896563
        0.0073513368   0.0069465753   0.0033162126   0.0047213418  -0.0107136861
       -0.0100261417
       -0.0512608089  -0.0002740008   0.0352501113  -0.0044355712  -0.0401418328
       -0.0219970949   0.0528388002   0.0319873674  -0.0148187174   0.0208863358
       -0.1792995629  -0.1100265263   0.1038813154   0.4999060464   0.2031439496
        0.0005414612  -0.0001627524  -0.0004921097  -0.0810184388  -0.2160467497
       -0.0608638347  -0.0028963697   0.0021738295  -0.0012394523  -0.0021372098
        0.0025562996  -0.0018577202  -0.0444134319  -0.0512145318   0.0168843460
        0.0007480739  -0.0292126429  -0.0243604628   0.0072658437  -0.0202714695
       -0.0196224885
       -0.0175466276   0.0156488634   0.0222171503  -0.0063925162  -0.0260975661
       -0.0176770871   0.0527955437   0.0129788756  -0.0258007262   0.0641007190
       -0.1470191023  -0.1864080972  -0.2044973068   0.2031439496   0.3845162218
       -0.0003260389  -0.0003550470  -0.0000117951   0.0005176690  -0.0361357968
       -0.0737353977   0.0043634420  -0.0015587733   0.0027089712   0.0053145148
       -0.0012997668   0.0028697724   0.1002326002   0.0166597814  -0.0887460121
       -0.0009869028  -0.0286364020  -0.0140925557   0.0024249037  -0.0073290158
       -0.0058404446
       -0.0137398012  -0.0021913185   0.0084661141  -0.2269186003  -0.0495811826
        0.0979524325  -0.0164270820  -0.0047632228   0.0081071302   0.0012487816
       -0.0050117748   0.0007480891   0.0010571745   0.0005414612  -0.0003260389
        0.2547462156   0.0592057831  -0.1168423032   0.0028762741  -0.0004567270
        0.0036163408   0.0001106046   0.0010505997  -0.0009972757   0.0001090015
        0.0007622641  -0.0016532090  -0.0006710541   0.0003465873  -0.0005371112
       -0.0011454461   0.0007176992   0.0010138042  -0.0012460681  -0.0006201689
        0.0004520272
        0.0158133856   0.0034627101  -0.0090170945  -0.0492095943  -0.0534418444
        0.0195379268  -0.0228905485  -0.0060402404   0.0112570393  -0.0041573229
       -0.0022793239  -0.0038837900   0.0003488443  -0.0001627524  -0.0003550470
        0.0592057831   0.0594600843  -0.0155545959  -0.0004567044   0.0003395581
       -0.0054251494   0.0002965504  -0.0000974855   0.0014075934   0.0015404889
       -0.0000664725   0.0010369911   0.0004120718  -0.0004729084   0.0006402364
        0.0005553781  -0.0000495171  -0.0001459181  -0.0014583322  -0.0006518080
        0.0005018079
        0.0209283665   0.0032653761  -0.0111355380   0.0982235383   0.0198135024
       -0.0864227693  -0.0044518064  -0.0011290220   0.0025360278   0.0013505358
       -0.0032912235   0.0042336223  -0.0004668053  -0.0004921097  -0.0000117951
       -0.1168423032  -0.0155545959   0.0924759187   0.0036090842  -0.0054184152
        0.0024293166  -0.0015164544   0.0008870347  -0.0007631214  -0.0011165349
        0.0015664936  -0.0012298521  -0.0004918275   0.0006844636  -0.0009926774
        0.0009040098  -0.0002657585  -0.0012023205  -0.0001298030  -0.0000657454
        0.0000831885
       -0.2330577642  -0.0702406001   0.0776090285  -0.0191606259   0.0513454127
        0.0488439975  -0.0363186707  -0.0277050970   0.0015852139   0.0381245885
       -0.0108567132  -0.0333037461  -0.1313967641  -0.0810184388   0.0005176690
        0.0028762741  -0.0004567044   0.0036090842   0.4579860121   0.1357446142
       -0.1461609346  -0.0001704623  -0.0007192648  -0.0005597763  -0.0149224174
       -0.0055752427   0.0069513465  -0.0173952905  -0.0240894226  -0.0041612440
       -0.0485827698   0.0336351032   0.0405715296   0.0020178903  -0.0000636467
        0.0044978319
       -0.0339895546  -0.0851768922  -0.0023117498   0.0156435248   0.0302220965
        0.0100031497  -0.0276964744  -0.0194183797   0.0095705485   0.0248470232
       -0.0434695994  -0.0472904355  -0.1172953760  -0.2160467497  -0.0361357968
       -0.0004567270   0.0003395581  -0.0054184152   0.1357446142   0.4332633447
        0.1337197632  -0.0007113581   0.0005153145   0.0010421740  -0.0252429221
       -0.0089249633   0.0104146651  -0.0044473661  -0.0057496704  -0.0015614783
        0.0336632828  -0.0870184123  -0.0671053826  -0.0000586668   0.0014643530
       -0.0049270424
        0.1026537314   0.0224531656  -0.1028896671   0.0241238927  -0.0143484794
       -0.0261314358   0.0015873521   0.0095706174  -0.0003602270  -0.0085998848
       -0.0229243803  -0.0096801896  -0.0245640898  -0.0608638347  -0.0737353977
        0.0036163408  -0.0054251494   0.0024293166  -0.1461609346   0.1337197632
        0.2988888924  -0.0005537304   0.0010329513   0.0008391212  -0.0066369502
       -0.0030253121   0.0034028263   0.0094453662   0.0118132339   0.0027020642
        0.0405950545  -0.0670730642  -0.0976322990   0.0044938521  -0.0049295112
        0.0021669955
        0.0007523821  -0.0039069480   0.0014016454   0.0046441067  -0.0085895886
       -0.0097031316  -0.0747204145   0.0546074712   0.0695185637  -0.0114312044
        0.0171507730   0.0190555816  -0.0025356592  -0.0028963697   0.0043634420
        0.0001106046   0.0002965504  -0.0015164544  -0.0001704623  -0.0007113581
       -0.0005537304   0.0844053553  -0.0575833856  -0.0827358509   0.0002268965
       -0.0006346264  -0.0002355592  -0.0008713051   0.0006207713   0.0013767229
       -0.0003274149   0.0004919033  -0.0001823848  -0.0000828848   0.0011548072
       -0.0007888444
       -0.0044026987  -0.0020735372  -0.0031143823   0.0097106131  -0.0184205073
       -0.0187341540   0.0546171861  -0.1385151286  -0.1135738916  -0.0011586422
        0.0022486535   0.0029551323  -0.0023886945   0.0021738295  -0.0015587733
        0.0010505997  -0.0000974855   0.0008870347  -0.0007192648   0.0005153145
        0.0010329513  -0.0575833856   0.1556670263   0.1320340731   0.0001255113
       -0.0012817988  -0.0013299680  -0.0001165701   0.0001370434  -0.0001786869
        0.0004655040  -0.0005204270   0.0000545283   0.0003998415   0.0001670170
        0.0015261364
        0.0010652583  -0.0034509882   0.0036556417   0.0029577311  -0.0062580828
       -0.0072459605   0.0695117016  -0.1135713049  -0.1541363228   0.0064013861
       -0.0095337832  -0.0118465806   0.0047114366  -0.0012394523   0.0027089712
       -0.0009972757   0.0014075934  -0.0007631214  -0.0005597763   0.0010421740
        0.0008391212  -0.0827358509   0.1320340731   0.1692971367   0.0002892741
       -0.0008079381  -0.0002302184   0.0008649173  -0.0006928856  -0.0005510768
       -0.0001950377   0.0000564751  -0.0009014033  -0.0013137644   0.0010141196
       -0.0008261870
       -0.0993404013  -0.1015365744  -0.0241369286   0.0041565452   0.0079126800
        0.0023216234   0.0020200498  -0.0001396177   0.0040722420   0.0001116279
        0.0005301740   0.0001795347  -0.0025478454  -0.0021372098   0.0053145148
        0.0001090015   0.0015404889  -0.0011165349  -0.0149224174  -0.0252429221
       -0.0066369502   0.0002268965   0.0001255113   0.0002892741   0.1119151062
        0.1192989707   0.0217521782  -0.0016520580  -0.0015032862  -0.0003581023
        0.0004369521   0.0008771227  -0.0009958727  -0.0005134570   0.0002746624
       -0.0006849785
       -0.1019270269  -0.2112484265  -0.0545283517  -0.0105000092  -0.0192330515
       -0.0058199555   0.0003698867   0.0005028369  -0.0055214742   0.0007468414
        0.0006960269   0.0000732020  -0.0029685225   0.0025562996  -0.0012997668
        0.0007622641  -0.0000664725   0.0015664936  -0.0055752427  -0.0089249633
       -0.0030253121  -0.0006346264  -0.0012817988  -0.0008079381   0.1192989707
        0.2376550719   0.0670960809  -0.0006217380  -0.0009408293   0.0002115899
        0.0007197251   0.0009411608   0.0014903932   0.0003294777  -0.0006558543
        0.0005650388
       -0.0244031208  -0.0547964105  -0.0531123255  -0.0104151610  -0.0183830369
       -0.0060548176   0.0044192195  -0.0051830350   0.0015174888   0.0003460409
        0.0002196315  -0.0002441082   0.0047239824  -0.0018577202   0.0028697724
       -0.0016532090   0.0010369911  -0.0012298521   0.0069513465   0.0104146651
        0.0034028263  -0.0002355592  -0.0013299680  -0.0002302184   0.0217521782
        0.0670960809   0.0544795343   0.0002515198   0.0008196872  -0.0002455527
       -0.0010901370   0.0013650848  -0.0002084633  -0.0006471002   0.0005980300
       -0.0009442840
        0.0011645981  -0.0047022271   0.0009864820   0.0008489915   0.0004211145
       -0.0003841135   0.0022484244   0.0002738080   0.0041844615  -0.0130998308
       -0.0025282674   0.0068946448  -0.2236883496  -0.0444134319   0.1002326002
       -0.0006710541   0.0004120718  -0.0004918275  -0.0173952905  -0.0044473661
        0.0094453662  -0.0008713051  -0.0001165701   0.0008649173  -0.0016520580
       -0.0006217380   0.0002515198   0.2521356698   0.0544880442  -0.1187990084
        0.0008613307   0.0004688837  -0.0015509368   0.0001188739   0.0007656784
       -0.0016341057
       -0.0038759658  -0.0022350715  -0.0040168352   0.0001926755  -0.0002616119
       -0.0001976844  -0.0002453733   0.0002031353  -0.0053079669   0.0158781717
        0.0029925166  -0.0084752803  -0.0440063076  -0.0512145318   0.0166597814
        0.0003465873  -0.0004729084   0.0006844636  -0.0240894226  -0.0057496704
        0.0118132339   0.0006207713   0.0001370434  -0.0006928856  -0.0015032862
       -0.0009408293   0.0008196872   0.0544880442   0.0570772319  -0.0135283087
        0.0006607656   0.0004929927   0.0011918830   0.0015333399  -0.0000282966
        0.0010499120
        0.0015763319  -0.0034488661   0.0039245532  -0.0005430153  -0.0003556803
       -0.0000269695   0.0038402102  -0.0056612653   0.0015661602   0.0196335264
        0.0040975248  -0.0109990231   0.1004896563   0.0168843460  -0.0887460121
       -0.0005371112   0.0006402364  -0.0009926774  -0.0041612440  -0.0015614783
        0.0027020642   0.0013767229  -0.0001786869  -0.0005510768  -0.0003581023
        0.0002115899  -0.0002455527  -0.1187990084  -0.0135283087   0.0946237818
       -0.0014091083   0.0013238636  -0.0000342107  -0.0011088583   0.0015767248
       -0.0012210371
       -0.0150553257   0.0173626931   0.0257758784  -0.0014414192  -0.0058891475
       -0.0002145977   0.0015752332   0.0024327175   0.0006084964   0.0000404013
       -0.0031380458   0.0006501839   0.0073513368   0.0007480739  -0.0009869028
       -0.0011454461   0.0005553781   0.0009040098  -0.0485827698   0.0336632828
        0.0405950545  -0.0003274149   0.0004655040  -0.0001950377   0.0004369521
        0.0007197251  -0.0010901370   0.0008613307   0.0006607656  -0.0014091083
        0.0562005906  -0.0477305354  -0.0643838472   0.0000865310   0.0001495885
       -0.0002539923
        0.0111525132  -0.0004357714  -0.0114640365  -0.0024660193   0.0030486952
        0.0008950508   0.0024309420  -0.0002148713  -0.0018066443  -0.0065370809
        0.0011090984   0.0023445873   0.0069465753  -0.0292126429  -0.0286364020
        0.0007176992  -0.0000495171  -0.0002657585   0.0336351032  -0.0870184123
       -0.0670730642   0.0004919033  -0.0005204270   0.0000564751   0.0008771227
        0.0009411608   0.0013650848   0.0004688837   0.0004929927   0.0013238636
       -0.0477305354   0.1135721065   0.1041386655   0.0000128931  -0.0017124116
       -0.0008778216
        0.0215035271  -0.0156941498  -0.0204850726   0.0021493149   0.0032069122
        0.0049634972   0.0006039896  -0.0017993840  -0.0016645414  -0.0017019910
        0.0000190165   0.0053846206   0.0033162126  -0.0243604628  -0.0140925557
        0.0010138042  -0.0001459181  -0.0012023205   0.0405715296  -0.0671053826
       -0.0976322990  -0.0001823848   0.0000545283  -0.0009014033  -0.0009958727
        0.0014903932  -0.0002084633  -0.0015509368   0.0011918830  -0.0000342107
       -0.0643838472   0.1041386655   0.1267208063  -0.0003433456  -0.0009961014
       -0.0008480575
        0.0003196164   0.0006866377   0.0002565939  -0.0027529089  -0.0023042697
        0.0053527030  -0.0148285760  -0.0236206857  -0.0060334295  -0.1047247895
       -0.1057382297  -0.0242787230   0.0047213418   0.0072658437   0.0024249037
       -0.0012460681  -0.0014583322  -0.0001298030   0.0020178903  -0.0000586668
        0.0044938521  -0.0000828848   0.0003998415  -0.0013137644  -0.0005134570
        0.0003294777  -0.0006471002   0.0001188739   0.0015333399  -0.0011088583
        0.0000865310   0.0000128931  -0.0003433456   0.1168844310   0.1229521505
        0.0213269713
        0.0008757699   0.0007815516  -0.0000636729  -0.0031612201   0.0028620696
       -0.0010041226  -0.0054935099  -0.0080722207  -0.0020289222  -0.1061204252
       -0.2106343176  -0.0504350285  -0.0107136861  -0.0202714695  -0.0073290158
       -0.0006201689  -0.0006518080  -0.0000657454  -0.0000636467   0.0014643530
       -0.0049295112   0.0011548072   0.0001670170   0.0010141196   0.0002746624
       -0.0006558543   0.0005980300   0.0007656784  -0.0000282966   0.0015767248
        0.0001495885  -0.0017124116  -0.0009961014   0.1229521505   0.2367513870
        0.0636632457
        0.0003898512   0.0000637417  -0.0002211672   0.0047541489  -0.0015909940
        0.0031015274   0.0065218913   0.0103481568   0.0029893113  -0.0245546593
       -0.0506996927  -0.0514262505  -0.0100261417  -0.0196224885  -0.0058404446
        0.0004520272   0.0005018079   0.0000831885   0.0044978319  -0.0049270424
        0.0021669955  -0.0007888444   0.0015261364  -0.0008261870  -0.0006849785
        0.0005650388  -0.0009442840  -0.0016341057   0.0010499120  -0.0012210371
       -0.0002539923  -0.0008778216  -0.0008480575   0.0213269713   0.0636632457
        0.0529864053
