           1           2   1.47499909062857     
           2           3   1.41229810928861     
           3           4   1.41228653912825     
           4           5   1.47501074496839     
           2           6  0.970510807284943     
           1           7   1.33695022850727     
           5           7   1.33694133676342     
           3           8  0.972313662534540     
           1           9  0.972113043677888     
           5          10  0.972112880696525     
           7          11   1.18941437814614     
           4          12  0.970511190170031     
