$hessian                                                                        
        0.5336205663   0.2517458475  -0.1573510568  -0.3046068793  -0.1128834097
        0.1743173655  -0.0381172452  -0.0090547623   0.0276456855  -0.1594732398
       -0.1114467989  -0.0639589954  -0.0043362495  -0.0013988047   0.0170688424
       -0.0270869524  -0.0169620719   0.0022781588
        0.2517458475   0.2187137908   0.0816466430  -0.1153182408  -0.0758809808
        0.0539373932  -0.0098622038  -0.0372744027  -0.0679586626  -0.1111094221
       -0.1039038569  -0.0634334088   0.0066159328   0.0092560302  -0.0067859588
       -0.0220719136  -0.0109105806   0.0025939941
       -0.1573510568   0.0816466430   0.5553948819   0.1671453145   0.0495791940
       -0.1782866198   0.0253641074  -0.0693755852  -0.2552962651  -0.0630150398
       -0.0628468674  -0.0841414730   0.0404988874   0.0075705799  -0.0428960763
       -0.0126422126  -0.0065739642   0.0052255524
       -0.3046068793  -0.1153182408   0.1671453145   0.5289355886   0.1504531801
       -0.2719766649  -0.0045528893   0.0019644501  -0.0033748511  -0.0195491222
       -0.0062701861   0.0072050118  -0.1023732355   0.0121299084   0.1277726289
       -0.0978534623  -0.0429591117  -0.0267714391
       -0.1128834097  -0.0758809808   0.0495791940   0.1504531801   0.2354908235
        0.0312773033   0.0107140601  -0.0053173795  -0.0064540608  -0.0141235253
       -0.0112452300   0.0079198108   0.0033073262  -0.0702592143  -0.0625451576
       -0.0374676314  -0.0727880189  -0.0197770897
        0.1743173655   0.0539373932  -0.1782866198  -0.2719766649   0.0312773033
        0.7103436147   0.0220282271   0.0092040648  -0.0224780554  -0.0155887278
       -0.0061042707   0.0048856853   0.1019798714  -0.0783544267  -0.4618846641
       -0.0107600712  -0.0099600639  -0.0525799608
       -0.0381172452  -0.0098622038   0.0253641074  -0.0045528893   0.0107140601
        0.0220282271   0.0446801039   0.0085931869  -0.0327806171  -0.0001051589
       -0.0055897908  -0.0211305858  -0.0016733488  -0.0057698303   0.0061126193
       -0.0002314617   0.0019145779   0.0004062491
       -0.0090547623  -0.0372744027  -0.0693755852   0.0019644501  -0.0053173795
        0.0092040648   0.0085931869   0.0438954967   0.0764082549   0.0016690139
       -0.0077077990  -0.0172273406  -0.0049718979   0.0077135952  -0.0010631700
        0.0018000093  -0.0013095107   0.0020537761
        0.0276456855  -0.0679586626  -0.2552962651  -0.0033748511  -0.0064540608
       -0.0224780554  -0.0327806171   0.0764082549   0.2935861570   0.0000202922
       -0.0042314506  -0.0151693233   0.0084130161   0.0003885706  -0.0027797767
        0.0000764743   0.0018473484   0.0021372635
       -0.1594732398  -0.1111094221  -0.0630150398  -0.0195491222  -0.0141235253
       -0.0155887278  -0.0001051589   0.0016690139   0.0000202922   0.1808210329
        0.1281637997   0.0743865748   0.0022968520   0.0036170013   0.0004414272
       -0.0039903639  -0.0082168674   0.0037554734
       -0.1114467989  -0.1039038569  -0.0628468674  -0.0062701861  -0.0112452300
       -0.0061042707  -0.0055897908  -0.0077077990  -0.0042314506   0.1281637997
        0.1172953018   0.0720275240   0.0030152063  -0.0007102148   0.0022720400
       -0.0078722302   0.0062717987  -0.0011169753
       -0.0639589954  -0.0634334088  -0.0841414730   0.0072050118   0.0079198108
        0.0048856853  -0.0211305858  -0.0172273406  -0.0151693233   0.0743865748
        0.0720275240   0.0904653549  -0.0012945267   0.0011891004   0.0024421058
        0.0047925214  -0.0004756858   0.0015176503
       -0.0043362495   0.0066159328   0.0404988874  -0.1023732355   0.0033073262
        0.1019798714  -0.0016733488  -0.0049718979   0.0084130161   0.0022968520
        0.0030152063  -0.0012945267   0.0891856888  -0.0065498239  -0.1338470354
        0.0169002929  -0.0014167435  -0.0157502127
       -0.0013988047   0.0092560302   0.0075705799   0.0121299084  -0.0702592143
       -0.0783544267  -0.0057698303   0.0077135952   0.0003885706   0.0036170013
       -0.0007102148   0.0011891004  -0.0065498239   0.0558840526   0.1013897500
       -0.0020284508  -0.0018842489  -0.0321835743
        0.0170688424  -0.0067859588  -0.0428960763   0.1277726289  -0.0625451576
       -0.4618846641   0.0061126193  -0.0010631700  -0.0027797767   0.0004414272
        0.0022720400   0.0024421058  -0.1338470354   0.1013897500   0.5602384295
       -0.0175484824  -0.0332675037  -0.0551200181
       -0.0270869524  -0.0220719136  -0.0126422126  -0.0978534623  -0.0374676314
       -0.0107600712  -0.0002314617   0.0018000093   0.0000764743  -0.0039903639
       -0.0078722302   0.0047925214   0.0169002929  -0.0020284508  -0.0175484824
        0.1122619474   0.0676402167   0.0360817705
       -0.0169620719  -0.0109105806  -0.0065739642  -0.0429591117  -0.0727880189
       -0.0099600639   0.0019145779  -0.0013095107   0.0018473484  -0.0082168674
        0.0062717987  -0.0004756858  -0.0014167435  -0.0018842489  -0.0332675037
        0.0676402167   0.0806205604   0.0484298691
        0.0022781588   0.0025939941   0.0052255524  -0.0267714391  -0.0197770897
       -0.0525799608   0.0004062491   0.0020537761   0.0021372635   0.0037554734
       -0.0011169753   0.0015176503  -0.0157502127  -0.0321835743  -0.0551200181
        0.0360817705   0.0484298691   0.0988195127
