$hessian                                                                        
        0.6093057180   0.1756829840   0.1925369487  -0.0783799526   0.0226536909
       -0.0471576777  -0.0222785665   0.0081228301  -0.0266201781   0.0120985718
        0.0036314587   0.0134344591  -0.0390742870  -0.0198477753  -0.0081721688
       -0.1008425369  -0.0676067076   0.0412065047   0.0020212645   0.0011735898
        0.0003831147   0.0038224127   0.0073550666  -0.0063185577   0.0045092786
       -0.0104838759   0.0146356189  -0.0011909657  -0.0046060180  -0.0048161383
       -0.0114731928  -0.0035087965  -0.0058538290   0.0002462991  -0.0040404819
       -0.0046717925   0.0019786399  -0.0003076731   0.0020372014  -0.3626364491
       -0.1001895000  -0.1549160413  -0.0181062341  -0.0080287919  -0.0057074641
        0.1756829840   0.3863860035  -0.1355495970   0.0081428386  -0.1112956019
        0.0734912208   0.0219510277   0.0168232428  -0.0036546769   0.0048613754
       -0.0178657489   0.0149867268  -0.0365113007  -0.0073470465  -0.0252000821
       -0.0494115744  -0.1501982125   0.0678220148   0.0003363717  -0.0000289228
        0.0002248945  -0.0075212466  -0.0107838250   0.0082864539   0.0040097156
       -0.0126878538   0.0207617400  -0.0055427153   0.0048267751   0.0024645222
       -0.0043860519  -0.0012396554  -0.0019763537  -0.0028238288   0.0059387731
        0.0036554767   0.0011023302  -0.0004594397   0.0015464509  -0.1291434996
       -0.1053289241  -0.0392042292   0.0192535742   0.0032604362   0.0123454384
        0.1925369487  -0.1355495970   0.4664878692  -0.0298787946   0.0859256157
       -0.1809838268  -0.0428089518  -0.0154417950  -0.0206574815   0.0119552246
        0.0139244070  -0.0147749939   0.0114549558  -0.0109518918   0.0203332146
        0.0200257746   0.0523752848  -0.1007344554   0.0013481993   0.0009215706
        0.0000312789   0.0106911705   0.0207801492  -0.0134758946  -0.0026087061
        0.0083597553  -0.0098613448  -0.0038443301   0.0032591964   0.0039356670
       -0.0048256517  -0.0012069233  -0.0024350108  -0.0059644188   0.0026445135
        0.0028772421   0.0003666231   0.0003217711  -0.0000574744  -0.1206168234
       -0.0143012117  -0.1310084156  -0.0378312201  -0.0110608449  -0.0196763740
       -0.0783799526   0.0081428386  -0.0298787946   0.6058585777   0.2122000616
        0.1806794263  -0.3305933704  -0.0796085582  -0.1584029767  -0.0449675086
       -0.0435605241   0.0117105213  -0.0115041567   0.0052483729  -0.0145255845
        0.0192789194   0.0040308854   0.0107596877  -0.0019798812  -0.0011194297
       -0.0003548974  -0.0002586192  -0.0044055794   0.0010044010  -0.1193914651
       -0.1075458330   0.0506433761  -0.0107184464  -0.0021474392  -0.0075704003
        0.0083149423  -0.0014795058   0.0054326224   0.0000997119   0.0006772380
       -0.0004279926  -0.0003122582   0.0009230801  -0.0010093774  -0.0320097821
        0.0124915659  -0.0409306754  -0.0034367107  -0.0038471731  -0.0071293361
        0.0226536909  -0.1112956019   0.0859256157   0.2122000616   0.3885588420
       -0.1559355870  -0.1081653131  -0.0869781743  -0.0312280871  -0.0247885927
       -0.0125212140  -0.0049201000   0.0003128553   0.0004769970  -0.0022129849
       -0.0000799178  -0.0167193462   0.0208773692  -0.0009898427   0.0000637087
       -0.0008689590  -0.0036833086  -0.0013476023   0.0036646151  -0.1075013477
       -0.1740070088   0.0766568622   0.0112826576   0.0037078989   0.0065553302
       -0.0046761593  -0.0026882305   0.0037868693   0.0002325463   0.0003211158
       -0.0004850476   0.0014900993   0.0000566456   0.0006805440   0.0070186536
        0.0077184320  -0.0044163345  -0.0053060827   0.0046535379   0.0019198944
       -0.0471576777   0.0734912208  -0.1809838268   0.1806794263  -0.1559355870
        0.4389085609  -0.1250481272  -0.0070072696  -0.1333528107  -0.0100904137
       -0.0208466578   0.0171428127  -0.0088987198   0.0020251486  -0.0115810480
        0.0156460004   0.0244283988  -0.0141534174  -0.0003652637  -0.0008094539
        0.0006281260   0.0003060200   0.0030519665   0.0010160779   0.0506790665
        0.0765686024  -0.0775918519  -0.0233077838  -0.0048974518  -0.0130331625
        0.0088445625   0.0064355617   0.0039432550   0.0000422631  -0.0001076742
       -0.0000538331  -0.0015401824   0.0000818105  -0.0018506564  -0.0343883719
        0.0003239350  -0.0308275301  -0.0054007985   0.0031974499   0.0017893044
       -0.0222785665   0.0219510277  -0.0428089518  -0.3305933704  -0.1081653131
       -0.1250481272   0.5862783792   0.1772261072   0.1973543931  -0.1113260059
       -0.0714408508   0.0264513419   0.0177846699  -0.0047911618   0.0204775916
       -0.0175483102  -0.0086567516  -0.0032250877  -0.0027922506  -0.0037193328
       -0.0038354514  -0.0006242622  -0.0005958414   0.0003964880  -0.0190438238
       -0.0076351179  -0.0060985849  -0.0675446311   0.0355242094  -0.0699187136
       -0.0408362612  -0.0243858056   0.0005666483   0.0003218931  -0.0003385493
       -0.0032830644  -0.0008672404  -0.0056326662   0.0051350835   0.0090278526
        0.0017866995   0.0037806778   0.0000419276  -0.0011266533   0.0000557566
        0.0081228301   0.0168232428  -0.0154417950  -0.0796085582  -0.0869781743
       -0.0070072696   0.1772261072   0.3882032627  -0.1749540007  -0.0911813833
       -0.1704540364   0.0709238253   0.0060311016  -0.0232809633   0.0327265095
       -0.0135342156  -0.0077392356  -0.0047497465  -0.0014066369   0.0043890368
        0.0015399256  -0.0005784270  -0.0000184445  -0.0002286867  -0.0213729148
       -0.0092842048  -0.0086329652   0.0357561932  -0.0936287673   0.1000376973
       -0.0246510500  -0.0152496927  -0.0122546646  -0.0007258658   0.0006369832
        0.0039157801   0.0010717790  -0.0030986781   0.0056304609   0.0043609977
       -0.0007342950   0.0066848513   0.0004900429   0.0004139663   0.0018100782
       -0.0266201781  -0.0036546769  -0.0206574815  -0.1584029767  -0.0312280871
       -0.1333528107   0.1973543931  -0.1749540007   0.4843341346   0.0495808375
        0.0877342276  -0.1046544427   0.0078620663   0.0235250169  -0.0206186998
        0.0025644342  -0.0005535924   0.0009196343  -0.0064772545  -0.0004046120
        0.0017016399   0.0001109766  -0.0004474794   0.0006405425   0.0098962079
        0.0029751226   0.0037217410  -0.0702195293   0.0998059150  -0.2116766288
        0.0008057599  -0.0120081346   0.0069466408  -0.0027633655   0.0043060385
       -0.0028182671  -0.0027374974  -0.0001232108  -0.0012722241   0.0009205150
        0.0046298753  -0.0027087357  -0.0018743893   0.0003975981  -0.0005050426
        0.0120985718   0.0048613754   0.0119552246  -0.0449675086  -0.0247885927
       -0.0100904137  -0.1113260059  -0.0911813833   0.0495808375   0.5037637285
        0.1705499207   0.1409085495  -0.0747484257   0.0270118798  -0.0581157878
       -0.0274869952   0.0036477232  -0.0283444429  -0.0425507622  -0.0387067808
       -0.0013535159  -0.0016865906  -0.0039152690  -0.0052656658  -0.0011835615
       -0.0042629575  -0.0043954094   0.0061105452   0.0053346588  -0.0027838495
       -0.1914877705  -0.0423356862  -0.0641188875   0.0056993729  -0.0081582958
        0.0127987915  -0.0218400608   0.0057506232  -0.0359695825  -0.0109392253
       -0.0044408310  -0.0043832572   0.0005446880   0.0006336153  -0.0004225908
        0.0036314587  -0.0178657489   0.0139244070  -0.0435605241  -0.0125212140
       -0.0208466578  -0.0714408508  -0.1704540364   0.0877342276   0.1705499207
        0.4098734139  -0.2151438303   0.0071636762  -0.1158618994   0.0907187116
        0.0230289528   0.0144632165   0.0037470553  -0.0496038451  -0.0228627024
       -0.0005840385  -0.0048409950   0.0047261135   0.0013742698  -0.0031532459
        0.0051879489   0.0025251280  -0.0068944114  -0.0115700600   0.0099168204
       -0.0427149555  -0.0805404488  -0.0095564037   0.0039900875  -0.0122781843
        0.0202182986   0.0169280552   0.0084221184   0.0192186248  -0.0029141872
        0.0008344222  -0.0026981028  -0.0001691360   0.0004470609  -0.0005485100
        0.0134344591   0.0149867268  -0.0147749939   0.0117105213  -0.0049201000
        0.0171428127   0.0264513419   0.0709238253  -0.1046544427   0.1409085495
       -0.2151438303   0.4749336678  -0.0348512384   0.1076270450  -0.1994001574
       -0.0511914631  -0.0127871100  -0.0275891259   0.0113516884   0.0085443254
        0.0120542698  -0.0038616483   0.0022784544   0.0034366679  -0.0055295006
        0.0016219839   0.0029426621   0.0116862914   0.0203720291  -0.0121191882
       -0.0635072429  -0.0091767732  -0.1009356640  -0.0015573299   0.0098280246
       -0.0107477179  -0.0491913409   0.0097860584  -0.0406820831  -0.0064089712
       -0.0040988992  -0.0000258318   0.0005558839   0.0001582397   0.0004191247
       -0.0390742870  -0.0365113007   0.0114549558  -0.0115041567   0.0003128553
       -0.0088987198   0.0177846699   0.0060311016   0.0078620663  -0.0747484257
        0.0071636762  -0.0348512384   0.5918753458   0.2004122367   0.1746139938
       -0.3267686950  -0.0788878637  -0.1557365362   0.0002112674   0.0040678783
       -0.0053151823  -0.0119955919  -0.0012967129  -0.0073838582  -0.0001162222
        0.0006210895  -0.0007290498  -0.0010633870  -0.0042438544   0.0004251243
       -0.0287542741   0.0101081682  -0.0294817992  -0.1197506634  -0.1057464104
        0.0514879199  -0.0033270585  -0.0032095885  -0.0049395834   0.0075820184
        0.0013297153   0.0015311712  -0.0003505399  -0.0001509904  -0.0000392640
       -0.0198477753  -0.0073470465  -0.0109518918   0.0052483729   0.0004769970
        0.0020251486  -0.0047911618  -0.0232809633   0.0235250169   0.0270118798
       -0.1158618994   0.1076270450   0.2004122367   0.4033093069  -0.1720164090
       -0.1089975452  -0.0874164250  -0.0316722494  -0.0031258255  -0.0017353210
        0.0004646035   0.0129841561   0.0021439420   0.0069129922   0.0003533619
        0.0004580291  -0.0002430737  -0.0038446635  -0.0014371575   0.0035382919
        0.0107301452   0.0045734492  -0.0056203759  -0.1061621357  -0.1746200380
        0.0733902008  -0.0053062938   0.0036395261  -0.0008269586  -0.0051439206
       -0.0029579536   0.0036232157   0.0004791685   0.0000555540   0.0002244436
       -0.0081721688  -0.0252000821   0.0203332146  -0.0145255845  -0.0022129849
       -0.0115810480   0.0204775916   0.0327265095  -0.0206186998  -0.0581157878
        0.0907187116  -0.1994001574   0.1746139938  -0.1720164090   0.4609593981
       -0.1203238576  -0.0060226368  -0.1307733484   0.0030192500   0.0065359192
       -0.0040949444  -0.0242743436  -0.0051952311  -0.0157078019  -0.0005249630
        0.0000146704  -0.0003219475  -0.0001194162   0.0032243578   0.0005743703
       -0.0301472207  -0.0061080943  -0.0264588371   0.0520374788   0.0737221941
       -0.0769413427  -0.0024040450   0.0009870108   0.0034979974   0.0092349953
        0.0091403144   0.0009207852  -0.0007759224  -0.0003142496  -0.0003876385
       -0.1008425369  -0.0494115744   0.0200257746   0.0192789194  -0.0000799178
        0.0156460004  -0.0175483102  -0.0135342156   0.0025644342  -0.0274869952
        0.0230289528  -0.0511914631  -0.3267686950  -0.1089975452  -0.1203238576
        0.5775567359   0.1723856722   0.2073401522  -0.0012925091  -0.0011104610
        0.0006681803  -0.0638756188   0.0296258981  -0.0640254157   0.0009323938
       -0.0000853526  -0.0033149187  -0.0001603981  -0.0003456278   0.0004430303
        0.0114618500   0.0029628571   0.0024571014  -0.0178114804  -0.0082680232
       -0.0074264010  -0.0015141898   0.0002540241  -0.0014972631  -0.0528333280
       -0.0488345003  -0.0046984506   0.0009041624   0.0024098136   0.0033330963
       -0.0676067076  -0.1501982125   0.0523752848   0.0040308854  -0.0167193462
        0.0244283988  -0.0086567516  -0.0077392356  -0.0005535924   0.0036477232
        0.0144632165  -0.0127871100  -0.0788878637  -0.0874164250  -0.0060226368
        0.1723856722   0.3578521681  -0.1588345841  -0.0016940695  -0.0013699737
       -0.0005146561   0.0288963953  -0.0934770670   0.0992142918  -0.0005914344
        0.0010921205   0.0038000932   0.0000230284   0.0000238237  -0.0003236162
        0.0061653720   0.0019727823   0.0081859565  -0.0218287153  -0.0067732101
       -0.0078384845   0.0001285805   0.0006308075  -0.0007353351  -0.0407467207
       -0.0117498687   0.0023109213   0.0047346057  -0.0005915798  -0.0027049313
        0.0412065047   0.0678220148  -0.1007344554   0.0107596877   0.0208773692
       -0.0141534174  -0.0032250877  -0.0047497465   0.0009196343  -0.0283444429
        0.0037470553  -0.0275891259  -0.1557365362  -0.0316722494  -0.1307733484
        0.2073401522  -0.1588345841   0.4596028179   0.0014791218   0.0001024845
        0.0005244603  -0.0629882924   0.0999855551  -0.2004397440  -0.0026114055
        0.0043013998  -0.0024746646   0.0000547486  -0.0006138760   0.0005015070
       -0.0014602504   0.0053582032  -0.0030826942   0.0084174173   0.0036699894
        0.0052251120  -0.0013350126  -0.0006565391  -0.0003750527  -0.0141750815
       -0.0046736928   0.0131567458   0.0006184768  -0.0046633835  -0.0003077747
        0.0020212645   0.0003363717   0.0013481993  -0.0019798812  -0.0009898427
       -0.0003652637  -0.0027922506  -0.0014066369  -0.0064772545  -0.0425507622
       -0.0496038451   0.0113516884   0.0002112674  -0.0031258255   0.0030192500
       -0.0012925091  -0.0016940695   0.0014791218   0.2302047195   0.2143865499
       -0.0765556966   0.0001094422   0.0001999931  -0.0003773402  -0.0009715112
       -0.0000617612   0.0002016652   0.0001744002   0.0002355146  -0.0000333302
       -0.2005660719  -0.1633355837   0.0745937174  -0.0015087741   0.0005059134
       -0.0017904709   0.0211850397   0.0053071320  -0.0052531019  -0.0023861095
       -0.0014697286  -0.0005238357   0.0001417363   0.0007158184  -0.0006173485
        0.0011735898  -0.0000289228   0.0009215706  -0.0011194297   0.0000637087
       -0.0008094539  -0.0037193328   0.0043890368  -0.0004046120  -0.0387067808
       -0.0228627024   0.0085443254   0.0040678783  -0.0017353210   0.0065359192
       -0.0011104610  -0.0013699737   0.0001024845   0.2143865499   0.3221868082
       -0.1675278357   0.0001243180   0.0002422196  -0.0004431206   0.0001633350
       -0.0008362312  -0.0006186964   0.0005876605   0.0002999317  -0.0001829677
       -0.1516349448  -0.2739500075   0.1189593097   0.0003683332   0.0024525010
       -0.0022612439  -0.0227268345  -0.0286352831   0.0379969182  -0.0020649056
       -0.0008832678  -0.0000226253   0.0002110246   0.0006675036  -0.0007899721
        0.0003831147   0.0002248945   0.0000312789  -0.0003548974  -0.0008689590
        0.0006281260  -0.0038354514   0.0015399256   0.0017016399  -0.0013535159
       -0.0005840385   0.0120542698  -0.0053151823   0.0004646035  -0.0040949444
        0.0006681803  -0.0005146561   0.0005244603  -0.0765556966  -0.1675278357
        0.1558625003  -0.0000629771  -0.0000974257   0.0002040046   0.0000868692
       -0.0006385283  -0.0004036899  -0.0003568489  -0.0004037709   0.0000274568
        0.0608275874   0.1090702199  -0.1391443937  -0.0017896632  -0.0023397501
        0.0012157476   0.0276361562   0.0617242349  -0.0288855952   0.0000366953
        0.0002845808   0.0000373767  -0.0000143704  -0.0003334949   0.0002417623
        0.0038224127  -0.0075212466   0.0106911705  -0.0002586192  -0.0036833086
        0.0003060200  -0.0006242622  -0.0005784270   0.0001109766  -0.0016865906
       -0.0048409950  -0.0038616483  -0.0119955919   0.0129841561  -0.0242743436
       -0.0638756188   0.0288963953  -0.0629882924   0.0001094422   0.0001243180
       -0.0000629771   0.0733656919  -0.0292843888   0.0781609519   0.0000472576
       -0.0001602912   0.0009319558  -0.0002789342   0.0003525316   0.0002508469
        0.0005845924   0.0002476712  -0.0016651187  -0.0001556923   0.0021560806
        0.0009578293  -0.0009979974   0.0003737408  -0.0001529947   0.0022411516
        0.0004096891   0.0020791128  -0.0002972417   0.0005240744  -0.0004834890
        0.0073550666  -0.0107838250   0.0207801492  -0.0044055794  -0.0013476023
        0.0030519665  -0.0005958414  -0.0000184445  -0.0004474794  -0.0039152690
        0.0047261135   0.0022784544  -0.0012967129   0.0021439420  -0.0051952311
        0.0296258981  -0.0934770670   0.0999855551   0.0001999931   0.0002422196
       -0.0000974257  -0.0292843888   0.1002313841  -0.1167602095   0.0006105551
       -0.0011801920   0.0009385673   0.0003362599  -0.0004333502  -0.0004484323
       -0.0011411014   0.0007711025   0.0006919279   0.0013772525  -0.0010748261
       -0.0025444296   0.0004001500  -0.0004725005  -0.0006608136   0.0014650304
        0.0004869627  -0.0001866957  -0.0007313128   0.0001860833  -0.0013859034
       -0.0063185577   0.0082864539  -0.0134758946   0.0010044010   0.0036646151
        0.0010160779   0.0003964880  -0.0002286867   0.0006405425  -0.0052656658
        0.0013742698   0.0034366679  -0.0073838582   0.0069129922  -0.0157078019
       -0.0640254157   0.0992142918  -0.2004397440  -0.0003773402  -0.0004431206
        0.0002040046   0.0781609519  -0.1167602095   0.2251798554   0.0000222232
        0.0002723101  -0.0011341204   0.0002585861  -0.0004354482  -0.0003285163
        0.0004907908   0.0020315278   0.0002590581   0.0018675930  -0.0018679751
       -0.0004567773  -0.0003305324  -0.0005183707  -0.0010419447   0.0005111457
       -0.0011781735   0.0010837135   0.0009891901  -0.0003244765   0.0007648793
        0.0045092786   0.0040097156  -0.0026087061  -0.1193914651  -0.1075013477
        0.0506790665  -0.0190438238  -0.0213729148   0.0098962079  -0.0011835615
       -0.0031532459  -0.0055295006  -0.0001162222   0.0003533619  -0.0005249630
        0.0009323938  -0.0005914344  -0.0026114055  -0.0009715112   0.0001633350
        0.0000868692   0.0000472576   0.0006105551   0.0000222232   0.1348553759
        0.1266452005  -0.0529517892  -0.0001651667   0.0013099109   0.0019269731
        0.0001081491  -0.0017949108   0.0004018075  -0.0002873689   0.0003748549
        0.0002936969   0.0000899761  -0.0000674152   0.0001589637   0.0006422190
        0.0009534971   0.0007800277  -0.0000255306   0.0000608378  -0.0000194714
       -0.0104838759  -0.0126878538   0.0083597553  -0.1075458330  -0.1740070088
        0.0765686024  -0.0076351179  -0.0092842048   0.0029751226  -0.0042629575
        0.0051879489   0.0016219839   0.0006210895   0.0004580291   0.0000146704
       -0.0000853526   0.0010921205   0.0043013998  -0.0000617612  -0.0008362312
       -0.0006385283  -0.0001602912  -0.0011801920   0.0002723101   0.1266452005
        0.1912179020  -0.0902333755   0.0021446363  -0.0011496161  -0.0017617807
       -0.0001679445   0.0005020925   0.0017746510   0.0003703643  -0.0004737802
       -0.0004763681  -0.0001639869   0.0001837060  -0.0003621922   0.0009337930
        0.0007241883  -0.0018949328  -0.0001479632   0.0002528995  -0.0005213178
        0.0146356189   0.0207617400  -0.0098613448   0.0506433761   0.0766568622
       -0.0775918519  -0.0060985849  -0.0086329652   0.0037217410  -0.0043954094
        0.0025251280   0.0029426621  -0.0007290498  -0.0002430737  -0.0003219475
       -0.0033149187   0.0038000932  -0.0024746646   0.0002016652  -0.0006186964
       -0.0004036899   0.0009319558   0.0009385673  -0.0011341204  -0.0529517892
       -0.0902333755   0.0832965300   0.0009418863  -0.0024995591  -0.0004901345
       -0.0011715141   0.0004769951   0.0005490948   0.0002913334  -0.0004740492
       -0.0003379641   0.0001782500  -0.0001685507   0.0003538353   0.0006184224
       -0.0019296922   0.0012288135   0.0002187578  -0.0003594238   0.0005230409
       -0.0011909657  -0.0055427153  -0.0038443301  -0.0107184464   0.0112826576
       -0.0233077838  -0.0675446311   0.0357561932  -0.0702195293   0.0061105452
       -0.0068944114   0.0116862914  -0.0010633870  -0.0038446635  -0.0001194162
       -0.0001603981   0.0000230284   0.0000547486   0.0001744002   0.0005876605
       -0.0003568489  -0.0002789342   0.0003362599   0.0002585861  -0.0001651667
        0.0021446363   0.0009418863   0.0766043522  -0.0338306338   0.0845736157
        0.0005709904   0.0001991632   0.0016956583   0.0002807076  -0.0006435018
        0.0007416672  -0.0018503473  -0.0005992280  -0.0008814143  -0.0000685385
        0.0004206260  -0.0012156219  -0.0007001807   0.0006049287  -0.0000075091
       -0.0046060180   0.0048267751   0.0032591964  -0.0021474392   0.0037078989
       -0.0048974518   0.0355242094  -0.0936287673   0.0998059150   0.0053346588
       -0.0115700600   0.0203720291  -0.0042438544  -0.0014371575   0.0032243578
       -0.0003456278   0.0000238237  -0.0006138760   0.0002355146   0.0002999317
       -0.0004037709   0.0003525316  -0.0004333502  -0.0004354482   0.0013099109
       -0.0011496161  -0.0024995591  -0.0338306338   0.1002274702  -0.1183780566
        0.0026898494  -0.0017562144   0.0023615565   0.0002942486  -0.0006116575
        0.0013144552  -0.0006637997   0.0016325648  -0.0024688927  -0.0002992270
        0.0005613334   0.0000092299   0.0003956765  -0.0006929750  -0.0006496846
       -0.0048161383   0.0024645222   0.0039356670  -0.0075704003   0.0065553302
       -0.0130331625  -0.0699187136   0.1000376973  -0.2116766288  -0.0027838495
        0.0099168204  -0.0121191882   0.0004251243   0.0035382919   0.0005743703
        0.0004430303  -0.0003236162   0.0005015070  -0.0000333302  -0.0001829677
        0.0000274568   0.0002508469  -0.0004484323  -0.0003285163   0.0019269731
       -0.0017617807  -0.0004901345   0.0845736157  -0.1183780566   0.2352326091
       -0.0010879359   0.0003300032  -0.0030462128  -0.0003641178   0.0005104838
       -0.0006185568  -0.0008284974  -0.0023917731   0.0021234646  -0.0004644001
        0.0006085686  -0.0003102312   0.0002477927  -0.0004750909  -0.0007724437
       -0.0114731928  -0.0043860519  -0.0048256517   0.0083149423  -0.0046761593
        0.0088445625  -0.0408362612  -0.0246510500   0.0008057599  -0.1914877705
       -0.0427149555  -0.0635072429  -0.0287542741   0.0107301452  -0.0301472207
        0.0114618500   0.0061653720  -0.0014602504  -0.2005660719  -0.1516349448
        0.0608275874   0.0005845924  -0.0011411014   0.0004907908   0.0001081491
       -0.0001679445  -0.0011715141   0.0005709904   0.0026898494  -0.0010879359
        0.5687204622   0.1705098803   0.1212521248  -0.0002356925  -0.0020838649
        0.0035155922  -0.1263039807   0.0372705107  -0.0978964907   0.0104179293
        0.0054112866   0.0029219884  -0.0005216720  -0.0013209720   0.0014379005
       -0.0035087965  -0.0012396554  -0.0012069233  -0.0014795058  -0.0026882305
        0.0064355617  -0.0243858056  -0.0152496927  -0.0120081346  -0.0423356862
       -0.0805404488  -0.0091767732   0.0101081682   0.0045734492  -0.0061080943
        0.0029628571   0.0019727823   0.0053582032  -0.1633355837  -0.2739500075
        0.1090702199   0.0002476712   0.0007711025   0.0020315278  -0.0017949108
        0.0005020925   0.0004769951   0.0001991632  -0.0017562144   0.0003300032
        0.1705098803   0.5304995117  -0.2537544411   0.0006263978  -0.0031867593
        0.0019094676   0.0488508732  -0.1599268425   0.1555305161   0.0032523141
        0.0008301605   0.0007019488   0.0000829634  -0.0006112477   0.0004099233
       -0.0058538290  -0.0019763537  -0.0024350108   0.0054326224   0.0037868693
        0.0039432550   0.0005666483  -0.0122546646   0.0069466408  -0.0641188875
       -0.0095564037  -0.1009356640  -0.0294817992  -0.0056203759  -0.0264588371
        0.0024571014   0.0081859565  -0.0030826942   0.0745937174   0.1189593097
       -0.1391443937  -0.0016651187   0.0006919279   0.0002590581   0.0004018075
        0.0017746510   0.0005490948   0.0016956583   0.0023615565  -0.0030462128
        0.1212521248  -0.2537544411   0.5921847244   0.0006548068  -0.0002590924
       -0.0011291529  -0.1114309078   0.1458139602  -0.3288697259   0.0057638691
        0.0026305191   0.0007676717  -0.0002678139  -0.0007834187   0.0004512466
        0.0002462991  -0.0028238288  -0.0059644188   0.0000997119   0.0002325463
        0.0000422631   0.0003218931  -0.0007258658  -0.0027633655   0.0056993729
        0.0039900875  -0.0015573299  -0.1197506634  -0.1061621357   0.0520374788
       -0.0178114804  -0.0218287153   0.0084174173  -0.0015087741   0.0003683332
       -0.0017896632  -0.0001556923   0.0013772525   0.0018675930  -0.0002873689
        0.0003703643   0.0002913334   0.0002807076   0.0002942486  -0.0003641178
       -0.0002356925   0.0006263978   0.0006548068   0.1351664106   0.1255808535
       -0.0522598651  -0.0000112081  -0.0002716449   0.0004884058  -0.0025080999
       -0.0009683534   0.0011935548   0.0004545845  -0.0000595397  -0.0002940926
       -0.0040404819   0.0059387731   0.0026445135   0.0006772380   0.0003211158
       -0.0001076742  -0.0003385493   0.0006369832   0.0043060385  -0.0081582958
       -0.0122781843   0.0098280246  -0.1057464104  -0.1746200380   0.0737221941
       -0.0082680232  -0.0067732101   0.0036699894   0.0005059134   0.0024525010
       -0.0023397501   0.0021560806  -0.0010748261  -0.0018679751   0.0003748549
       -0.0004737802  -0.0004740492  -0.0006435018  -0.0006116575   0.0005104838
       -0.0020838649  -0.0031867593  -0.0002590924   0.1255808535   0.1910731058
       -0.0891093215   0.0001213753  -0.0000223860  -0.0000515538   0.0000582497
       -0.0019710654  -0.0006597627  -0.0001954380   0.0005894278   0.0001879351
       -0.0046717925   0.0036554767   0.0028772421  -0.0004279926  -0.0004850476
       -0.0000538331  -0.0032830644   0.0039157801  -0.0028182671   0.0127987915
        0.0202182986  -0.0107477179   0.0514879199   0.0733902008  -0.0769413427
       -0.0074264010  -0.0078384845   0.0052251120  -0.0017904709  -0.0022612439
        0.0012157476   0.0009578293  -0.0025444296  -0.0004567773   0.0002936969
       -0.0004763681  -0.0003379641   0.0007416672   0.0013144552  -0.0006185568
        0.0035155922   0.0019094676  -0.0011291529  -0.0522598651  -0.0891093215
        0.0836446510   0.0000794036  -0.0004924360   0.0004513708   0.0001230305
       -0.0014983574  -0.0007229001  -0.0001383444   0.0003020096   0.0004123885
        0.0019786399   0.0011023302   0.0003666231  -0.0003122582   0.0014900993
       -0.0015401824  -0.0008672404   0.0010717790  -0.0027374974  -0.0218400608
        0.0169280552  -0.0491913409  -0.0033270585  -0.0053062938  -0.0024040450
       -0.0015141898   0.0001285805  -0.0013350126   0.0211850397  -0.0227268345
        0.0276361562  -0.0009979974   0.0004001500  -0.0003305324   0.0000899761
       -0.0001639869   0.0001782500  -0.0018503473  -0.0006637997  -0.0008284974
       -0.1263039807   0.0488508732  -0.1114309078  -0.0000112081   0.0001213753
        0.0000794036   0.1355865000  -0.0404311341   0.1422297260  -0.0020068783
       -0.0011361543  -0.0002631395   0.0001910638   0.0003349605  -0.0004290035
       -0.0003076731  -0.0004594397   0.0003217711   0.0009230801   0.0000566456
        0.0000818105  -0.0056326662  -0.0030986781  -0.0001232108   0.0057506232
        0.0084221184   0.0097860584  -0.0032095885   0.0036395261   0.0009870108
        0.0002540241   0.0006308075  -0.0006565391   0.0053071320  -0.0286352831
        0.0617242349   0.0003737408  -0.0004725005  -0.0005183707  -0.0000674152
        0.0001837060  -0.0001685507  -0.0005992280   0.0016325648  -0.0023917731
        0.0372705107  -0.1599268425   0.1458139602  -0.0002716449  -0.0000223860
       -0.0004924360  -0.0404311341   0.1772810844  -0.2141253215   0.0010083455
        0.0010098792  -0.0004772700  -0.0003681063  -0.0002412022   0.0002386259
        0.0020372014   0.0015464509  -0.0000574744  -0.0010093774   0.0006805440
       -0.0018506564   0.0051350835   0.0056304609  -0.0012722241  -0.0359695825
        0.0192186248  -0.0406820831  -0.0049395834  -0.0008269586   0.0034979974
       -0.0014972631  -0.0007353351  -0.0003750527  -0.0052531019   0.0379969182
       -0.0288855952  -0.0001529947  -0.0006608136  -0.0010419447   0.0001589637
       -0.0003621922   0.0003538353  -0.0008814143  -0.0024688927   0.0021234646
       -0.0978964907   0.1555305161  -0.3288697259   0.0004884058  -0.0000515538
        0.0004513708   0.1422297260  -0.2141253215   0.3967326872  -0.0028713752
       -0.0021824689   0.0003296552   0.0004218028   0.0008100215  -0.0004542540
       -0.3626364491  -0.1291434996  -0.1206168234  -0.0320097821   0.0070186536
       -0.0343883719   0.0090278526   0.0043609977   0.0009205150  -0.0109392253
       -0.0029141872  -0.0064089712   0.0075820184  -0.0051439206   0.0092349953
       -0.0528333280  -0.0407467207  -0.0141750815  -0.0023861095  -0.0020649056
        0.0000366953   0.0022411516   0.0014650304   0.0005111457   0.0006422190
        0.0009337930   0.0006184224  -0.0000685385  -0.0002992270  -0.0004644001
        0.0104179293   0.0032523141   0.0057638691  -0.0025080999   0.0000582497
        0.0001230305  -0.0020068783   0.0010083455  -0.0028713752   0.4822706187
        0.1183336714   0.2337862312  -0.0467933788   0.0438814050  -0.0720698812
       -0.1001895000  -0.1053289241  -0.0143012117   0.0124915659   0.0077184320
        0.0003239350   0.0017866995  -0.0007342950   0.0046298753  -0.0044408310
        0.0008344222  -0.0040988992   0.0013297153  -0.0029579536   0.0091403144
       -0.0488345003  -0.0117498687  -0.0046736928  -0.0014697286  -0.0008832678
        0.0002845808   0.0004096891   0.0004869627  -0.0011781735   0.0009534971
        0.0007241883  -0.0019296922   0.0004206260   0.0005613334   0.0006085686
        0.0054112866   0.0008301605   0.0026305191  -0.0009683534  -0.0019710654
       -0.0014983574  -0.0011361543   0.0010098792  -0.0021824689   0.1183336714
        0.2393951640  -0.1246985683   0.0159023166  -0.1279351679   0.1369432707
       -0.1549160413  -0.0392042292  -0.1310084156  -0.0409306754  -0.0044163345
       -0.0308275301   0.0037806778   0.0066848513  -0.0027087357  -0.0043832572
       -0.0026981028  -0.0000258318   0.0015311712   0.0036232157   0.0009207852
       -0.0046984506   0.0023109213   0.0131567458  -0.0005238357  -0.0000226253
        0.0000373767   0.0020791128  -0.0001866957   0.0010837135   0.0007800277
       -0.0018949328   0.0012288135  -0.0012156219   0.0000092299  -0.0003102312
        0.0029219884   0.0007019488   0.0007676717   0.0011935548  -0.0006597627
       -0.0007229001  -0.0002631395  -0.0004772700   0.0003296552   0.2337862312
       -0.1246985683   0.3936047908  -0.0391417422   0.1609283542  -0.2455259077
       -0.0181062341   0.0192535742  -0.0378312201  -0.0034367107  -0.0053060827
       -0.0054007985   0.0000419276   0.0004900429  -0.0018743893   0.0005446880
       -0.0001691360   0.0005558839  -0.0003505399   0.0004791685  -0.0007759224
        0.0009041624   0.0047346057   0.0006184768   0.0001417363   0.0002110246
       -0.0000143704  -0.0002972417  -0.0007313128   0.0009891901  -0.0000255306
       -0.0001479632   0.0002187578  -0.0007001807   0.0003956765   0.0002477927
       -0.0005216720   0.0000829634  -0.0002678139   0.0004545845  -0.0001954380
       -0.0001383444   0.0001910638  -0.0003681063   0.0004218028  -0.0467933788
        0.0159023166  -0.0391417422   0.0679533260  -0.0346313334   0.0823926970
       -0.0080287919   0.0032604362  -0.0110608449  -0.0038471731   0.0046535379
        0.0031974499  -0.0011266533   0.0004139663   0.0003975981   0.0006336153
        0.0004470609   0.0001582397  -0.0001509904   0.0000555540  -0.0003142496
        0.0024098136  -0.0005915798  -0.0046633835   0.0007158184   0.0006675036
       -0.0003334949   0.0005240744   0.0001860833  -0.0003244765   0.0000608378
        0.0002528995  -0.0003594238   0.0006049287  -0.0006929750  -0.0004750909
       -0.0013209720  -0.0006112477  -0.0007834187  -0.0000595397   0.0005894278
        0.0003020096   0.0003349605  -0.0002412022   0.0008100215   0.0438814050
       -0.1279351679   0.1609283542  -0.0346313334   0.1195457029  -0.1474792904
       -0.0057074641   0.0123454384  -0.0196763740  -0.0071293361   0.0019198944
        0.0017893044   0.0000557566   0.0018100782  -0.0005050426  -0.0004225908
       -0.0005485100   0.0004191247  -0.0000392640   0.0002244436  -0.0003876385
        0.0033330963  -0.0027049313  -0.0003077747  -0.0006173485  -0.0007899721
        0.0002417623  -0.0004834890  -0.0013859034   0.0007648793  -0.0000194714
       -0.0005213178   0.0005230409  -0.0000075091  -0.0006496846  -0.0007724437
        0.0014379005   0.0004099233   0.0004512466  -0.0002940926   0.0001879351
        0.0004123885  -0.0004290035   0.0002386259  -0.0004542540  -0.0720698812
        0.1369432707  -0.2455259077   0.0823926970  -0.1474792904   0.2630276885
