           1           2   1.1521502595741584     
           2           3   1.5120747747632433     
           3           4   1.3657713968210927     
           4           5   1.1589114410495465     
           1           6   1.0076979476303967     
           5           6   1.7461061827380637     
           4           7  0.11093617758202649     
           6           8  0.96904486775515175     
           2           9  0.97065024773557707     
           3          10  0.96773768923185144     
           4          11   1.0887502826951401     
           7          11   1.2858067056750559     
           5          12  0.96678382983283961     
           4          13  0.11625183676444706     
           7          13  0.20713911762624321     
          11          13   1.2854937430472388     
           1          14   1.7623191001269931     
          14          15  0.93827905516306565     
