$hessian                                                                        
        0.5258722546  -0.3193918608  -0.0000006421  -0.0841943053   0.1158163651
        0.0000008695  -0.4093603512   0.1990923483  -0.0000003850  -0.0323175981
        0.0044831475   0.0000001576
       -0.3193918608   0.7897885658   0.0000034369   0.0648437630  -0.5394134252
       -0.0000038344   0.2500614152  -0.2142805066   0.0000001936   0.0044866826
       -0.0360946340   0.0000002039
       -0.0000006421   0.0000034369   0.1747883320   0.0000004320  -0.0000034956
       -0.0607993717   0.0000000573  -0.0000001147  -0.0607918241   0.0000001529
        0.0000001734  -0.0531971362
       -0.0841943053   0.0648437630   0.0000004320   0.0977187679  -0.1022110132
       -0.0000004450  -0.0164635708   0.0711092446   0.0000004044   0.0029391082
       -0.0337419944  -0.0000003914
        0.1158163651  -0.5394134252  -0.0000034956  -0.1022110132   0.6765245598
        0.0000051644   0.0293841048  -0.0581139562  -0.0000005416  -0.0429894566
       -0.0789971783  -0.0000011273
        0.0000008695  -0.0000038344  -0.0607993717  -0.0000004450   0.0000051644
        0.0211488008   0.0000000418  -0.0000002767   0.0211461753  -0.0000004663
       -0.0000010533   0.0185043957
       -0.4093603512   0.2500614152   0.0000000573  -0.0164635708   0.0293841048
        0.0000000418   0.5200143763  -0.2764236500   0.0000005917  -0.0941904543
       -0.0030218700  -0.0000006908
        0.1990923483  -0.2142805066  -0.0000001147   0.0711092446  -0.0581139562
       -0.0000002767  -0.2764236500   0.2541424753   0.0000003680   0.0062220572
        0.0182519875   0.0000000235
       -0.0000003850   0.0000001936  -0.0607918241   0.0000004044  -0.0000005416
        0.0211461753   0.0000005917   0.0000003680   0.0211435502  -0.0000006112
       -0.0000000200   0.0185020986
       -0.0323175981   0.0044866826   0.0000001529   0.0029391082  -0.0429894566
       -0.0000004663  -0.0941904543   0.0062220572  -0.0000006112   0.1235689441
        0.0322807168   0.0000009246
        0.0044831475  -0.0360946340   0.0000001734  -0.0337419944  -0.0789971783
       -0.0000010533  -0.0030218700   0.0182519875  -0.0000000200   0.0322807168
        0.0968398248   0.0000008999
        0.0000001576   0.0000002039  -0.0531971362  -0.0000003914  -0.0000011273
        0.0185043957  -0.0000006908   0.0000000235   0.0185020986   0.0000009246
        0.0000008999   0.0161906420
