# Atoms array:
     x           y            z                   Z     indx
   -4.861083    -2.654643     2.212444            6      0
   -5.976721    -3.121367     3.108865            6      1
   -5.153576    -1.833261     1.526762            1      2
   -4.001475    -2.285271     2.793255            1      3
   -4.490791    -3.465096     1.557817            1      4
   -7.037199    -3.876367     2.645018            6      5
   -5.951939    -2.837379     4.164499            1      6
   -7.902805    -3.870400     4.640916            1      7
   -8.114896    -4.304550     3.649954            6      8
   -9.083704    -3.888661     3.315391            1      9
   -8.249107    -5.827078     3.765292            6     10
   -7.198865    -4.266168     1.414643            8     11
   -7.324516    -6.271486     4.167033            1     12
   -9.079303    -6.118633     4.426678            1     13
   -8.431992    -6.269107     2.774759            1     14

# Gridpoints array:
     x           y            z                   Z     indx
   -2.821083    -2.654643     2.212444            6      0
   -4.861083    -0.614643     2.212444            6      0
   -4.861083    -4.694643     2.212444            6      0
   -4.861083    -2.654643     0.172444            6      0
   -3.683288    -1.476849     3.390238            6      0
   -6.038878    -1.476849     3.390238            6      0
   -3.683288    -3.832438     3.390238            6      0
   -3.683288    -1.476849     1.034649            6      0
   -6.038878    -1.476849     1.034649            6      0
   -3.683288    -3.832438     1.034649            6      0
   -4.483447    -2.277008     4.181297            6      0
   -4.483447    -3.032279     4.181297            6      0
   -4.483447    -2.277008     0.243591            6      0
   -5.238719    -2.277008     0.243591            6      0
   -4.483447    -3.032279     0.243591            6      0
   -5.238719    -3.032279     0.243591            6      0
   -4.483447    -0.685790     2.590080            6      0
   -5.238719    -0.685790     2.590080            6      0
   -4.483447    -4.623496     2.590080            6      0
   -5.238719    -4.623496     2.590080            6      0
   -4.483447    -0.685790     1.834808            6      0
   -5.238719    -0.685790     1.834808            6      0
   -4.483447    -4.623496     1.834808            6      0
   -5.238719    -4.623496     1.834808            6      0
   -2.892230    -2.277008     2.590080            6      0
   -2.892230    -3.032279     2.590080            6      0
   -2.892230    -2.277008     1.834808            6      0
   -6.829936    -2.277008     1.834808            6      0
   -2.892230    -3.032279     1.834808            6      0
   -3.452624    -1.246184     2.652996            6      0
   -6.269542    -1.246184     2.652996            6      0
   -3.452624    -4.063102     2.652996            6      0
   -3.452624    -1.246184     1.771891            6      0
   -6.269542    -1.246184     1.771891            6      0
   -3.452624    -4.063102     1.771891            6      0
   -3.452624    -2.214091     3.620903            6      0
   -3.452624    -3.095196     3.620903            6      0
   -3.452624    -2.214091     0.803985            6      0
   -6.269542    -2.214091     0.803985            6      0
   -3.452624    -3.095196     0.803985            6      0
   -6.269542    -3.095196     0.803985            6      0
   -4.420530    -1.246184     3.620903            6      0
   -5.301636    -1.246184     3.620903            6      0
   -4.420530    -4.063102     3.620903            6      0
   -4.420530    -1.246184     0.803985            6      0
   -5.301636    -1.246184     0.803985            6      0
   -4.420530    -4.063102     0.803985            6      0
   -5.301636    -4.063102     0.803985            6      0
   -4.053877    -1.847437     3.903134            6      0
   -4.053877    -3.461850     3.903134            6      0
   -4.053877    -1.847437     0.521753            6      0
   -5.668290    -1.847437     0.521753            6      0
   -4.053877    -3.461850     0.521753            6      0
   -5.668290    -3.461850     0.521753            6      0
   -4.053877    -0.963953     3.019650            6      0
   -5.668290    -0.963953     3.019650            6      0
   -4.053877    -4.345334     3.019650            6      0
   -4.053877    -0.963953     1.405237            6      0
   -5.668290    -0.963953     1.405237            6      0
   -4.053877    -4.345334     1.405237            6      0
   -5.668290    -4.345334     1.405237            6      0
   -3.170392    -1.847437     3.019650            6      0
   -3.170392    -3.461850     3.019650            6      0
   -3.170392    -1.847437     1.405237            6      0
   -6.551774    -1.847437     1.405237            6      0
   -3.170392    -3.461850     1.405237            6      0
   -3.885210    -0.863199     2.212444            6      0
   -5.836956    -0.863199     2.212444            6      0
   -3.885210    -4.446088     2.212444            6      0
   -3.069639    -1.678771     2.212444            6      0
   -6.652527    -1.678771     2.212444            6      0
   -3.069639    -3.630516     2.212444            6      0
   -3.885210    -2.654643     4.003888            6      0
   -3.885210    -2.654643     0.420999            6      0
   -5.836956    -2.654643     0.420999            6      0
   -3.069639    -2.654643     3.188316            6      0
   -3.069639    -2.654643     1.236571            6      0
   -6.652527    -2.654643     1.236571            6      0
   -4.861083    -1.678771     4.003888            6      0
   -4.861083    -3.630516     4.003888            6      0
   -4.861083    -1.678771     0.420999            6      0
   -4.861083    -3.630516     0.420999            6      0
   -4.861083    -0.863199     3.188316            6      0
   -4.861083    -4.446088     3.188316            6      0
   -4.861083    -0.863199     1.236571            6      0
   -4.861083    -4.446088     1.236571            6      0
   -5.976721    -1.081367     3.108865            6      1
   -5.976721    -5.161367     3.108865            6      1
   -5.976721    -3.121367     5.148865            6      1
   -4.798926    -1.943572     4.286660            6      1
   -7.154515    -1.943572     4.286660            6      1
   -4.798926    -4.299161     4.286660            6      1
   -7.154515    -1.943572     1.931071            6      1
   -5.599085    -2.743731     5.077718            6      1
   -6.354357    -2.743731     5.077718            6      1
   -5.599085    -3.499002     5.077718            6      1
   -6.354357    -3.499002     5.077718            6      1
   -6.354357    -2.743731     1.140012            6      1
   -5.599085    -1.152514     3.486501            6      1
   -6.354357    -1.152514     3.486501            6      1
   -5.599085    -5.090220     3.486501            6      1
   -6.354357    -5.090220     3.486501            6      1
   -5.599085    -1.152514     2.731230            6      1
   -6.354357    -1.152514     2.731230            6      1
   -5.599085    -5.090220     2.731230            6      1
   -4.007868    -3.499002     3.486501            6      1
   -4.568262    -1.712908     3.549418            6      1
   -7.385180    -1.712908     3.549418            6      1
   -4.568262    -4.529826     3.549418            6      1
   -7.385180    -1.712908     2.668313            6      1
   -4.568262    -4.529826     2.668313            6      1
   -4.568262    -2.680814     4.517324            6      1
   -7.385180    -2.680814     4.517324            6      1
   -4.568262    -3.561919     4.517324            6      1
   -5.536168    -1.712908     4.517324            6      1
   -6.417274    -1.712908     4.517324            6      1
   -5.536168    -4.529826     4.517324            6      1
   -6.417274    -4.529826     4.517324            6      1
   -6.417274    -1.712908     1.700406            6      1
   -5.536168    -4.529826     1.700406            6      1
   -5.169514    -2.314160     4.799556            6      1
   -6.783927    -2.314160     4.799556            6      1
   -5.169514    -3.928573     4.799556            6      1
   -6.783927    -3.928573     4.799556            6      1
   -6.783927    -2.314160     1.418175            6      1
   -5.169514    -1.430676     3.916072            6      1
   -6.783927    -1.430676     3.916072            6      1
   -5.169514    -4.812057     3.916072            6      1
   -6.783927    -1.430676     2.301659            6      1
   -5.169514    -4.812057     2.301659            6      1
   -4.286030    -2.314160     3.916072            6      1
   -7.667412    -2.314160     3.916072            6      1
   -4.286030    -3.928573     3.916072            6      1
   -7.667412    -2.314160     2.301659            6      1
   -5.000848    -1.329922     3.108865            6      1
   -6.952594    -1.329922     3.108865            6      1
   -5.000848    -4.912811     3.108865            6      1
   -7.768165    -2.145494     3.108865            6      1
   -4.185277    -4.097239     3.108865            6      1
   -5.000848    -3.121367     4.900310            6      1
   -6.952594    -3.121367     4.900310            6      1
   -4.185277    -3.121367     4.084738            6      1
   -5.976721    -2.145494     4.900310            6      1
   -5.976721    -4.097239     4.900310            6      1
   -5.976721    -1.329922     4.084738            6      1
   -5.976721    -4.912811     4.084738            6      1
   -5.976721    -1.329922     2.132993            6      1
   -6.473576    -1.833261     1.526762            1      2
   -5.153576    -0.513261     1.526762            1      2
   -5.153576    -1.833261     0.206762            1      2
   -5.915679    -1.071159     2.288864            1      2
   -4.391474    -1.071159     0.764659            1      2
   -5.915679    -1.071159     0.764659            1      2
   -5.915679    -2.595364     0.764659            1      2
   -4.909224    -1.588909     0.252798            1      2
   -5.397929    -1.588909     0.252798            1      2
   -4.909224    -2.077614     0.252798            1      2
   -5.397929    -2.077614     0.252798            1      2
   -4.909224    -0.559298     1.771114            1      2
   -5.397929    -0.559298     1.771114            1      2
   -4.909224    -0.559298     1.282409            1      2
   -5.397929    -0.559298     1.282409            1      2
   -6.427540    -1.588909     1.771114            1      2
   -6.427540    -1.588909     1.282409            1      2
   -6.427540    -2.077614     1.282409            1      2
   -4.242221    -0.921906     1.811825            1      2
   -6.064932    -0.921906     1.811825            1      2
   -4.242221    -0.921906     1.241698            1      2
   -6.064932    -0.921906     1.241698            1      2
   -4.242221    -1.548198     0.615406            1      2
   -6.064932    -1.548198     0.615406            1      2
   -4.242221    -2.118325     0.615406            1      2
   -6.064932    -2.118325     0.615406            1      2
   -4.868513    -0.921906     2.438117            1      2
   -5.438640    -0.921906     2.438117            1      2
   -4.868513    -0.921906     0.615406            1      2
   -5.438640    -0.921906     0.615406            1      2
   -5.438640    -2.744617     0.615406            1      2
   -4.631266    -1.310951     0.432785            1      2
   -5.675887    -1.310951     0.432785            1      2
   -4.631266    -2.355571     0.432785            1      2
   -5.675887    -2.355571     0.432785            1      2
   -4.631266    -0.739285     2.049072            1      2
   -5.675887    -0.739285     2.049072            1      2
   -4.631266    -0.739285     1.004451            1      2
   -5.675887    -0.739285     1.004451            1      2
   -6.247553    -1.310951     2.049072            1      2
   -4.059600    -1.310951     1.004451            1      2
   -6.247553    -1.310951     1.004451            1      2
   -6.247553    -2.355571     1.004451            1      2
   -4.522129    -0.674092     1.526762            1      2
   -5.785024    -0.674092     1.526762            1      2
   -3.994407    -1.201814     1.526762            1      2
   -6.312746    -1.201814     1.526762            1      2
   -4.522129    -1.833261     0.367592            1      2
   -5.785024    -1.833261     0.367592            1      2
   -3.994407    -1.833261     0.895314            1      2
   -6.312746    -1.833261     0.895314            1      2
   -5.153576    -1.201814     0.367592            1      2
   -5.153576    -2.464708     0.367592            1      2
   -5.153576    -0.674092     2.158209            1      2
   -5.153576    -0.674092     0.895314            1      2
   -2.681475    -2.285271     2.793255            1      3
   -4.001475    -0.965271     2.793255            1      3
   -4.001475    -2.285271     4.113255            1      3
   -3.239373    -1.523168     3.555357            1      3
   -4.763577    -1.523168     3.555357            1      3
   -3.239373    -3.047373     3.555357            1      3
   -3.239373    -1.523168     2.031152            1      3
   -3.757122    -2.040918     4.067218            1      3
   -4.245828    -2.040918     4.067218            1      3
   -3.757122    -2.529623     4.067218            1      3
   -4.245828    -2.529623     4.067218            1      3
   -3.757122    -1.011307     3.037607            1      3
   -4.245828    -1.011307     3.037607            1      3
   -3.757122    -1.011307     2.548902            1      3
   -4.245828    -1.011307     2.548902            1      3
   -2.727511    -2.040918     3.037607            1      3
   -2.727511    -2.529623     3.037607            1      3
   -2.727511    -2.040918     2.548902            1      3
   -2.727511    -2.529623     2.548902            1      3
   -3.090119    -1.373915     3.078318            1      3
   -3.090119    -3.196627     3.078318            1      3
   -3.090119    -1.373915     2.508191            1      3
   -3.090119    -3.196627     2.508191            1      3
   -3.090119    -2.000207     3.704610            1      3
   -3.090119    -2.570334     3.704610            1      3
   -3.090119    -2.000207     1.881899            1      3
   -3.090119    -2.570334     1.881899            1      3
   -3.716411    -1.373915     3.704610            1      3
   -4.286539    -1.373915     3.704610            1      3
   -3.716411    -3.196627     3.704610            1      3
   -3.716411    -1.373915     1.881899            1      3
   -3.479165    -1.762961     3.887231            1      3
   -4.523785    -1.762961     3.887231            1      3
   -3.479165    -2.807581     3.887231            1      3
   -3.479165    -1.762961     1.699278            1      3
   -3.479165    -1.191294     3.315565            1      3
   -4.523785    -1.191294     3.315565            1      3
   -3.479165    -3.379247     3.315565            1      3
   -3.479165    -1.191294     2.270944            1      3
   -2.907499    -1.762961     3.315565            1      3
   -2.907499    -2.807581     3.315565            1      3
   -2.907499    -1.762961     2.270944            1      3
   -2.907499    -2.807581     2.270944            1      3
   -3.370028    -1.126101     2.793255            1      3
   -3.370028    -3.444441     2.793255            1      3
   -2.842305    -1.653824     2.793255            1      3
   -2.842305    -2.916718     2.793255            1      3
   -3.370028    -2.285271     3.952424            1      3
   -2.842305    -2.285271     3.424702            1      3
   -2.842305    -2.285271     2.161807            1      3
   -4.001475    -1.653824     3.952424            1      3
   -4.001475    -2.916718     3.952424            1      3
   -4.001475    -1.126101     3.424702            1      3
   -4.001475    -1.126101     2.161807            1      3
   -3.170791    -3.465096     1.557817            1      4
   -4.490791    -4.785096     1.557817            1      4
   -4.490791    -3.465096     0.237817            1      4
   -3.728689    -4.227199     2.319919            1      4
   -3.728689    -2.702994     0.795714            1      4
   -3.728689    -4.227199     0.795714            1      4
   -5.252894    -4.227199     0.795714            1      4
   -4.246439    -3.220744     0.283853            1      4
   -4.735144    -3.220744     0.283853            1      4
   -4.246439    -3.709449     0.283853            1      4
   -4.735144    -3.709449     0.283853            1      4
   -4.246439    -4.739060     1.802169            1      4
   -4.735144    -4.739060     1.802169            1      4
   -4.246439    -4.739060     1.313464            1      4
   -4.735144    -4.739060     1.313464            1      4
   -3.216828    -3.220744     1.802169            1      4
   -3.216828    -3.709449     1.802169            1      4
   -3.216828    -3.220744     1.313464            1      4
   -3.216828    -3.709449     1.313464            1      4
   -3.579436    -4.376452     1.842880            1      4
   -3.579436    -4.376452     1.272753            1      4
   -5.402147    -4.376452     1.272753            1      4
   -3.579436    -3.750160     2.469172            1      4
   -3.579436    -3.180033     0.646461            1      4
   -5.402147    -3.180033     0.646461            1      4
   -3.579436    -3.750160     0.646461            1      4
   -5.402147    -3.750160     0.646461            1      4
   -4.205728    -4.376452     2.469172            1      4
   -4.205728    -2.553740     0.646461            1      4
   -4.205728    -4.376452     0.646461            1      4
   -4.775855    -4.376452     0.646461            1      4
   -3.968481    -2.942786     0.463840            1      4
   -5.013101    -2.942786     0.463840            1      4
   -3.968481    -3.987406     0.463840            1      4
   -5.013101    -3.987406     0.463840            1      4
   -3.968481    -4.559073     2.080127            1      4
   -5.013101    -4.559073     2.080127            1      4
   -3.968481    -4.559073     1.035506            1      4
   -5.013101    -4.559073     1.035506            1      4
   -3.396815    -3.987406     2.080127            1      4
   -3.396815    -2.942786     1.035506            1      4
   -3.396815    -3.987406     1.035506            1      4
   -5.584768    -3.987406     1.035506            1      4
   -3.859344    -4.624266     1.557817            1      4
   -5.122238    -4.624266     1.557817            1      4
   -3.331622    -4.096543     1.557817            1      4
   -3.859344    -3.465096     0.398647            1      4
   -5.122238    -3.465096     0.398647            1      4
   -3.331622    -3.465096     2.189264            1      4
   -3.331622    -3.465096     0.926369            1      4
   -5.649961    -3.465096     0.926369            1      4
   -4.490791    -2.833649     0.398647            1      4
   -4.490791    -4.096543     0.398647            1      4
   -4.490791    -4.624266     2.189264            1      4
   -4.490791    -4.624266     0.926369            1      4
   -7.037199    -1.836367     2.645018            6      5
   -8.214993    -2.698573     3.822813            6      5
   -5.859404    -5.054162     3.822813            6      5
   -8.214993    -2.698573     1.467224            6      5
   -5.859404    -5.054162     1.467224            6      5
   -6.659563    -4.254003     4.613871            6      5
   -7.414834    -1.907514     3.022654            6      5
   -6.659563    -5.845220     3.022654            6      5
   -6.659563    -1.907514     2.267383            6      5
   -7.414834    -1.907514     2.267383            6      5
   -6.659563    -5.845220     2.267383            6      5
   -7.414834    -5.845220     2.267383            6      5
   -9.006052    -3.498731     2.267383            6      5
   -9.006052    -4.254003     2.267383            6      5
   -8.445657    -2.467908     3.085571            6      5
   -5.628740    -5.284826     3.085571            6      5
   -8.445657    -2.467908     2.204466            6      5
   -5.628740    -5.284826     2.204466            6      5
   -5.628740    -4.316920     4.053477            6      5
   -8.445657    -3.435814     1.236559            6      5
   -5.628740    -4.316920     1.236559            6      5
   -7.477751    -2.467908     4.053477            6      5
   -6.596646    -5.284826     4.053477            6      5
   -6.596646    -2.467908     1.236559            6      5
   -7.477751    -2.467908     1.236559            6      5
   -6.229992    -4.683574     4.335709            6      5
   -6.229992    -3.069161     0.954328            6      5
   -7.844405    -3.069161     0.954328            6      5
   -7.844405    -2.185676     3.452225            6      5
   -6.229992    -5.567058     3.452225            6      5
   -7.844405    -2.185676     1.837812            6      5
   -6.229992    -5.567058     1.837812            6      5
   -7.844405    -5.567058     1.837812            6      5
   -5.346508    -4.683574     3.452225            6      5
   -8.727889    -3.069161     1.837812            6      5
   -5.346508    -4.683574     1.837812            6      5
   -8.727889    -4.683574     1.837812            6      5
   -8.013071    -2.084923     2.645018            6      5
   -6.061326    -5.667811     2.645018            6      5
   -8.828643    -2.900494     2.645018            6      5
   -5.245754    -4.852240     2.645018            6      5
   -6.061326    -3.876367     0.853574            6      5
   -8.828643    -3.876367     1.669146            6      5
   -7.037199    -2.900494     4.436463            6      5
   -7.037199    -2.900494     0.853574            6      5
   -7.037199    -2.084923     3.620891            6      5
   -7.037199    -2.084923     1.669146            6      5
   -7.037199    -5.667811     1.669146            6      5
   -5.951939    -1.517379     4.164499            1      6
   -5.951939    -2.837379     5.484499            1      6
   -5.189837    -2.075276     4.926601            1      6
   -6.714041    -2.075276     4.926601            1      6
   -5.189837    -3.599481     4.926601            1      6
   -6.714041    -3.599481     4.926601            1      6
   -5.707586    -2.593026     5.438462            1      6
   -6.196292    -2.593026     5.438462            1      6
   -5.707586    -3.081731     5.438462            1      6
   -6.196292    -3.081731     5.438462            1      6
   -5.707586    -1.563415     4.408851            1      6
   -6.196292    -1.563415     4.408851            1      6
   -5.707586    -1.563415     3.920146            1      6
   -6.196292    -1.563415     3.920146            1      6
   -4.677975    -2.593026     4.408851            1      6
   -7.225903    -2.593026     4.408851            1      6
   -4.677975    -3.081731     4.408851            1      6
   -5.040583    -1.926023     4.449562            1      6
   -6.863295    -1.926023     4.449562            1      6
   -5.040583    -3.748735     4.449562            1      6
   -5.040583    -2.552315     5.075854            1      6
   -6.863295    -2.552315     5.075854            1      6
   -5.040583    -3.122442     5.075854            1      6
   -6.863295    -3.122442     5.075854            1      6
   -5.666875    -1.926023     5.075854            1      6
   -6.237003    -1.926023     5.075854            1      6
   -5.666875    -3.748735     5.075854            1      6
   -6.237003    -3.748735     5.075854            1      6
   -5.429629    -2.315069     5.258475            1      6
   -6.474249    -2.315069     5.258475            1      6
   -5.429629    -3.359689     5.258475            1      6
   -6.474249    -3.359689     5.258475            1      6
   -5.429629    -1.743402     4.686809            1      6
   -6.474249    -1.743402     4.686809            1      6
   -5.429629    -3.931355     4.686809            1      6
   -6.474249    -3.931355     4.686809            1      6
   -4.857963    -2.315069     4.686809            1      6
   -7.045915    -2.315069     4.686809            1      6
   -4.857963    -3.359689     4.686809            1      6
   -5.320492    -1.678209     4.164499            1      6
   -6.583386    -1.678209     4.164499            1      6
   -4.792769    -2.205932     4.164499            1      6
   -7.111109    -2.205932     4.164499            1      6
   -5.320492    -2.837379     5.323668            1      6
   -6.583386    -2.837379     5.323668            1      6
   -4.792769    -2.837379     4.795946            1      6
   -7.111109    -2.837379     4.795946            1      6
   -5.951939    -2.205932     5.323668            1      6
   -5.951939    -3.468826     5.323668            1      6
   -5.951939    -1.678209     4.795946            1      6
   -5.951939    -3.996549     4.795946            1      6
   -7.902805    -2.550400     4.640916            1      7
   -7.902805    -3.870400     5.960916            1      7
   -7.140703    -3.108298     5.403018            1      7
   -8.664908    -3.108298     5.403018            1      7
   -7.140703    -4.632503     5.403018            1      7
   -8.664908    -4.632503     5.403018            1      7
   -7.658453    -3.626048     5.914880            1      7
   -8.147158    -3.626048     5.914880            1      7
   -7.658453    -4.114753     5.914880            1      7
   -8.147158    -4.114753     5.914880            1      7
   -7.658453    -2.596437     4.885269            1      7
   -8.147158    -2.596437     4.885269            1      7
   -7.658453    -2.596437     4.396563            1      7
   -8.147158    -2.596437     4.396563            1      7
   -6.628842    -3.626048     4.885269            1      7
   -9.176769    -3.626048     4.885269            1      7
   -6.628842    -4.114753     4.885269            1      7
   -6.991450    -2.959045     4.925980            1      7
   -8.814161    -2.959045     4.925980            1      7
   -6.991450    -4.781756     4.925980            1      7
   -6.991450    -3.585337     5.552272            1      7
   -8.814161    -3.585337     5.552272            1      7
   -6.991450    -4.155464     5.552272            1      7
   -8.814161    -4.155464     5.552272            1      7
   -7.617742    -2.959045     5.552272            1      7
   -8.187869    -2.959045     5.552272            1      7
   -7.617742    -4.781756     5.552272            1      7
   -8.187869    -4.781756     5.552272            1      7
   -7.380495    -3.348090     5.734892            1      7
   -8.425115    -3.348090     5.734892            1      7
   -7.380495    -4.392711     5.734892            1      7
   -8.425115    -4.392711     5.734892            1      7
   -7.380495    -2.776424     5.163226            1      7
   -8.425115    -2.776424     5.163226            1      7
   -7.380495    -4.964377     5.163226            1      7
   -6.808829    -3.348090     5.163226            1      7
   -8.996782    -3.348090     5.163226            1      7
   -6.808829    -4.392711     5.163226            1      7
   -8.996782    -4.392711     5.163226            1      7
   -7.271358    -2.711231     4.640916            1      7
   -8.534252    -2.711231     4.640916            1      7
   -9.061975    -3.238953     4.640916            1      7
   -6.743636    -4.501848     4.640916            1      7
   -7.271358    -3.870400     5.800086            1      7
   -8.534252    -3.870400     5.800086            1      7
   -6.743636    -3.870400     5.272363            1      7
   -9.061975    -3.870400     5.272363            1      7
   -7.902805    -3.238953     5.800086            1      7
   -7.902805    -4.501848     5.800086            1      7
   -7.902805    -2.711231     5.272363            1      7
  -10.154896    -4.304550     3.649954            6      8
   -8.114896    -2.264550     3.649954            6      8
   -8.114896    -4.304550     5.689954            6      8
   -6.937101    -3.126756     4.827748            6      8
   -9.292690    -3.126756     4.827748            6      8
   -6.937101    -5.482345     4.827748            6      8
   -9.292690    -3.126756     2.472159            6      8
   -9.292690    -5.482345     2.472159            6      8
   -7.737260    -3.926914     5.618807            6      8
   -8.492531    -3.926914     5.618807            6      8
   -7.737260    -4.682186     5.618807            6      8
   -8.492531    -4.682186     5.618807            6      8
   -8.492531    -4.682186     1.681101            6      8
   -7.737260    -2.335697     4.027590            6      8
   -8.492531    -2.335697     4.027590            6      8
   -7.737260    -2.335697     3.272318            6      8
   -8.492531    -2.335697     3.272318            6      8
  -10.083749    -3.926914     4.027590            6      8
   -6.146043    -4.682186     4.027590            6      8
  -10.083749    -4.682186     4.027590            6      8
  -10.083749    -3.926914     3.272318            6      8
  -10.083749    -4.682186     3.272318            6      8
   -9.523354    -2.896091     4.090507            6      8
   -9.523354    -2.896091     3.209401            6      8
   -6.706437    -5.713009     3.209401            6      8
   -6.706437    -3.863997     5.058413            6      8
   -9.523354    -3.863997     5.058413            6      8
   -6.706437    -4.745103     5.058413            6      8
   -9.523354    -4.745103     5.058413            6      8
   -9.523354    -3.863997     2.241495            6      8
   -9.523354    -4.745103     2.241495            6      8
   -7.674343    -2.896091     5.058413            6      8
   -8.555448    -2.896091     5.058413            6      8
   -8.555448    -2.896091     2.241495            6      8
   -7.307689    -3.497344     5.340645            6      8
   -8.922102    -3.497344     5.340645            6      8
   -7.307689    -5.111757     5.340645            6      8
   -8.922102    -5.111757     5.340645            6      8
   -8.922102    -3.497344     1.959263            6      8
   -8.922102    -5.111757     1.959263            6      8
   -7.307689    -2.613860     4.457160            6      8
   -8.922102    -2.613860     4.457160            6      8
   -8.922102    -2.613860     2.842747            6      8
   -9.805586    -3.497344     4.457160            6      8
   -6.424205    -5.111757     4.457160            6      8
   -9.805586    -5.111757     4.457160            6      8
   -9.805586    -3.497344     2.842747            6      8
   -9.805586    -5.111757     2.842747            6      8
   -9.090768    -2.513106     3.649954            6      8
   -9.906340    -3.328678     3.649954            6      8
   -6.323451    -5.280423     3.649954            6      8
   -9.906340    -5.280423     3.649954            6      8
   -7.139023    -4.304550     5.441398            6      8
   -9.090768    -4.304550     5.441398            6      8
   -9.090768    -4.304550     1.858510            6      8
   -6.323451    -4.304550     4.625827            6      8
   -9.906340    -4.304550     4.625827            6      8
   -9.906340    -4.304550     2.674081            6      8
   -8.114896    -3.328678     5.441398            6      8
   -8.114896    -5.280423     5.441398            6      8
   -8.114896    -5.280423     1.858510            6      8
   -8.114896    -2.513106     4.625827            6      8
   -8.114896    -2.513106     2.674081            6      8
  -10.403704    -3.888661     3.315391            1      9
   -9.083704    -2.568661     3.315391            1      9
   -9.083704    -3.888661     1.995391            1      9
   -9.845807    -3.126558     4.077494            1      9
   -9.845807    -4.650763     4.077494            1      9
   -9.845807    -3.126558     2.553289            1      9
   -9.845807    -4.650763     2.553289            1      9
   -8.839352    -3.644308     2.041428            1      9
   -9.328057    -3.644308     2.041428            1      9
   -9.328057    -4.133013     2.041428            1      9
   -8.839352    -2.614697     3.559744            1      9
   -9.328057    -2.614697     3.559744            1      9
   -8.839352    -2.614697     3.071039            1      9
   -9.328057    -2.614697     3.071039            1      9
  -10.357668    -3.644308     3.559744            1      9
  -10.357668    -4.133013     3.559744            1      9
  -10.357668    -3.644308     3.071039            1      9
  -10.357668    -4.133013     3.071039            1      9
   -9.995060    -2.977305     3.600455            1      9
   -9.995060    -4.800016     3.600455            1      9
   -9.995060    -2.977305     3.030328            1      9
   -9.995060    -4.800016     3.030328            1      9
   -9.995060    -3.603597     4.226747            1      9
   -9.995060    -4.173724     4.226747            1      9
   -9.995060    -3.603597     2.404036            1      9
   -9.995060    -4.173724     2.404036            1      9
   -9.368768    -2.977305     4.226747            1      9
   -8.798641    -2.977305     2.404036            1      9
   -9.368768    -2.977305     2.404036            1      9
   -9.368768    -4.800016     2.404036            1      9
   -9.606014    -3.366350     4.409368            1      9
   -9.606014    -3.366350     2.221415            1      9
   -9.606014    -4.410971     2.221415            1      9
   -9.606014    -2.794684     3.837702            1      9
   -8.561394    -2.794684     2.793081            1      9
   -9.606014    -2.794684     2.793081            1      9
   -9.606014    -4.982637     2.793081            1      9
  -10.177681    -3.366350     3.837702            1      9
  -10.177681    -4.410971     3.837702            1      9
  -10.177681    -3.366350     2.793081            1      9
  -10.177681    -4.410971     2.793081            1      9
   -9.715151    -2.729491     3.315391            1      9
  -10.242874    -3.257213     3.315391            1      9
  -10.242874    -4.520108     3.315391            1      9
   -9.715151    -3.888661     4.474561            1      9
   -9.715151    -3.888661     2.156222            1      9
  -10.242874    -3.888661     3.946839            1      9
  -10.242874    -3.888661     2.683944            1      9
   -9.083704    -3.257213     2.156222            1      9
   -9.083704    -4.520108     2.156222            1      9
   -9.083704    -2.729491     3.946839            1      9
   -9.083704    -2.729491     2.683944            1      9
   -6.209107    -5.827078     3.765292            6     10
  -10.289107    -5.827078     3.765292            6     10
   -8.249107    -7.867078     3.765292            6     10
   -8.249107    -5.827078     5.805292            6     10
   -8.249107    -5.827078     1.725292            6     10
   -7.071312    -4.649283     4.943086            6     10
   -9.426901    -4.649283     4.943086            6     10
   -7.071312    -7.004872     4.943086            6     10
   -9.426901    -7.004872     4.943086            6     10
   -9.426901    -4.649283     2.587497            6     10
   -7.071312    -7.004872     2.587497            6     10
   -9.426901    -7.004872     2.587497            6     10
   -7.871471    -5.449442     5.734145            6     10
   -8.626743    -5.449442     5.734145            6     10
   -7.871471    -6.204714     5.734145            6     10
   -8.626743    -6.204714     5.734145            6     10
   -7.871471    -5.449442     1.796439            6     10
   -8.626743    -5.449442     1.796439            6     10
   -7.871471    -6.204714     1.796439            6     10
   -8.626743    -6.204714     1.796439            6     10
   -7.871471    -7.795931     4.142928            6     10
   -8.626743    -7.795931     4.142928            6     10
   -7.871471    -7.795931     3.387656            6     10
   -8.626743    -7.795931     3.387656            6     10
   -6.280254    -5.449442     4.142928            6     10
  -10.217960    -5.449442     4.142928            6     10
   -6.280254    -6.204714     4.142928            6     10
  -10.217960    -6.204714     4.142928            6     10
   -6.280254    -5.449442     3.387656            6     10
  -10.217960    -5.449442     3.387656            6     10
   -6.280254    -6.204714     3.387656            6     10
  -10.217960    -6.204714     3.387656            6     10
   -9.657566    -4.418619     4.205845            6     10
   -6.840648    -7.235537     4.205845            6     10
   -9.657566    -7.235537     4.205845            6     10
   -6.840648    -7.235537     3.324739            6     10
   -9.657566    -7.235537     3.324739            6     10
   -6.840648    -5.386525     5.173751            6     10
   -9.657566    -5.386525     5.173751            6     10
   -6.840648    -6.267631     5.173751            6     10
   -9.657566    -6.267631     5.173751            6     10
   -9.657566    -5.386525     2.356833            6     10
   -6.840648    -6.267631     2.356833            6     10
   -9.657566    -6.267631     2.356833            6     10
   -8.689660    -4.418619     5.173751            6     10
   -7.808554    -7.235537     5.173751            6     10
   -8.689660    -7.235537     5.173751            6     10
   -7.808554    -7.235537     2.356833            6     10
   -8.689660    -7.235537     2.356833            6     10
   -7.441900    -5.019871     5.455983            6     10
   -9.056313    -5.019871     5.455983            6     10
   -7.441900    -6.634284     5.455983            6     10
   -9.056313    -6.634284     5.455983            6     10
   -9.056313    -5.019871     2.074601            6     10
   -7.441900    -6.634284     2.074601            6     10
   -9.056313    -6.634284     2.074601            6     10
   -7.441900    -7.517769     4.572498            6     10
   -9.056313    -7.517769     4.572498            6     10
   -7.441900    -7.517769     2.958085            6     10
   -9.056313    -7.517769     2.958085            6     10
   -6.558416    -5.019871     4.572498            6     10
   -9.939797    -5.019871     4.572498            6     10
   -6.558416    -6.634284     4.572498            6     10
   -9.939797    -6.634284     4.572498            6     10
   -9.939797    -5.019871     2.958085            6     10
   -6.558416    -6.634284     2.958085            6     10
   -9.939797    -6.634284     2.958085            6     10
   -7.273234    -7.618522     3.765292            6     10
   -9.224980    -7.618522     3.765292            6     10
  -10.040551    -4.851205     3.765292            6     10
   -6.457663    -6.802951     3.765292            6     10
  -10.040551    -6.802951     3.765292            6     10
   -7.273234    -5.827078     5.556736            6     10
   -9.224980    -5.827078     5.556736            6     10
   -7.273234    -5.827078     1.973848            6     10
   -9.224980    -5.827078     1.973848            6     10
   -6.457663    -5.827078     4.741165            6     10
  -10.040551    -5.827078     4.741165            6     10
   -6.457663    -5.827078     2.789419            6     10
  -10.040551    -5.827078     2.789419            6     10
   -8.249107    -4.851205     5.556736            6     10
   -8.249107    -6.802951     5.556736            6     10
   -8.249107    -6.802951     1.973848            6     10
   -8.249107    -7.618522     4.741165            6     10
   -8.249107    -7.618522     2.789419            6     10
   -5.374865    -4.266168     1.414643            8     11
   -9.022865    -4.266168     1.414643            8     11
   -7.198865    -2.442168     1.414643            8     11
   -7.198865    -6.090168     1.414643            8     11
   -7.198865    -4.266168    -0.409357            8     11
   -6.145779    -5.319255     2.467729            8     11
   -6.145779    -3.213081     0.361556            8     11
   -8.251952    -3.213081     0.361556            8     11
   -6.145779    -5.319255     0.361556            8     11
   -8.251952    -5.319255     0.361556            8     11
   -6.861214    -3.928517    -0.345744            8     11
   -7.536516    -3.928517    -0.345744            8     11
   -6.861214    -4.603819    -0.345744            8     11
   -7.536516    -4.603819    -0.345744            8     11
   -7.536516    -2.505782     1.752293            8     11
   -6.861214    -6.026554     1.752293            8     11
   -7.536516    -6.026554     1.752293            8     11
   -6.861214    -2.505782     1.076992            8     11
   -7.536516    -2.505782     1.076992            8     11
   -6.861214    -6.026554     1.076992            8     11
   -7.536516    -6.026554     1.076992            8     11
   -8.959252    -3.928517     1.752293            8     11
   -5.438479    -4.603819     1.752293            8     11
   -8.959252    -4.603819     1.752293            8     11
   -5.438479    -3.928517     1.076992            8     11
   -8.959252    -3.928517     1.076992            8     11
   -5.438479    -4.603819     1.076992            8     11
   -8.959252    -4.603819     1.076992            8     11
   -8.458193    -3.006840     1.808549            8     11
   -5.939537    -5.525496     1.808549            8     11
   -8.458193    -5.525496     1.808549            8     11
   -5.939537    -3.006840     1.020736            8     11
   -8.458193    -3.006840     1.020736            8     11
   -5.939537    -5.525496     1.020736            8     11
   -8.458193    -5.525496     1.020736            8     11
   -5.939537    -3.872262     0.155315            8     11
   -8.458193    -3.872262     0.155315            8     11
   -5.939537    -4.660074     0.155315            8     11
   -8.458193    -4.660074     0.155315            8     11
   -6.804959    -5.525496     2.673971            8     11
   -6.804959    -3.006840     0.155315            8     11
   -7.592771    -3.006840     0.155315            8     11
   -6.804959    -5.525496     0.155315            8     11
   -7.592771    -5.525496     0.155315            8     11
   -6.477128    -3.544430    -0.097034            8     11
   -7.920603    -3.544430    -0.097034            8     11
   -6.477128    -4.987906    -0.097034            8     11
   -7.920603    -4.987906    -0.097034            8     11
   -6.477128    -5.777844     2.136380            8     11
   -6.477128    -2.754492     0.692905            8     11
   -7.920603    -2.754492     0.692905            8     11
   -6.477128    -5.777844     0.692905            8     11
   -7.920603    -5.777844     0.692905            8     11
   -8.710542    -3.544430     2.136380            8     11
   -5.687189    -4.987906     2.136380            8     11
   -8.710542    -4.987906     2.136380            8     11
   -5.687189    -3.544430     0.692905            8     11
   -8.710542    -3.544430     0.692905            8     11
   -5.687189    -4.987906     0.692905            8     11
   -8.710542    -4.987906     0.692905            8     11
   -8.071411    -2.664406     1.414643            8     11
   -6.326320    -5.867930     1.414643            8     11
   -8.071411    -5.867930     1.414643            8     11
   -8.800627    -3.393623     1.414643            8     11
   -5.597104    -5.138713     1.414643            8     11
   -8.800627    -5.138713     1.414643            8     11
   -6.326320    -4.266168    -0.187119            8     11
   -8.071411    -4.266168    -0.187119            8     11
   -5.597104    -4.266168     0.542097            8     11
   -8.800627    -4.266168     0.542097            8     11
   -7.198865    -3.393623    -0.187119            8     11
   -7.198865    -5.138713    -0.187119            8     11
   -7.198865    -5.867930     2.287188            8     11
   -7.198865    -2.664406     0.542097            8     11
   -7.198865    -5.867930     0.542097            8     11
   -6.004516    -6.271486     4.167033            1     12
   -7.324516    -7.591486     4.167033            1     12
   -7.324516    -6.271486     5.487033            1     12
   -6.562414    -5.509383     4.929135            1     12
   -6.562414    -7.033588     4.929135            1     12
   -6.562414    -7.033588     3.404930            1     12
   -7.080163    -6.027133     5.440996            1     12
   -7.568869    -6.027133     5.440996            1     12
   -7.080163    -6.515838     5.440996            1     12
   -7.568869    -6.515838     5.440996            1     12
   -7.080163    -7.545449     4.411385            1     12
   -7.568869    -7.545449     4.411385            1     12
   -7.080163    -7.545449     3.922680            1     12
   -7.568869    -7.545449     3.922680            1     12
   -6.050552    -6.027133     4.411385            1     12
   -6.050552    -6.515838     4.411385            1     12
   -6.050552    -6.027133     3.922680            1     12
   -6.050552    -6.515838     3.922680            1     12
   -6.413160    -5.360130     4.452096            1     12
   -6.413160    -7.182842     4.452096            1     12
   -6.413160    -5.360130     3.881969            1     12
   -6.413160    -7.182842     3.881969            1     12
   -6.413160    -5.986422     5.078388            1     12
   -6.413160    -6.556549     5.078388            1     12
   -6.413160    -5.986422     3.255677            1     12
   -6.413160    -6.556549     3.255677            1     12
   -7.039452    -5.360130     5.078388            1     12
   -7.039452    -7.182842     5.078388            1     12
   -7.609580    -7.182842     5.078388            1     12
   -7.039452    -7.182842     3.255677            1     12
   -6.802206    -5.749176     5.261009            1     12
   -6.802206    -6.793796     5.261009            1     12
   -7.846826    -6.793796     5.261009            1     12
   -6.802206    -6.793796     3.073056            1     12
   -6.802206    -5.177509     4.689343            1     12
   -6.802206    -7.365462     4.689343            1     12
   -7.846826    -7.365462     4.689343            1     12
   -6.802206    -7.365462     3.644723            1     12
   -6.230540    -5.749176     4.689343            1     12
   -6.230540    -6.793796     4.689343            1     12
   -6.230540    -5.749176     3.644723            1     12
   -6.230540    -6.793796     3.644723            1     12
   -6.693069    -7.430656     4.167033            1     12
   -6.165346    -5.640039     4.167033            1     12
   -6.165346    -6.902933     4.167033            1     12
   -6.693069    -6.271486     5.326202            1     12
   -6.693069    -6.271486     3.007863            1     12
   -6.165346    -6.271486     4.798480            1     12
   -6.165346    -6.271486     3.535585            1     12
   -7.324516    -5.640039     5.326202            1     12
   -7.324516    -6.902933     5.326202            1     12
   -7.324516    -7.430656     4.798480            1     12
   -7.324516    -7.430656     3.535585            1     12
  -10.399303    -6.118633     4.426678            1     13
   -9.079303    -7.438633     4.426678            1     13
   -9.079303    -6.118633     5.746678            1     13
   -9.841405    -5.356530     5.188780            1     13
   -8.317201    -6.880735     5.188780            1     13
   -9.841405    -6.880735     5.188780            1     13
   -9.841405    -6.880735     3.664575            1     13
   -8.834950    -5.874280     5.700641            1     13
   -9.323656    -5.874280     5.700641            1     13
   -8.834950    -6.362985     5.700641            1     13
   -9.323656    -6.362985     5.700641            1     13
   -8.834950    -7.392596     4.671030            1     13
   -9.323656    -7.392596     4.671030            1     13
   -8.834950    -7.392596     4.182325            1     13
   -9.323656    -7.392596     4.182325            1     13
  -10.353267    -5.874280     4.671030            1     13
  -10.353267    -6.362985     4.671030            1     13
  -10.353267    -5.874280     4.182325            1     13
  -10.353267    -6.362985     4.182325            1     13
   -9.990659    -5.207277     4.711741            1     13
   -9.990659    -7.029988     4.711741            1     13
   -9.990659    -5.207277     4.141614            1     13
   -9.990659    -7.029988     4.141614            1     13
   -9.990659    -5.833569     5.338033            1     13
   -9.990659    -6.403696     5.338033            1     13
   -9.990659    -5.833569     3.515322            1     13
   -9.990659    -6.403696     3.515322            1     13
   -8.794239    -5.207277     5.338033            1     13
   -9.364367    -5.207277     5.338033            1     13
   -8.794239    -7.029988     5.338033            1     13
   -9.364367    -7.029988     5.338033            1     13
   -8.556993    -5.596323     5.520654            1     13
   -9.601613    -5.596323     5.520654            1     13
   -8.556993    -6.640943     5.520654            1     13
   -9.601613    -6.640943     5.520654            1     13
   -9.601613    -5.024656     4.948988            1     13
   -8.556993    -7.212609     4.948988            1     13
   -9.601613    -7.212609     4.948988            1     13
   -9.601613    -7.212609     3.904367            1     13
  -10.173279    -5.596323     4.948988            1     13
  -10.173279    -6.640943     4.948988            1     13
  -10.173279    -5.596323     3.904367            1     13
  -10.173279    -6.640943     3.904367            1     13
   -9.710750    -4.959463     4.426678            1     13
   -9.710750    -7.277802     4.426678            1     13
  -10.238473    -5.487186     4.426678            1     13
  -10.238473    -6.750080     4.426678            1     13
   -8.447856    -6.118633     5.585847            1     13
   -9.710750    -6.118633     5.585847            1     13
  -10.238473    -6.118633     5.058125            1     13
  -10.238473    -6.118633     3.795230            1     13
   -9.079303    -5.487186     5.585847            1     13
   -9.079303    -6.750080     5.585847            1     13
   -9.079303    -7.277802     5.058125            1     13
   -9.751992    -6.269107     2.774759            1     14
   -8.431992    -7.589107     2.774759            1     14
   -8.431992    -6.269107     1.454759            1     14
   -9.194095    -5.507005     2.012656            1     14
   -7.669890    -7.031210     2.012656            1     14
   -9.194095    -7.031210     2.012656            1     14
   -8.187640    -6.024755     1.500795            1     14
   -8.676345    -6.024755     1.500795            1     14
   -8.187640    -6.513460     1.500795            1     14
   -8.676345    -6.513460     1.500795            1     14
   -8.187640    -7.543071     3.019111            1     14
   -8.676345    -7.543071     3.019111            1     14
   -8.187640    -7.543071     2.530406            1     14
   -8.676345    -7.543071     2.530406            1     14
   -9.705956    -6.513460     3.019111            1     14
   -9.705956    -6.024755     2.530406            1     14
   -7.158028    -6.513460     2.530406            1     14
   -9.705956    -6.513460     2.530406            1     14
   -7.520636    -7.180463     3.059822            1     14
   -9.343348    -7.180463     3.059822            1     14
   -9.343348    -5.357752     2.489695            1     14
   -7.520636    -7.180463     2.489695            1     14
   -9.343348    -7.180463     2.489695            1     14
   -7.520636    -5.984044     1.863403            1     14
   -9.343348    -5.984044     1.863403            1     14
   -7.520636    -6.554171     1.863403            1     14
   -9.343348    -6.554171     1.863403            1     14
   -8.717056    -5.357752     1.863403            1     14
   -8.146929    -7.180463     1.863403            1     14
   -8.717056    -7.180463     1.863403            1     14
   -7.909682    -5.746797     1.680782            1     14
   -8.954302    -5.746797     1.680782            1     14
   -7.909682    -6.791418     1.680782            1     14
   -8.954302    -6.791418     1.680782            1     14
   -8.954302    -7.363084     3.297069            1     14
   -8.954302    -5.175131     2.252448            1     14
   -7.909682    -7.363084     2.252448            1     14
   -8.954302    -7.363084     2.252448            1     14
   -9.525969    -5.746797     2.252448            1     14
   -7.338016    -6.791418     2.252448            1     14
   -9.525969    -6.791418     2.252448            1     14
   -7.800545    -7.428277     2.774759            1     14
   -9.063439    -7.428277     2.774759            1     14
   -7.272822    -6.900555     2.774759            1     14
   -9.591162    -6.900555     2.774759            1     14
   -7.800545    -6.269107     1.615589            1     14
   -9.063439    -6.269107     1.615589            1     14
   -7.272822    -6.269107     2.143311            1     14
   -9.591162    -6.269107     2.143311            1     14
   -8.431992    -5.637660     1.615589            1     14
   -8.431992    -6.900555     1.615589            1     14
   -8.431992    -7.428277     2.143311            1     14
