# Atoms array:
     x           y            z                   Z     indx
   -3.827604    -0.634648    -0.747362            6      0
   -2.705186     0.175595    -0.785450            6      1
   -1.398744    -0.385712    -0.211585            6      2
   -2.643537     1.376485    -1.260612            8      3
   -3.788970    -1.642331    -0.330125            1      4
   -4.784175    -0.280386    -1.143426            1      5
   -1.498090    -1.410047     0.176593            1      6
   -0.617844    -0.378458    -0.989937            1      7
   -1.040260     0.265835     0.602417            1      8

# Gridpoints array:
     x           y            z                   Z     indx
   -5.867604    -0.634648    -0.747362            6      0
   -3.827604    -2.674648    -0.747362            6      0
   -3.827604    -0.634648     1.292638            6      0
   -3.827604    -0.634648    -2.787362            6      0
   -5.005398     0.543146     0.430432            6      0
   -2.649809    -1.812443     0.430432            6      0
   -5.005398    -1.812443     0.430432            6      0
   -5.005398     0.543146    -1.925157            6      0
   -2.649809    -1.812443    -1.925157            6      0
   -5.005398    -1.812443    -1.925157            6      0
   -3.449968    -0.257012     1.221491            6      0
   -4.205240    -0.257012     1.221491            6      0
   -3.449968    -1.012284     1.221491            6      0
   -4.205240    -1.012284     1.221491            6      0
   -3.449968    -0.257012    -2.716215            6      0
   -4.205240    -0.257012    -2.716215            6      0
   -3.449968    -1.012284    -2.716215            6      0
   -4.205240    -1.012284    -2.716215            6      0
   -4.205240     1.334205    -0.369726            6      0
   -3.449968    -2.603501    -0.369726            6      0
   -4.205240    -2.603501    -0.369726            6      0
   -4.205240     1.334205    -1.124998            6      0
   -3.449968    -2.603501    -1.124998            6      0
   -4.205240    -2.603501    -1.124998            6      0
   -5.796457    -0.257012    -0.369726            6      0
   -5.796457    -1.012284    -0.369726            6      0
   -5.796457    -0.257012    -1.124998            6      0
   -5.796457    -1.012284    -1.124998            6      0
   -5.236063     0.773811    -0.306809            6      0
   -2.419145    -2.043107    -0.306809            6      0
   -5.236063    -2.043107    -0.306809            6      0
   -5.236063     0.773811    -1.187915            6      0
   -2.419145    -2.043107    -1.187915            6      0
   -5.236063    -2.043107    -1.187915            6      0
   -5.236063    -0.194096     0.661097            6      0
   -5.236063    -1.075201     0.661097            6      0
   -5.236063    -0.194096    -2.155821            6      0
   -2.419145    -1.075201    -2.155821            6      0
   -5.236063    -1.075201    -2.155821            6      0
   -3.387051     0.773811     0.661097            6      0
   -4.268157     0.773811     0.661097            6      0
   -3.387051    -2.043107     0.661097            6      0
   -4.268157    -2.043107     0.661097            6      0
   -4.268157     0.773811    -2.155821            6      0
   -3.387051    -2.043107    -2.155821            6      0
   -4.268157    -2.043107    -2.155821            6      0
   -3.020397     0.172558     0.943329            6      0
   -4.634810     0.172558     0.943329            6      0
   -3.020397    -1.441855     0.943329            6      0
   -4.634810    -1.441855     0.943329            6      0
   -3.020397     0.172558    -2.438053            6      0
   -4.634810     0.172558    -2.438053            6      0
   -3.020397    -1.441855    -2.438053            6      0
   -4.634810    -1.441855    -2.438053            6      0
   -4.634810     1.056042     0.059844            6      0
   -3.020397    -2.325339     0.059844            6      0
   -4.634810    -2.325339     0.059844            6      0
   -4.634810     1.056042    -1.554569            6      0
   -3.020397    -2.325339    -1.554569            6      0
   -4.634810    -2.325339    -1.554569            6      0
   -5.518294     0.172558     0.059844            6      0
   -5.518294    -1.441855     0.059844            6      0
   -5.518294     0.172558    -1.554569            6      0
   -2.136913    -1.441855    -1.554569            6      0
   -5.518294    -1.441855    -1.554569            6      0
   -4.803477     1.156796    -0.747362            6      0
   -2.851731    -2.426093    -0.747362            6      0
   -4.803477    -2.426093    -0.747362            6      0
   -5.619048     0.341224    -0.747362            6      0
   -5.619048    -1.610521    -0.747362            6      0
   -2.851731    -0.634648     1.044082            6      0
   -4.803477    -0.634648     1.044082            6      0
   -2.851731    -0.634648    -2.538806            6      0
   -4.803477    -0.634648    -2.538806            6      0
   -5.619048    -0.634648     0.228511            6      0
   -5.619048    -0.634648    -1.723235            6      0
   -3.827604     0.341224     1.044082            6      0
   -3.827604    -1.610521     1.044082            6      0
   -3.827604     0.341224    -2.538806            6      0
   -3.827604    -1.610521    -2.538806            6      0
   -3.827604     1.156796     0.228511            6      0
   -3.827604    -2.426093     0.228511            6      0
   -3.827604    -2.426093    -1.723235            6      0
   -2.705186     0.175595     1.254550            6      1
   -2.705186     0.175595    -2.825450            6      1
   -1.527391     1.353390     0.392344            6      1
   -3.882980     1.353390     0.392344            6      1
   -1.527391     1.353390    -1.963245            6      1
   -3.882980     1.353390    -1.963245            6      1
   -1.527391    -1.002199    -1.963245            6      1
   -2.327550     0.553231     1.183403            6      1
   -3.082822     0.553231     1.183403            6      1
   -2.327550    -0.202040     1.183403            6      1
   -3.082822    -0.202040     1.183403            6      1
   -2.327550     0.553231    -2.754303            6      1
   -3.082822     0.553231    -2.754303            6      1
   -2.327550    -0.202040    -2.754303            6      1
   -3.082822    -0.202040    -2.754303            6      1
   -2.327550    -1.793258    -0.407814            6      1
   -2.327550    -1.793258    -1.163086            6      1
   -1.296727     1.584054    -0.344897            6      1
   -4.113645     1.584054    -0.344897            6      1
   -1.296727     1.584054    -1.226003            6      1
   -4.113645     1.584054    -1.226003            6      1
   -4.113645     0.616148     0.623009            6      1
   -1.296727     0.616148    -2.193909            6      1
   -4.113645     0.616148    -2.193909            6      1
   -1.296727    -0.264957    -2.193909            6      1
   -2.264633     1.584054     0.623009            6      1
   -3.145739     1.584054     0.623009            6      1
   -3.145739    -1.232863     0.623009            6      1
   -2.264633    -1.232863    -2.193909            6      1
   -3.145739    -1.232863    -2.193909            6      1
   -1.897979     0.982802     0.905241            6      1
   -3.512392     0.982802     0.905241            6      1
   -3.512392    -0.631611     0.905241            6      1
   -1.897979     0.982802    -2.476141            6      1
   -3.512392     0.982802    -2.476141            6      1
   -1.897979    -0.631611    -2.476141            6      1
   -3.512392    -0.631611    -2.476141            6      1
   -1.897979     1.866286     0.021756            6      1
   -3.512392     1.866286     0.021756            6      1
   -1.897979    -1.515095    -1.592657            6      1
   -4.395877     0.982802     0.021756            6      1
   -1.014495     0.982802    -1.592657            6      1
   -4.395877     0.982802    -1.592657            6      1
   -0.913742     1.151468    -0.785450            6      1
   -4.496630     1.151468    -0.785450            6      1
   -3.681059     0.175595     1.005994            6      1
   -1.729313     0.175595    -2.576894            6      1
   -3.681059     0.175595    -2.576894            6      1
   -0.913742     0.175595    -1.761323            6      1
   -2.705186     1.151468     1.005994            6      1
   -2.705186    -0.800277     1.005994            6      1
   -2.705186     1.151468    -2.576894            6      1
   -2.705186    -0.800277    -2.576894            6      1
   -2.705186     1.967040     0.190423            6      1
   -2.705186    -1.615849     0.190423            6      1
   -2.705186    -1.615849    -1.761323            6      1
    0.641256    -0.385712    -0.211585            6      2
   -1.398744     1.654288    -0.211585            6      2
   -1.398744    -2.425712    -0.211585            6      2
   -1.398744    -0.385712     1.828415            6      2
   -1.398744    -0.385712    -2.251585            6      2
   -0.220949     0.792083     0.966210            6      2
   -2.576538     0.792083     0.966210            6      2
   -0.220949    -1.563506     0.966210            6      2
   -2.576538    -1.563506     0.966210            6      2
   -0.220949     0.792083    -1.389380            6      2
   -0.220949    -1.563506    -1.389380            6      2
   -2.576538    -1.563506    -1.389380            6      2
   -1.021108    -0.008076     1.757268            6      2
   -1.776380    -0.008076     1.757268            6      2
   -1.021108    -0.763348     1.757268            6      2
   -1.776380    -0.763348     1.757268            6      2
   -1.021108    -0.008076    -2.180438            6      2
   -1.776380    -0.008076    -2.180438            6      2
   -1.021108    -0.763348    -2.180438            6      2
   -1.776380    -0.763348    -2.180438            6      2
   -1.021108     1.583141     0.166051            6      2
   -1.776380     1.583141     0.166051            6      2
   -1.021108    -2.354565     0.166051            6      2
   -1.776380    -2.354565     0.166051            6      2
   -1.021108     1.583141    -0.589221            6      2
   -1.021108    -2.354565    -0.589221            6      2
   -1.776380    -2.354565    -0.589221            6      2
    0.570109    -0.008076     0.166051            6      2
    0.570109    -0.763348     0.166051            6      2
    0.570109    -0.008076    -0.589221            6      2
    0.570109    -0.763348    -0.589221            6      2
    0.009715     1.022747     0.228968            6      2
    0.009715    -1.794171     0.228968            6      2
   -2.807203    -1.794171     0.228968            6      2
    0.009715     1.022747    -0.652138            6      2
    0.009715    -1.794171    -0.652138            6      2
    0.009715     0.054841     1.196874            6      2
   -2.807203     0.054841     1.196874            6      2
    0.009715    -0.826265     1.196874            6      2
   -2.807203    -0.826265     1.196874            6      2
    0.009715     0.054841    -1.620044            6      2
    0.009715    -0.826265    -1.620044            6      2
   -0.958191     1.022747     1.196874            6      2
   -1.839297     1.022747     1.196874            6      2
   -0.958191    -1.794171     1.196874            6      2
   -1.839297    -1.794171     1.196874            6      2
   -0.958191     1.022747    -1.620044            6      2
   -0.958191    -1.794171    -1.620044            6      2
   -1.839297    -1.794171    -1.620044            6      2
   -0.591537     0.421495     1.479106            6      2
   -2.205950     0.421495     1.479106            6      2
   -0.591537    -1.192918     1.479106            6      2
   -2.205950    -1.192918     1.479106            6      2
   -0.591537     0.421495    -1.902276            6      2
   -0.591537    -1.192918    -1.902276            6      2
   -2.205950    -1.192918    -1.902276            6      2
   -0.591537     1.304979     0.595622            6      2
   -2.205950     1.304979     0.595622            6      2
   -0.591537    -2.076403     0.595622            6      2
   -2.205950    -2.076403     0.595622            6      2
   -0.591537     1.304979    -1.018791            6      2
   -0.591537    -2.076403    -1.018791            6      2
   -2.205950    -2.076403    -1.018791            6      2
    0.291947     0.421495     0.595622            6      2
    0.291947    -1.192918     0.595622            6      2
   -3.089435    -1.192918     0.595622            6      2
    0.291947     0.421495    -1.018791            6      2
    0.291947    -1.192918    -1.018791            6      2
   -0.422871     1.405732    -0.211585            6      2
   -0.422871    -2.177156    -0.211585            6      2
   -2.374617    -2.177156    -0.211585            6      2
    0.392700     0.590161    -0.211585            6      2
    0.392700    -1.361585    -0.211585            6      2
   -0.422871    -0.385712     1.579859            6      2
   -2.374617    -0.385712     1.579859            6      2
   -0.422871    -0.385712    -2.003029            6      2
    0.392700    -0.385712     0.764288            6      2
    0.392700    -0.385712    -1.187458            6      2
   -1.398744     0.590161     1.579859            6      2
   -1.398744    -1.361585     1.579859            6      2
   -1.398744     0.590161    -2.003029            6      2
   -1.398744    -1.361585    -2.003029            6      2
   -1.398744     1.405732     0.764288            6      2
   -1.398744    -2.177156     0.764288            6      2
   -1.398744    -2.177156    -1.187458            6      2
   -0.819537     1.376485    -1.260612            8      3
   -4.467537     1.376485    -1.260612            8      3
   -2.643537     3.200485    -1.260612            8      3
   -2.643537     1.376485     0.563388            8      3
   -2.643537     1.376485    -3.084612            8      3
   -1.590450     2.429572    -0.207525            8      3
   -3.696624     2.429572    -0.207525            8      3
   -1.590450     2.429572    -2.313699            8      3
   -3.696624     2.429572    -2.313699            8      3
   -1.590450     0.323398    -2.313699            8      3
   -3.696624     0.323398    -2.313699            8      3
   -2.305886     1.714136     0.499774            8      3
   -2.981188     1.714136     0.499774            8      3
   -2.305886     1.714136    -3.020998            8      3
   -2.981188     1.714136    -3.020998            8      3
   -2.305886     1.038834    -3.020998            8      3
   -2.981188     1.038834    -3.020998            8      3
   -2.305886     3.136872    -0.922961            8      3
   -2.981188     3.136872    -0.922961            8      3
   -2.305886     3.136872    -1.598263            8      3
   -2.981188     3.136872    -1.598263            8      3
   -0.883151     1.714136    -0.922961            8      3
   -4.403923     1.714136    -0.922961            8      3
   -0.883151     1.038834    -0.922961            8      3
   -4.403923     1.038834    -0.922961            8      3
   -0.883151     1.714136    -1.598263            8      3
   -4.403923     1.714136    -1.598263            8      3
   -0.883151     1.038834    -1.598263            8      3
   -4.403923     1.038834    -1.598263            8      3
   -1.384209     2.635813    -0.866706            8      3
   -3.902865     2.635813    -0.866706            8      3
   -1.384209     2.635813    -1.654518            8      3
   -3.902865     2.635813    -1.654518            8      3
   -1.384209     1.770391    -0.001284            8      3
   -3.902865     1.770391    -0.001284            8      3
   -1.384209     1.770391    -2.519940            8      3
   -3.902865     1.770391    -2.519940            8      3
   -1.384209     0.982579    -2.519940            8      3
   -3.902865     0.982579    -2.519940            8      3
   -2.249631     2.635813    -0.001284            8      3
   -3.037443     2.635813    -0.001284            8      3
   -2.249631     2.635813    -2.519940            8      3
   -3.037443     2.635813    -2.519940            8      3
   -2.249631     0.117157    -2.519940            8      3
   -3.037443     0.117157    -2.519940            8      3
   -1.921799     2.098223     0.251065            8      3
   -3.365274     2.098223     0.251065            8      3
   -1.921799     2.098223    -2.772288            8      3
   -3.365274     2.098223    -2.772288            8      3
   -1.921799     0.654748    -2.772288            8      3
   -3.365274     0.654748    -2.772288            8      3
   -1.921799     2.888162    -0.538874            8      3
   -3.365274     2.888162    -0.538874            8      3
   -1.921799     2.888162    -1.982350            8      3
   -3.365274     2.888162    -1.982350            8      3
   -1.131860     2.098223    -0.538874            8      3
   -4.155213     2.098223    -0.538874            8      3
   -1.131860     2.098223    -1.982350            8      3
   -4.155213     2.098223    -1.982350            8      3
   -1.131860     0.654748    -1.982350            8      3
   -4.155213     0.654748    -1.982350            8      3
   -1.770992     2.978247    -1.260612            8      3
   -3.516082     2.978247    -1.260612            8      3
   -1.041775     2.249030    -1.260612            8      3
   -4.245299     2.249030    -1.260612            8      3
   -1.770992     1.376485     0.341150            8      3
   -3.516082     1.376485     0.341150            8      3
   -1.770992     1.376485    -2.862374            8      3
   -3.516082     1.376485    -2.862374            8      3
   -1.041775     1.376485    -0.388067            8      3
   -4.245299     1.376485    -0.388067            8      3
   -1.041775     1.376485    -2.133157            8      3
   -4.245299     1.376485    -2.133157            8      3
   -2.643537     2.249030     0.341150            8      3
   -2.643537     2.249030    -2.862374            8      3
   -2.643537     0.503940    -2.862374            8      3
   -2.643537     2.978247    -0.388067            8      3
   -2.643537     2.978247    -2.133157            8      3
   -3.788970    -2.962331    -0.330125            1      4
   -3.788970    -1.642331     0.989875            1      4
   -3.026867    -2.404433     0.431977            1      4
   -4.551072    -2.404433     0.431977            1      4
   -3.026867    -2.404433    -1.092228            1      4
   -4.551072    -2.404433    -1.092228            1      4
   -3.544617    -1.397978     0.943838            1      4
   -4.033322    -1.397978     0.943838            1      4
   -3.544617    -1.886683     0.943838            1      4
   -4.033322    -1.886683     0.943838            1      4
   -3.544617    -2.916295    -0.085773            1      4
   -4.033322    -2.916295    -0.085773            1      4
   -3.544617    -2.916295    -0.574478            1      4
   -4.033322    -2.916295    -0.574478            1      4
   -2.515006    -1.886683    -0.085773            1      4
   -5.062933    -1.886683    -0.085773            1      4
   -2.515006    -1.886683    -0.574478            1      4
   -5.062933    -1.886683    -0.574478            1      4
   -2.877614    -2.553687    -0.045062            1      4
   -4.700325    -2.553687    -0.045062            1      4
   -2.877614    -2.553687    -0.615189            1      4
   -4.700325    -2.553687    -0.615189            1      4
   -2.877614    -1.357267     0.581231            1      4
   -4.700325    -1.357267     0.581231            1      4
   -2.877614    -1.927394     0.581231            1      4
   -4.700325    -1.927394     0.581231            1      4
   -3.503906    -2.553687     0.581231            1      4
   -4.074033    -2.553687     0.581231            1      4
   -3.503906    -2.553687    -1.241481            1      4
   -4.074033    -2.553687    -1.241481            1      4
   -3.266659    -2.164641     0.763851            1      4
   -4.311280    -2.164641     0.763851            1      4
   -3.266659    -2.164641    -1.424102            1      4
   -4.311280    -2.164641    -1.424102            1      4
   -3.266659    -2.736307     0.192185            1      4
   -4.311280    -2.736307     0.192185            1      4
   -3.266659    -2.736307    -0.852435            1      4
   -4.311280    -2.736307    -0.852435            1      4
   -2.694993    -2.164641     0.192185            1      4
   -4.882946    -2.164641     0.192185            1      4
   -2.694993    -2.164641    -0.852435            1      4
   -4.882946    -2.164641    -0.852435            1      4
   -3.157522    -2.801501    -0.330125            1      4
   -4.420417    -2.801501    -0.330125            1      4
   -2.629800    -2.273778    -0.330125            1      4
   -4.948139    -2.273778    -0.330125            1      4
   -3.157522    -1.642331     0.829045            1      4
   -4.420417    -1.642331     0.829045            1      4
   -4.948139    -1.642331     0.301322            1      4
   -3.788970    -2.273778     0.829045            1      4
   -3.788970    -2.273778    -1.489295            1      4
   -3.788970    -2.801501     0.301322            1      4
   -3.788970    -2.801501    -0.961572            1      4
   -6.104175    -0.280386    -1.143426            1      5
   -4.784175     1.039614    -1.143426            1      5
   -4.784175    -0.280386    -2.463426            1      5
   -5.546277     0.481717    -0.381324            1      5
   -5.546277    -1.042488    -0.381324            1      5
   -5.546277     0.481717    -1.905528            1      5
   -5.546277    -1.042488    -1.905528            1      5
   -4.539822    -0.036033    -2.417390            1      5
   -5.028528    -0.036033    -2.417390            1      5
   -4.539822    -0.524738    -2.417390            1      5
   -5.028528    -0.524738    -2.417390            1      5
   -4.539822     0.993578    -0.899073            1      5
   -5.028528     0.993578    -0.899073            1      5
   -4.539822     0.993578    -1.387779            1      5
   -5.028528     0.993578    -1.387779            1      5
   -6.058139    -0.036033    -0.899073            1      5
   -6.058139    -0.524738    -0.899073            1      5
   -6.058139    -0.036033    -1.387779            1      5
   -6.058139    -0.524738    -1.387779            1      5
   -5.695531     0.630970    -0.858362            1      5
   -5.695531    -1.191742    -0.858362            1      5
   -5.695531     0.630970    -1.428490            1      5
   -5.695531    -1.191742    -1.428490            1      5
   -5.695531     0.004678    -0.232070            1      5
   -5.695531    -0.565449    -0.232070            1      5
   -5.695531     0.004678    -2.054782            1      5
   -5.695531    -0.565449    -2.054782            1      5
   -5.069239     0.630970    -0.232070            1      5
   -4.499111     0.630970    -2.054782            1      5
   -5.069239     0.630970    -2.054782            1      5
   -5.069239    -1.191742    -2.054782            1      5
   -5.306485     0.241924    -0.049450            1      5
   -4.261865     0.241924    -2.237402            1      5
   -5.306485     0.241924    -2.237402            1      5
   -5.306485    -0.802696    -2.237402            1      5
   -5.306485     0.813591    -0.621116            1      5
   -5.306485     0.813591    -1.665736            1      5
   -5.306485    -1.374362    -1.665736            1      5
   -5.878152     0.241924    -0.621116            1      5
   -5.878152    -0.802696    -0.621116            1      5
   -5.878152     0.241924    -1.665736            1      5
   -5.878152    -0.802696    -1.665736            1      5
   -5.415622     0.878784    -1.143426            1      5
   -5.415622    -1.439556    -1.143426            1      5
   -5.943345     0.351061    -1.143426            1      5
   -5.943345    -0.911833    -1.143426            1      5
   -5.415622    -0.280386     0.015744            1      5
   -5.415622    -0.280386    -2.302596            1      5
   -5.943345    -0.280386    -0.511979            1      5
   -5.943345    -0.280386    -1.774873            1      5
   -4.784175     0.351061    -2.302596            1      5
   -4.784175    -0.911833    -2.302596            1      5
   -4.784175     0.878784    -0.511979            1      5
   -4.784175     0.878784    -1.774873            1      5
   -1.498090    -2.730047     0.176593            1      6
   -1.498090    -1.410047     1.496593            1      6
   -0.735988    -2.172150     0.938695            1      6
   -2.260193    -2.172150     0.938695            1      6
   -0.735988    -2.172150    -0.585509            1      6
   -2.260193    -2.172150    -0.585509            1      6
   -1.253738    -1.165695     1.450557            1      6
   -1.742443    -1.165695     1.450557            1      6
   -1.253738    -1.654400     1.450557            1      6
   -1.742443    -1.654400     1.450557            1      6
   -1.253738    -2.684011     0.420946            1      6
   -1.742443    -2.684011     0.420946            1      6
   -1.253738    -2.684011    -0.067760            1      6
   -1.742443    -2.684011    -0.067760            1      6
   -0.224127    -1.654400     0.420946            1      6
   -2.772054    -1.654400     0.420946            1      6
   -0.224127    -1.654400    -0.067760            1      6
   -0.586734    -2.321403     0.461657            1      6
   -2.409446    -2.321403     0.461657            1      6
   -0.586734    -2.321403    -0.108471            1      6
   -2.409446    -2.321403    -0.108471            1      6
   -0.586734    -1.124984     1.087949            1      6
   -2.409446    -1.124984     1.087949            1      6
   -0.586734    -1.695111     1.087949            1      6
   -2.409446    -1.695111     1.087949            1      6
   -1.213027    -2.321403     1.087949            1      6
   -1.783154    -2.321403     1.087949            1      6
   -1.213027    -2.321403    -0.734763            1      6
   -1.783154    -2.321403    -0.734763            1      6
   -0.975780    -1.932357     1.270569            1      6
   -2.020400    -1.932357     1.270569            1      6
   -0.975780    -1.932357    -0.917383            1      6
   -2.020400    -1.932357    -0.917383            1      6
   -0.975780    -2.504024     0.698903            1      6
   -2.020400    -2.504024     0.698903            1      6
   -0.975780    -2.504024    -0.345717            1      6
   -2.020400    -2.504024    -0.345717            1      6
   -0.404114    -1.932357     0.698903            1      6
   -2.592067    -1.932357     0.698903            1      6
   -0.404114    -1.932357    -0.345717            1      6
   -2.592067    -1.932357    -0.345717            1      6
   -0.866643    -2.569217     0.176593            1      6
   -2.129537    -2.569217     0.176593            1      6
   -0.338920    -2.041494     0.176593            1      6
   -2.657260    -2.041494     0.176593            1      6
   -0.866643    -1.410047     1.335763            1      6
   -2.129537    -1.410047     1.335763            1      6
   -0.338920    -1.410047     0.808040            1      6
   -2.657260    -1.410047     0.808040            1      6
   -1.498090    -2.041494     1.335763            1      6
   -1.498090    -2.041494    -0.982577            1      6
   -1.498090    -2.569217     0.808040            1      6
   -1.498090    -2.569217    -0.454854            1      6
    0.702156    -0.378458    -0.989937            1      7
   -0.617844    -0.378458    -2.309937            1      7
    0.144259     0.383644    -0.227834            1      7
    0.144259    -1.140560    -0.227834            1      7
    0.144259     0.383644    -1.752039            1      7
    0.144259    -1.140560    -1.752039            1      7
   -1.379946    -1.140560    -1.752039            1      7
   -0.373491    -0.134105    -2.263901            1      7
   -0.862196    -0.134105    -2.263901            1      7
   -0.373491    -0.622811    -2.263901            1      7
   -0.862196    -0.622811    -2.263901            1      7
   -0.373491     0.895506    -0.745584            1      7
   -0.373491     0.895506    -1.234289            1      7
   -0.373491    -1.652422    -1.234289            1      7
    0.656120    -0.134105    -0.745584            1      7
    0.656120    -0.622811    -0.745584            1      7
    0.656120    -0.134105    -1.234289            1      7
    0.656120    -0.622811    -1.234289            1      7
    0.293512     0.532898    -0.704873            1      7
    0.293512    -1.289814    -0.704873            1      7
    0.293512     0.532898    -1.275000            1      7
    0.293512    -1.289814    -1.275000            1      7
    0.293512    -0.093394    -0.078581            1      7
    0.293512    -0.663522    -0.078581            1      7
    0.293512    -0.093394    -1.901293            1      7
    0.293512    -0.663522    -1.901293            1      7
   -0.332780     0.532898    -1.901293            1      7
   -0.902907     0.532898    -1.901293            1      7
   -0.332780    -1.289814    -1.901293            1      7
   -0.902907    -1.289814    -1.901293            1      7
   -0.095534     0.143852    -2.083913            1      7
   -1.140154     0.143852    -2.083913            1      7
   -0.095534    -0.900768    -2.083913            1      7
   -1.140154    -0.900768    -2.083913            1      7
   -0.095534     0.715518    -0.467627            1      7
   -0.095534    -1.472434    -0.467627            1      7
   -0.095534     0.715518    -1.512247            1      7
   -0.095534    -1.472434    -1.512247            1      7
   -1.140154    -1.472434    -1.512247            1      7
    0.476133     0.143852    -0.467627            1      7
    0.476133    -0.900768    -0.467627            1      7
    0.476133     0.143852    -1.512247            1      7
    0.476133    -0.900768    -1.512247            1      7
    0.013603     0.780712    -0.989937            1      7
    0.013603    -1.537628    -0.989937            1      7
    0.541326     0.252989    -0.989937            1      7
    0.541326    -1.009905    -0.989937            1      7
    0.013603    -0.378458    -2.149107            1      7
   -1.249291    -0.378458    -2.149107            1      7
    0.541326    -0.378458    -0.358490            1      7
    0.541326    -0.378458    -1.621384            1      7
   -0.617844     0.252989    -2.149107            1      7
   -0.617844    -1.009905    -2.149107            1      7
   -0.617844     0.780712    -1.621384            1      7
   -0.617844    -1.537628    -1.621384            1      7
    0.279740     0.265835     0.602417            1      8
   -1.040260     1.585835     0.602417            1      8
   -1.040260     0.265835     1.922417            1      8
   -0.278158     1.027938     1.364520            1      8
   -1.802363     1.027938     1.364520            1      8
   -0.278158    -0.496267     1.364520            1      8
   -0.278158     1.027938    -0.159685            1      8
   -0.795908     0.510188     1.876381            1      8
   -1.284613     0.510188     1.876381            1      8
   -0.795908     0.021483     1.876381            1      8
   -1.284613     0.021483     1.876381            1      8
   -0.795908     1.539799     0.846770            1      8
   -1.284613     1.539799     0.846770            1      8
   -0.795908     1.539799     0.358065            1      8
   -1.284613     1.539799     0.358065            1      8
    0.233703     0.510188     0.846770            1      8
    0.233703     0.021483     0.846770            1      8
    0.233703     0.510188     0.358065            1      8
    0.233703     0.021483     0.358065            1      8
   -0.128905     1.177191     0.887481            1      8
   -1.951616     1.177191     0.887481            1      8
   -0.128905    -0.645521     0.887481            1      8
   -0.128905     1.177191     0.317354            1      8
   -0.128905     0.550899     1.513773            1      8
   -1.951616     0.550899     1.513773            1      8
   -0.128905    -0.019228     1.513773            1      8
   -1.951616    -0.019228     1.513773            1      8
   -0.755197     1.177191     1.513773            1      8
   -1.325324     1.177191     1.513773            1      8
   -0.755197    -0.645521     1.513773            1      8
   -1.325324    -0.645521     1.513773            1      8
   -0.755197     1.177191    -0.308938            1      8
   -0.517950     0.788145     1.696394            1      8
   -1.562571     0.788145     1.696394            1      8
   -0.517950    -0.256475     1.696394            1      8
   -1.562571    -0.256475     1.696394            1      8
   -0.517950     1.359812     1.124727            1      8
   -1.562571     1.359812     1.124727            1      8
   -0.517950     1.359812     0.080107            1      8
    0.053716     0.788145     1.124727            1      8
   -2.134237     0.788145     1.124727            1      8
    0.053716    -0.256475     1.124727            1      8
    0.053716     0.788145     0.080107            1      8
   -0.408813     1.425005     0.602417            1      8
   -1.671708     1.425005     0.602417            1      8
    0.118909     0.897282     0.602417            1      8
    0.118909    -0.365612     0.602417            1      8
   -0.408813     0.265835     1.761587            1      8
   -1.671708     0.265835     1.761587            1      8
    0.118909     0.265835     1.233864            1      8
   -2.199430     0.265835     1.233864            1      8
   -1.040260     0.897282     1.761587            1      8
   -1.040260    -0.365612     1.761587            1      8
   -1.040260     1.425005     1.233864            1      8
   -1.040260     1.425005    -0.029030            1      8
