# Atoms array:
     x           y            z                   Z     indx
   -1.202848     4.436375    -1.396730            8      0
   -1.587435     3.422419    -0.576157            6      1
   -3.064071     2.991461    -0.744628            6      2
   -0.982341     2.468313    -0.702006            1      3
   -1.468886     3.650752     0.531070            1      4
   -3.244694     2.662794    -1.782269            1      5
   -3.341602     2.165671    -0.063968            1      6
   -3.731644     3.846765    -0.544609            1      7

# Gridpoints array:
     x           y            z                   Z     indx
    0.621152     4.436375    -1.396730            8      0
   -1.202848     6.260375    -1.396730            8      0
   -1.202848     4.436375    -3.220730            8      0
   -0.149762     5.489461    -0.343644            8      0
   -2.255935     5.489461    -0.343644            8      0
   -0.149762     5.489461    -2.449817            8      0
   -2.255935     5.489461    -2.449817            8      0
   -0.149762     3.383288    -2.449817            8      0
   -2.255935     3.383288    -2.449817            8      0
   -0.865198     4.774025     0.363656            8      0
   -0.865198     4.774025    -3.157117            8      0
   -1.540499     4.774025    -3.157117            8      0
   -0.865198     4.098724    -3.157117            8      0
   -1.540499     4.098724    -3.157117            8      0
   -0.865198     6.196761    -1.059079            8      0
   -1.540499     6.196761    -1.059079            8      0
   -0.865198     6.196761    -1.734381            8      0
   -1.540499     6.196761    -1.734381            8      0
    0.557538     4.774025    -1.059079            8      0
   -2.963235     4.774025    -1.059079            8      0
    0.557538     4.098724    -1.059079            8      0
    0.557538     4.774025    -1.734381            8      0
   -2.963235     4.774025    -1.734381            8      0
    0.557538     4.098724    -1.734381            8      0
    0.056480     5.695703    -1.002824            8      0
   -2.462176     5.695703    -1.002824            8      0
    0.056480     3.177047    -1.002824            8      0
    0.056480     5.695703    -1.790637            8      0
   -2.462176     5.695703    -1.790637            8      0
    0.056480     3.177047    -1.790637            8      0
    0.056480     4.830281    -0.137402            8      0
   -2.462176     4.830281    -0.137402            8      0
    0.056480     4.042468    -0.137402            8      0
    0.056480     4.830281    -2.656058            8      0
   -2.462176     4.830281    -2.656058            8      0
    0.056480     4.042468    -2.656058            8      0
   -2.462176     4.042468    -2.656058            8      0
   -0.808942     5.695703    -0.137402            8      0
   -1.596755     5.695703    -0.137402            8      0
   -0.808942     5.695703    -2.656058            8      0
   -1.596755     5.695703    -2.656058            8      0
   -0.808942     3.177047    -2.656058            8      0
   -1.596755     3.177047    -2.656058            8      0
   -0.481111     5.158112     0.114946            8      0
   -1.924586     5.158112     0.114946            8      0
   -0.481111     5.158112    -2.908407            8      0
   -1.924586     5.158112    -2.908407            8      0
   -0.481111     3.714637    -2.908407            8      0
   -1.924586     3.714637    -2.908407            8      0
   -0.481111     5.948051    -0.674993            8      0
   -1.924586     5.948051    -0.674993            8      0
   -0.481111     5.948051    -2.118468            8      0
   -1.924586     5.948051    -2.118468            8      0
   -0.481111     2.924698    -2.118468            8      0
    0.308828     5.158112    -0.674993            8      0
   -2.714525     5.158112    -0.674993            8      0
    0.308828     3.714637    -0.674993            8      0
    0.308828     5.158112    -2.118468            8      0
   -2.714525     5.158112    -2.118468            8      0
    0.308828     3.714637    -2.118468            8      0
   -0.330303     6.038136    -1.396730            8      0
   -2.075394     6.038136    -1.396730            8      0
    0.398913     5.308920    -1.396730            8      0
   -2.804610     5.308920    -1.396730            8      0
    0.398913     3.563829    -1.396730            8      0
   -0.330303     4.436375     0.205031            8      0
   -0.330303     4.436375    -2.998492            8      0
   -2.075394     4.436375    -2.998492            8      0
    0.398913     4.436375    -0.524185            8      0
    0.398913     4.436375    -2.269276            8      0
   -2.804610     4.436375    -2.269276            8      0
   -1.202848     5.308920     0.205031            8      0
   -1.202848     5.308920    -2.998492            8      0
   -1.202848     3.563829    -2.998492            8      0
   -1.202848     6.038136    -0.524185            8      0
   -1.202848     6.038136    -2.269276            8      0
   -1.202848     2.834613    -2.269276            8      0
    0.452565     3.422419    -0.576157            6      1
   -1.587435     1.382419    -0.576157            6      1
   -1.587435     3.422419    -2.616157            6      1
   -0.409640     4.600214     0.601637            6      1
   -2.765229     4.600214     0.601637            6      1
   -0.409640     2.244625     0.601637            6      1
   -2.765229     4.600214    -1.753952            6      1
   -0.409640     2.244625    -1.753952            6      1
   -1.209799     3.800055     1.392696            6      1
   -1.965071     3.800055     1.392696            6      1
   -1.209799     3.044783     1.392696            6      1
   -1.965071     3.044783     1.392696            6      1
   -1.965071     3.800055    -2.545010            6      1
   -1.209799     3.044783    -2.545010            6      1
   -1.965071     3.044783    -2.545010            6      1
   -1.209799     5.391272    -0.198521            6      1
   -1.965071     5.391272    -0.198521            6      1
   -1.209799     1.453566    -0.198521            6      1
   -1.965071     1.453566    -0.198521            6      1
   -1.209799     1.453566    -0.953793            6      1
   -1.965071     1.453566    -0.953793            6      1
    0.381418     3.800055    -0.198521            6      1
    0.381418     3.044783    -0.198521            6      1
    0.381418     3.800055    -0.953793            6      1
    0.381418     3.044783    -0.953793            6      1
   -0.178976     4.830878    -0.135604            6      1
   -2.995894     4.830878    -0.135604            6      1
   -0.178976     2.013960    -0.135604            6      1
   -2.995894     4.830878    -1.016710            6      1
   -0.178976     2.013960    -1.016710            6      1
   -0.178976     3.862972     0.832302            6      1
   -2.995894     3.862972     0.832302            6      1
   -0.178976     2.981866     0.832302            6      1
   -2.995894     2.981866     0.832302            6      1
   -0.178976     3.862972    -1.984616            6      1
   -0.178976     2.981866    -1.984616            6      1
   -1.146882     4.830878     0.832302            6      1
   -2.027988     4.830878     0.832302            6      1
   -1.146882     2.013960     0.832302            6      1
   -2.027988     2.013960     0.832302            6      1
   -1.146882     2.013960    -1.984616            6      1
   -2.027988     2.013960    -1.984616            6      1
   -0.780228     4.229626     1.114534            6      1
   -2.394641     4.229626     1.114534            6      1
   -0.780228     2.615213     1.114534            6      1
   -2.394641     2.615213     1.114534            6      1
   -2.394641     4.229626    -2.266848            6      1
   -0.780228     2.615213    -2.266848            6      1
   -2.394641     2.615213    -2.266848            6      1
   -0.780228     5.113110     0.231049            6      1
   -2.394641     5.113110     0.231049            6      1
   -0.780228     1.731728     0.231049            6      1
   -2.394641     1.731728     0.231049            6      1
   -2.394641     5.113110    -1.383364            6      1
   -0.780228     1.731728    -1.383364            6      1
   -2.394641     1.731728    -1.383364            6      1
    0.103256     4.229626     0.231049            6      1
    0.103256     2.615213     0.231049            6      1
    0.103256     4.229626    -1.383364            6      1
    0.103256     2.615213    -1.383364            6      1
   -2.563308     5.213863    -0.576157            6      1
   -0.611562     1.630975    -0.576157            6      1
    0.204009     4.398292    -0.576157            6      1
    0.204009     2.446546    -0.576157            6      1
   -0.611562     3.422419     1.215287            6      1
   -2.563308     3.422419     1.215287            6      1
   -0.611562     3.422419    -2.367601            6      1
   -2.563308     3.422419    -2.367601            6      1
    0.204009     3.422419     0.399716            6      1
    0.204009     3.422419    -1.552030            6      1
   -1.587435     4.398292     1.215287            6      1
   -1.587435     2.446546     1.215287            6      1
   -1.587435     2.446546    -2.367601            6      1
   -1.587435     5.213863     0.399716            6      1
   -1.587435     1.630975     0.399716            6      1
   -1.587435     1.630975    -1.552030            6      1
   -5.104071     2.991461    -0.744628            6      2
   -3.064071     5.031461    -0.744628            6      2
   -3.064071     0.951461    -0.744628            6      2
   -3.064071     2.991461     1.295372            6      2
   -3.064071     2.991461    -2.784628            6      2
   -4.241865     4.169255     0.433166            6      2
   -1.886276     1.813666     0.433166            6      2
   -4.241865     1.813666     0.433166            6      2
   -4.241865     4.169255    -1.922423            6      2
   -1.886276     1.813666    -1.922423            6      2
   -4.241865     1.813666    -1.922423            6      2
   -2.686435     3.369097     1.224225            6      2
   -3.441707     3.369097     1.224225            6      2
   -2.686435     2.613825     1.224225            6      2
   -3.441707     2.613825     1.224225            6      2
   -2.686435     3.369097    -2.713481            6      2
   -3.441707     3.369097    -2.713481            6      2
   -2.686435     2.613825    -2.713481            6      2
   -3.441707     2.613825    -2.713481            6      2
   -2.686435     4.960314    -0.366992            6      2
   -3.441707     4.960314    -0.366992            6      2
   -2.686435     1.022608    -0.366992            6      2
   -3.441707     1.022608    -0.366992            6      2
   -2.686435     4.960314    -1.122264            6      2
   -3.441707     4.960314    -1.122264            6      2
   -2.686435     1.022608    -1.122264            6      2
   -3.441707     1.022608    -1.122264            6      2
   -5.032924     3.369097    -0.366992            6      2
   -5.032924     2.613825    -0.366992            6      2
   -5.032924     3.369097    -1.122264            6      2
   -5.032924     2.613825    -1.122264            6      2
   -4.472530     4.399920    -0.304075            6      2
   -1.655612     1.583002    -0.304075            6      2
   -4.472530     1.583002    -0.304075            6      2
   -4.472530     4.399920    -1.185181            6      2
   -1.655612     1.583002    -1.185181            6      2
   -4.472530     1.583002    -1.185181            6      2
   -4.472530     3.432014     0.663831            6      2
   -4.472530     2.550908     0.663831            6      2
   -4.472530     3.432014    -2.153087            6      2
   -1.655612     2.550908    -2.153087            6      2
   -4.472530     2.550908    -2.153087            6      2
   -2.623518     4.399920     0.663831            6      2
   -3.504624     4.399920     0.663831            6      2
   -2.623518     1.583002     0.663831            6      2
   -3.504624     1.583002     0.663831            6      2
   -2.623518     4.399920    -2.153087            6      2
   -3.504624     4.399920    -2.153087            6      2
   -2.623518     1.583002    -2.153087            6      2
   -3.504624     1.583002    -2.153087            6      2
   -3.871277     3.798667     0.946063            6      2
   -2.256864     2.184254     0.946063            6      2
   -3.871277     2.184254     0.946063            6      2
   -2.256864     3.798667    -2.435319            6      2
   -3.871277     3.798667    -2.435319            6      2
   -2.256864     2.184254    -2.435319            6      2
   -3.871277     2.184254    -2.435319            6      2
   -2.256864     4.682151     0.062578            6      2
   -3.871277     4.682151     0.062578            6      2
   -2.256864     1.300770     0.062578            6      2
   -3.871277     1.300770     0.062578            6      2
   -3.871277     4.682151    -1.551835            6      2
   -2.256864     1.300770    -1.551835            6      2
   -3.871277     1.300770    -1.551835            6      2
   -4.754761     3.798667     0.062578            6      2
   -4.754761     2.184254     0.062578            6      2
   -4.754761     3.798667    -1.551835            6      2
   -4.754761     2.184254    -1.551835            6      2
   -4.039944     4.782905    -0.744628            6      2
   -2.088198     1.200016    -0.744628            6      2
   -4.039944     1.200016    -0.744628            6      2
   -4.855515     3.967333    -0.744628            6      2
   -4.855515     2.015588    -0.744628            6      2
   -2.088198     2.991461     1.046816            6      2
   -4.039944     2.991461     1.046816            6      2
   -2.088198     2.991461    -2.536072            6      2
   -4.039944     2.991461    -2.536072            6      2
   -4.855515     2.991461     0.231245            6      2
   -4.855515     2.991461    -1.720501            6      2
   -3.064071     3.967333     1.046816            6      2
   -3.064071     2.015588     1.046816            6      2
   -3.064071     3.967333    -2.536072            6      2
   -3.064071     2.015588    -2.536072            6      2
   -3.064071     4.782905     0.231245            6      2
   -3.064071     1.200016     0.231245            6      2
   -3.064071     4.782905    -1.720501            6      2
   -3.064071     1.200016    -1.720501            6      2
    0.337659     2.468313    -0.702006            1      3
   -0.982341     1.148313    -0.702006            1      3
   -0.982341     2.468313    -2.022006            1      3
   -0.220238     1.706210     0.060097            1      3
   -1.744443     1.706210     0.060097            1      3
   -0.220238     1.706210    -1.464108            1      3
   -1.744443     1.706210    -1.464108            1      3
   -0.737988     2.223960     0.571958            1      3
   -0.737988     2.712665    -1.975970            1      3
   -0.737988     2.223960    -1.975970            1      3
   -1.226693     2.223960    -1.975970            1      3
   -0.737988     1.194349    -0.457653            1      3
   -1.226693     1.194349    -0.457653            1      3
   -0.737988     1.194349    -0.946358            1      3
   -1.226693     1.194349    -0.946358            1      3
    0.291623     2.712665    -0.457653            1      3
    0.291623     2.223960    -0.457653            1      3
    0.291623     2.712665    -0.946358            1      3
    0.291623     2.223960    -0.946358            1      3
   -0.070985     1.556957    -0.416942            1      3
   -1.893697     1.556957    -0.416942            1      3
   -0.070985     1.556957    -0.987069            1      3
   -1.893697     1.556957    -0.987069            1      3
   -0.070985     2.753376     0.209350            1      3
   -0.070985     2.183249     0.209350            1      3
   -0.070985     2.753376    -1.613362            1      3
   -0.070985     2.183249    -1.613362            1      3
   -0.697277     1.556957     0.209350            1      3
   -1.267404     1.556957     0.209350            1      3
   -0.697277     1.556957    -1.613362            1      3
   -1.267404     1.556957    -1.613362            1      3
   -0.460031     1.946002     0.391971            1      3
   -1.504651     1.946002     0.391971            1      3
   -0.460031     1.946002    -1.795982            1      3
   -1.504651     1.946002    -1.795982            1      3
   -0.460031     1.374336    -0.179696            1      3
   -1.504651     1.374336    -0.179696            1      3
   -0.460031     1.374336    -1.224316            1      3
   -1.504651     1.374336    -1.224316            1      3
    0.111636     2.990623    -0.179696            1      3
    0.111636     1.946002    -0.179696            1      3
    0.111636     2.990623    -1.224316            1      3
    0.111636     1.946002    -1.224316            1      3
   -0.350894     1.309143    -0.702006            1      3
   -1.613788     1.309143    -0.702006            1      3
    0.176829     3.099760    -0.702006            1      3
    0.176829     1.836865    -0.702006            1      3
   -0.350894     2.468313     0.457164            1      3
   -0.350894     2.468313    -1.861176            1      3
    0.176829     2.468313    -0.070559            1      3
    0.176829     2.468313    -1.333453            1      3
   -0.982341     1.836865     0.457164            1      3
   -0.982341     1.836865    -1.861176            1      3
   -0.982341     1.309143    -0.070559            1      3
   -0.982341     1.309143    -1.333453            1      3
   -0.148886     3.650752     0.531070            1      4
   -1.468886     4.970752     0.531070            1      4
   -1.468886     3.650752     1.851070            1      4
   -0.706784     4.412854     1.293173            1      4
   -2.230988     4.412854     1.293173            1      4
   -0.706784     2.888649     1.293173            1      4
   -2.230988     2.888649     1.293173            1      4
   -1.224533     3.895104     1.805034            1      4
   -1.713239     3.895104     1.805034            1      4
   -1.224533     3.406399     1.805034            1      4
   -1.713239     3.406399     1.805034            1      4
   -1.224533     4.924716     0.775423            1      4
   -1.713239     4.924716     0.775423            1      4
   -1.224533     2.376788     0.775423            1      4
   -1.224533     4.924716     0.286718            1      4
   -1.713239     4.924716     0.286718            1      4
   -0.194922     3.895104     0.775423            1      4
   -0.194922     3.406399     0.775423            1      4
   -0.557530     4.562108     0.816134            1      4
   -2.380242     4.562108     0.816134            1      4
   -0.557530     2.739396     0.816134            1      4
   -0.557530     4.562108     0.246007            1      4
   -0.557530     3.935815     1.442426            1      4
   -2.380242     3.935815     1.442426            1      4
   -0.557530     3.365688     1.442426            1      4
   -2.380242     3.365688     1.442426            1      4
   -1.183822     4.562108     1.442426            1      4
   -1.753950     4.562108     1.442426            1      4
   -1.183822     2.739396     1.442426            1      4
   -1.753950     2.739396     1.442426            1      4
   -0.946576     4.173062     1.625047            1      4
   -1.991196     4.173062     1.625047            1      4
   -0.946576     3.128442     1.625047            1      4
   -1.991196     3.128442     1.625047            1      4
   -0.946576     4.744728     1.053380            1      4
   -1.991196     4.744728     1.053380            1      4
   -0.946576     2.556775     1.053380            1      4
   -1.991196     2.556775     1.053380            1      4
   -0.374910     4.173062     1.053380            1      4
   -2.562862     4.173062     1.053380            1      4
   -0.374910     3.128442     1.053380            1      4
   -2.562862     3.128442     1.053380            1      4
   -0.837439     4.809922     0.531070            1      4
   -2.100333     4.809922     0.531070            1      4
   -0.309716     4.282199     0.531070            1      4
   -0.309716     3.019305     0.531070            1      4
   -0.837439     3.650752     1.690240            1      4
   -2.100333     3.650752     1.690240            1      4
   -0.309716     3.650752     1.162517            1      4
   -2.628056     3.650752     1.162517            1      4
   -1.468886     4.282199     1.690240            1      4
   -1.468886     3.019305     1.690240            1      4
   -1.468886     4.809922     1.162517            1      4
   -1.468886     2.491582     1.162517            1      4
   -4.564694     2.662794    -1.782269            1      5
   -3.244694     1.342794    -1.782269            1      5
   -3.244694     2.662794    -3.102269            1      5
   -2.482591     3.424897    -2.544371            1      5
   -4.006796     3.424897    -2.544371            1      5
   -2.482591     1.900692    -2.544371            1      5
   -4.006796     1.900692    -2.544371            1      5
   -3.000341     2.907147    -3.056232            1      5
   -3.489046     2.907147    -3.056232            1      5
   -3.000341     2.418442    -3.056232            1      5
   -3.489046     2.418442    -3.056232            1      5
   -3.000341     1.388831    -1.537916            1      5
   -3.489046     1.388831    -1.537916            1      5
   -3.000341     1.388831    -2.026621            1      5
   -3.489046     1.388831    -2.026621            1      5
   -4.518657     2.418442    -1.537916            1      5
   -4.518657     2.907147    -2.026621            1      5
   -4.518657     2.418442    -2.026621            1      5
   -4.156049     1.751439    -1.497205            1      5
   -4.156049     3.574150    -2.067332            1      5
   -2.333338     1.751439    -2.067332            1      5
   -4.156049     1.751439    -2.067332            1      5
   -2.333338     2.947858    -2.693625            1      5
   -4.156049     2.947858    -2.693625            1      5
   -2.333338     2.377731    -2.693625            1      5
   -4.156049     2.377731    -2.693625            1      5
   -2.959630     3.574150    -2.693625            1      5
   -3.529757     3.574150    -2.693625            1      5
   -2.959630     1.751439    -2.693625            1      5
   -3.529757     1.751439    -2.693625            1      5
   -2.722384     3.185104    -2.876245            1      5
   -3.767004     3.185104    -2.876245            1      5
   -2.722384     2.140484    -2.876245            1      5
   -3.767004     2.140484    -2.876245            1      5
   -2.722384     3.756771    -2.304579            1      5
   -3.767004     3.756771    -2.304579            1      5
   -2.722384     1.568818    -2.304579            1      5
   -3.767004     1.568818    -2.304579            1      5
   -2.150717     3.185104    -2.304579            1      5
   -4.338670     3.185104    -2.304579            1      5
   -2.150717     2.140484    -2.304579            1      5
   -4.338670     2.140484    -2.304579            1      5
   -2.613247     1.503625    -1.782269            1      5
   -3.876141     1.503625    -1.782269            1      5
   -4.403863     3.294241    -1.782269            1      5
   -4.403863     2.031347    -1.782269            1      5
   -2.613247     2.662794    -2.941439            1      5
   -3.876141     2.662794    -2.941439            1      5
   -2.085524     2.662794    -2.413716            1      5
   -4.403863     2.662794    -2.413716            1      5
   -3.244694     3.294241    -2.941439            1      5
   -3.244694     2.031347    -2.941439            1      5
   -3.244694     3.821964    -2.413716            1      5
   -3.244694     1.503625    -2.413716            1      5
   -4.661602     2.165671    -0.063968            1      6
   -3.341602     0.845671    -0.063968            1      6
   -3.341602     2.165671     1.256032            1      6
   -4.103704     2.927774     0.698135            1      6
   -2.579499     1.403569     0.698135            1      6
   -4.103704     1.403569     0.698135            1      6
   -4.103704     1.403569    -0.826070            1      6
   -3.097249     2.410024     1.209996            1      6
   -3.585954     2.410024     1.209996            1      6
   -3.097249     1.921319     1.209996            1      6
   -3.585954     1.921319     1.209996            1      6
   -3.097249     0.891708     0.180385            1      6
   -3.585954     0.891708     0.180385            1      6
   -3.097249     0.891708    -0.308320            1      6
   -3.585954     0.891708    -0.308320            1      6
   -4.615565     2.410024     0.180385            1      6
   -4.615565     1.921319     0.180385            1      6
   -4.615565     1.921319    -0.308320            1      6
   -2.430246     1.254315     0.221096            1      6
   -4.252957     1.254315     0.221096            1      6
   -2.430246     1.254315    -0.349031            1      6
   -4.252957     1.254315    -0.349031            1      6
   -2.430246     2.450735     0.847388            1      6
   -4.252957     2.450735     0.847388            1      6
   -2.430246     1.880608     0.847388            1      6
   -4.252957     1.880608     0.847388            1      6
   -3.626665     3.077027     0.847388            1      6
   -3.056538     1.254315     0.847388            1      6
   -3.626665     1.254315     0.847388            1      6
   -3.056538     1.254315    -0.975323            1      6
   -3.626665     1.254315    -0.975323            1      6
   -2.819291     2.687981     1.030009            1      6
   -3.863912     2.687981     1.030009            1      6
   -2.819291     1.643361     1.030009            1      6
   -3.863912     1.643361     1.030009            1      6
   -2.819291     1.071695     0.458343            1      6
   -3.863912     1.071695     0.458343            1      6
   -2.819291     1.071695    -0.586278            1      6
   -3.863912     1.071695    -0.586278            1      6
   -4.435578     2.687981     0.458343            1      6
   -2.247625     1.643361     0.458343            1      6
   -4.435578     1.643361     0.458343            1      6
   -4.435578     1.643361    -0.586278            1      6
   -2.710154     1.006502    -0.063968            1      6
   -3.973049     1.006502    -0.063968            1      6
   -2.182432     1.534224    -0.063968            1      6
   -4.500771     1.534224    -0.063968            1      6
   -2.710154     2.165671     1.095202            1      6
   -3.973049     2.165671     1.095202            1      6
   -4.500771     2.165671     0.567480            1      6
   -3.341602     2.797118     1.095202            1      6
   -3.341602     1.534224     1.095202            1      6
   -3.341602     1.006502     0.567480            1      6
   -3.341602     1.006502    -0.695415            1      6
   -5.051644     3.846765    -0.544609            1      7
   -3.731644     5.166765    -0.544609            1      7
   -3.731644     3.846765     0.775391            1      7
   -2.969542     4.608867     0.217494            1      7
   -4.493747     4.608867     0.217494            1      7
   -4.493747     3.084662     0.217494            1      7
   -4.493747     4.608867    -1.306711            1      7
   -3.487292     4.091117     0.729355            1      7
   -3.975997     4.091117     0.729355            1      7
   -3.975997     3.602412     0.729355            1      7
   -3.975997     4.091117    -1.818572            1      7
   -3.487292     5.120728    -0.300256            1      7
   -3.975997     5.120728    -0.300256            1      7
   -3.487292     5.120728    -0.788961            1      7
   -3.975997     5.120728    -0.788961            1      7
   -5.005608     4.091117    -0.300256            1      7
   -5.005608     3.602412    -0.300256            1      7
   -5.005608     4.091117    -0.788961            1      7
   -5.005608     3.602412    -0.788961            1      7
   -2.820288     4.758121    -0.259545            1      7
   -4.643000     4.758121    -0.259545            1      7
   -4.643000     4.758121    -0.829672            1      7
   -4.643000     4.131828     0.366747            1      7
   -4.643000     3.561701     0.366747            1      7
   -4.643000     4.131828    -1.455964            1      7
   -4.643000     3.561701    -1.455964            1      7
   -3.446581     4.758121     0.366747            1      7
   -4.016708     4.758121     0.366747            1      7
   -3.446581     4.758121    -1.455964            1      7
   -4.016708     4.758121    -1.455964            1      7
   -3.209334     4.369075     0.549368            1      7
   -4.253954     4.369075     0.549368            1      7
   -4.253954     3.324455     0.549368            1      7
   -4.253954     4.369075    -1.638585            1      7
   -3.209334     4.940741    -0.022298            1      7
   -4.253954     4.940741    -0.022298            1      7
   -3.209334     4.940741    -1.066919            1      7
   -4.253954     4.940741    -1.066919            1      7
   -4.825621     4.369075    -0.022298            1      7
   -4.825621     3.324455    -0.022298            1      7
   -4.825621     4.369075    -1.066919            1      7
   -4.825621     3.324455    -1.066919            1      7
   -3.100197     5.005935    -0.544609            1      7
   -4.363091     5.005935    -0.544609            1      7
   -4.890814     4.478212    -0.544609            1      7
   -4.890814     3.215318    -0.544609            1      7
   -4.363091     3.846765     0.614561            1      7
   -4.363091     3.846765    -1.703778            1      7
   -4.890814     3.846765     0.086839            1      7
   -4.890814     3.846765    -1.176056            1      7
   -3.731644     4.478212     0.614561            1      7
   -3.731644     4.478212    -1.703778            1      7
   -3.731644     5.005935     0.086839            1      7
   -3.731644     5.005935    -1.176056            1      7
