# Atoms array:
     x           y            z                   Z     indx
   -8.654264    -3.368856    -1.808341            7      0
   -7.713204    -2.630377    -1.805684            6      1
   -6.629481    -1.791609    -1.799066            6      2
   -5.717594    -2.074104    -1.274354            1      3
   -6.667637    -0.833336    -2.315184            1      4

# Gridpoints array:
     x           y            z                   Z     indx
  -10.514264    -3.368856    -1.808341            7      0
   -8.654264    -5.228856    -1.808341            7      0
   -8.654264    -3.368856     0.051659            7      0
   -8.654264    -3.368856    -3.668341            7      0
   -9.728136    -2.294985    -0.734470            7      0
   -7.580393    -4.442728    -0.734470            7      0
   -9.728136    -4.442728    -0.734470            7      0
   -9.728136    -2.294985    -2.882213            7      0
   -7.580393    -4.442728    -2.882213            7      0
   -9.728136    -4.442728    -2.882213            7      0
   -8.309949    -3.024541    -0.013211            7      0
   -8.998579    -3.024541    -0.013211            7      0
   -8.309949    -3.713172    -0.013211            7      0
   -8.998579    -3.713172    -0.013211            7      0
   -8.309949    -3.024541    -3.603472            7      0
   -8.998579    -3.024541    -3.603472            7      0
   -8.309949    -3.713172    -3.603472            7      0
   -8.998579    -3.713172    -3.603472            7      0
   -8.998579    -1.573726    -1.464026            7      0
   -8.309949    -5.163987    -1.464026            7      0
   -8.998579    -5.163987    -1.464026            7      0
   -8.998579    -1.573726    -2.152656            7      0
   -8.309949    -5.163987    -2.152656            7      0
   -8.998579    -5.163987    -2.152656            7      0
  -10.449395    -3.024541    -1.464026            7      0
  -10.449395    -3.713172    -1.464026            7      0
  -10.449395    -3.024541    -2.152656            7      0
  -10.449395    -3.713172    -2.152656            7      0
   -9.938447    -2.084673    -1.406661            7      0
   -7.370081    -4.653040    -1.406661            7      0
   -9.938447    -4.653040    -1.406661            7      0
   -9.938447    -2.084673    -2.210022            7      0
   -7.370081    -4.653040    -2.210022            7      0
   -9.938447    -4.653040    -2.210022            7      0
   -9.938447    -2.967176    -0.524158            7      0
   -7.370081    -3.770537    -0.524158            7      0
   -9.938447    -3.770537    -0.524158            7      0
   -9.938447    -2.967176    -3.092524            7      0
   -7.370081    -3.770537    -3.092524            7      0
   -9.938447    -3.770537    -3.092524            7      0
   -9.055945    -2.084673    -0.524158            7      0
   -8.252583    -4.653040    -0.524158            7      0
   -9.055945    -4.653040    -0.524158            7      0
   -9.055945    -2.084673    -3.092524            7      0
   -8.252583    -4.653040    -3.092524            7      0
   -9.055945    -4.653040    -3.092524            7      0
   -9.390246    -2.632874    -0.266829            7      0
   -7.918282    -4.104839    -0.266829            7      0
   -9.390246    -4.104839    -0.266829            7      0
   -7.918282    -2.632874    -3.349853            7      0
   -9.390246    -2.632874    -3.349853            7      0
   -7.918282    -4.104839    -3.349853            7      0
   -9.390246    -4.104839    -3.349853            7      0
   -9.390246    -1.827344    -1.072359            7      0
   -7.918282    -4.910369    -1.072359            7      0
   -9.390246    -4.910369    -1.072359            7      0
   -9.390246    -1.827344    -2.544324            7      0
   -7.918282    -4.910369    -2.544324            7      0
   -9.390246    -4.910369    -2.544324            7      0
  -10.195776    -2.632874    -1.072359            7      0
   -7.112752    -4.104839    -1.072359            7      0
  -10.195776    -4.104839    -1.072359            7      0
  -10.195776    -2.632874    -2.544324            7      0
   -7.112752    -4.104839    -2.544324            7      0
  -10.195776    -4.104839    -2.544324            7      0
   -9.544030    -1.735481    -1.808341            7      0
   -7.764498    -5.002232    -1.808341            7      0
   -9.544030    -5.002232    -1.808341            7      0
  -10.287640    -2.479090    -1.808341            7      0
   -7.020888    -4.258623    -1.808341            7      0
  -10.287640    -4.258623    -1.808341            7      0
   -7.764498    -3.368856    -0.174966            7      0
   -9.544030    -3.368856    -0.174966            7      0
   -7.764498    -3.368856    -3.441717            7      0
   -9.544030    -3.368856    -3.441717            7      0
  -10.287640    -3.368856    -0.918575            7      0
  -10.287640    -3.368856    -2.698108            7      0
   -8.654264    -2.479090    -0.174966            7      0
   -8.654264    -4.258623    -0.174966            7      0
   -8.654264    -2.479090    -3.441717            7      0
   -8.654264    -4.258623    -3.441717            7      0
   -8.654264    -1.735481    -0.918575            7      0
   -8.654264    -5.002232    -0.918575            7      0
   -8.654264    -1.735481    -2.698108            7      0
   -8.654264    -5.002232    -2.698108            7      0
   -7.713204    -4.670377    -1.805684            6      1
   -7.713204    -2.630377     0.234316            6      1
   -7.713204    -2.630377    -3.845684            6      1
   -8.890999    -1.452582    -0.627889            6      1
   -6.535410    -3.808171    -0.627889            6      1
   -8.890999    -1.452582    -2.983478            6      1
   -6.535410    -3.808171    -2.983478            6      1
   -7.335568    -2.252741     0.163169            6      1
   -8.090840    -2.252741     0.163169            6      1
   -7.335568    -3.008013     0.163169            6      1
   -8.090840    -3.008013     0.163169            6      1
   -7.335568    -2.252741    -3.774537            6      1
   -8.090840    -2.252741    -3.774537            6      1
   -7.335568    -3.008013    -3.774537            6      1
   -8.090840    -3.008013    -3.774537            6      1
   -8.090840    -0.661524    -1.428048            6      1
   -7.335568    -4.599230    -1.428048            6      1
   -8.090840    -4.599230    -1.428048            6      1
   -8.090840    -0.661524    -2.183320            6      1
   -7.335568    -4.599230    -2.183320            6      1
   -8.090840    -4.599230    -2.183320            6      1
   -9.682057    -2.252741    -1.428048            6      1
   -9.682057    -2.252741    -2.183320            6      1
   -9.121663    -1.221918    -1.365131            6      1
   -6.304745    -4.038836    -1.365131            6      1
   -9.121663    -1.221918    -2.246237            6      1
   -6.304745    -4.038836    -2.246237            6      1
   -9.121663    -2.189824    -0.397225            6      1
   -6.304745    -3.070930    -0.397225            6      1
   -9.121663    -3.070930    -0.397225            6      1
   -6.304745    -2.189824    -3.214143            6      1
   -9.121663    -2.189824    -3.214143            6      1
   -6.304745    -3.070930    -3.214143            6      1
   -9.121663    -3.070930    -3.214143            6      1
   -7.272651    -1.221918    -0.397225            6      1
   -8.153757    -1.221918    -0.397225            6      1
   -7.272651    -4.038836    -0.397225            6      1
   -8.153757    -4.038836    -0.397225            6      1
   -7.272651    -1.221918    -3.214143            6      1
   -8.153757    -1.221918    -3.214143            6      1
   -7.272651    -4.038836    -3.214143            6      1
   -8.153757    -4.038836    -3.214143            6      1
   -6.905998    -1.823170    -0.114993            6      1
   -8.520411    -1.823170    -0.114993            6      1
   -6.905998    -3.437583    -0.114993            6      1
   -8.520411    -3.437583    -0.114993            6      1
   -6.905998    -1.823170    -3.496375            6      1
   -8.520411    -1.823170    -3.496375            6      1
   -6.905998    -3.437583    -3.496375            6      1
   -8.520411    -3.437583    -3.496375            6      1
   -8.520411    -0.939686    -0.998477            6      1
   -6.905998    -4.321068    -0.998477            6      1
   -8.520411    -0.939686    -2.612890            6      1
   -6.905998    -4.321068    -2.612890            6      1
   -9.403895    -1.823170    -0.998477            6      1
   -6.022513    -3.437583    -0.998477            6      1
   -9.403895    -1.823170    -2.612890            6      1
   -6.022513    -3.437583    -2.612890            6      1
   -8.689077    -0.838933    -1.805684            6      1
   -6.737331    -4.421821    -1.805684            6      1
   -9.504648    -1.654504    -1.805684            6      1
   -5.921760    -3.606250    -1.805684            6      1
   -6.737331    -2.630377    -0.014240            6      1
   -8.689077    -2.630377    -0.014240            6      1
   -6.737331    -2.630377    -3.597128            6      1
   -8.689077    -2.630377    -3.597128            6      1
   -9.504648    -2.630377    -0.829811            6      1
   -9.504648    -2.630377    -2.781557            6      1
   -7.713204    -1.654504    -0.014240            6      1
   -7.713204    -3.606250    -0.014240            6      1
   -7.713204    -1.654504    -3.597128            6      1
   -7.713204    -3.606250    -3.597128            6      1
   -7.713204    -0.838933    -0.829811            6      1
   -7.713204    -4.421821    -0.829811            6      1
   -7.713204    -0.838933    -2.781557            6      1
   -7.713204    -4.421821    -2.781557            6      1
   -4.589481    -1.791609    -1.799066            6      2
   -6.629481     0.248391    -1.799066            6      2
   -6.629481    -1.791609     0.240934            6      2
   -6.629481    -1.791609    -3.839066            6      2
   -5.451686    -0.613815    -0.621271            6      2
   -7.807276    -0.613815    -0.621271            6      2
   -5.451686    -2.969404    -0.621271            6      2
   -5.451686    -0.613815    -2.976861            6      2
   -7.807276    -0.613815    -2.976861            6      2
   -5.451686    -2.969404    -2.976861            6      2
   -6.251845    -1.413973     0.169787            6      2
   -7.007117    -1.413973     0.169787            6      2
   -6.251845    -2.169245     0.169787            6      2
   -7.007117    -2.169245     0.169787            6      2
   -6.251845    -1.413973    -3.767919            6      2
   -7.007117    -1.413973    -3.767919            6      2
   -6.251845    -2.169245    -3.767919            6      2
   -7.007117    -2.169245    -3.767919            6      2
   -6.251845     0.177244    -1.421430            6      2
   -7.007117     0.177244    -1.421430            6      2
   -6.251845    -3.760462    -1.421430            6      2
   -6.251845     0.177244    -2.176702            6      2
   -7.007117     0.177244    -2.176702            6      2
   -6.251845    -3.760462    -2.176702            6      2
   -4.660628    -1.413973    -1.421430            6      2
   -8.598334    -1.413973    -1.421430            6      2
   -4.660628    -2.169245    -1.421430            6      2
   -4.660628    -1.413973    -2.176702            6      2
   -4.660628    -2.169245    -2.176702            6      2
   -5.221022    -0.383150    -1.358513            6      2
   -8.037940    -0.383150    -1.358513            6      2
   -5.221022    -3.200068    -1.358513            6      2
   -5.221022    -0.383150    -2.239619            6      2
   -8.037940    -0.383150    -2.239619            6      2
   -5.221022    -3.200068    -2.239619            6      2
   -5.221022    -1.351056    -0.390607            6      2
   -8.037940    -1.351056    -0.390607            6      2
   -5.221022    -2.232162    -0.390607            6      2
   -5.221022    -1.351056    -3.207525            6      2
   -8.037940    -1.351056    -3.207525            6      2
   -5.221022    -2.232162    -3.207525            6      2
   -6.188928    -0.383150    -0.390607            6      2
   -7.070034    -0.383150    -0.390607            6      2
   -6.188928    -3.200068    -0.390607            6      2
   -7.070034    -3.200068    -0.390607            6      2
   -6.188928    -0.383150    -3.207525            6      2
   -7.070034    -0.383150    -3.207525            6      2
   -6.188928    -3.200068    -3.207525            6      2
   -7.070034    -3.200068    -3.207525            6      2
   -5.822274    -0.984403    -0.108375            6      2
   -7.436687    -0.984403    -0.108375            6      2
   -5.822274    -2.598816    -0.108375            6      2
   -7.436687    -2.598816    -0.108375            6      2
   -5.822274    -0.984403    -3.489757            6      2
   -7.436687    -0.984403    -3.489757            6      2
   -5.822274    -2.598816    -3.489757            6      2
   -7.436687    -2.598816    -3.489757            6      2
   -5.822274    -0.100919    -0.991859            6      2
   -7.436687    -0.100919    -0.991859            6      2
   -5.822274    -3.482300    -0.991859            6      2
   -5.822274    -0.100919    -2.606273            6      2
   -7.436687    -0.100919    -2.606273            6      2
   -5.822274    -3.482300    -2.606273            6      2
   -4.938790    -0.984403    -0.991859            6      2
   -8.320172    -0.984403    -0.991859            6      2
   -4.938790    -2.598816    -0.991859            6      2
   -4.938790    -0.984403    -2.606273            6      2
   -8.320172    -0.984403    -2.606273            6      2
   -4.938790    -2.598816    -2.606273            6      2
   -5.653608    -0.000165    -1.799066            6      2
   -7.605354    -0.000165    -1.799066            6      2
   -5.653608    -3.583054    -1.799066            6      2
   -4.838037    -0.815737    -1.799066            6      2
   -8.420925    -0.815737    -1.799066            6      2
   -4.838037    -2.767482    -1.799066            6      2
   -5.653608    -1.791609    -0.007622            6      2
   -7.605354    -1.791609    -0.007622            6      2
   -5.653608    -1.791609    -3.590510            6      2
   -7.605354    -1.791609    -3.590510            6      2
   -4.838037    -1.791609    -0.823193            6      2
   -4.838037    -1.791609    -2.774939            6      2
   -6.629481    -0.815737    -0.007622            6      2
   -6.629481    -2.767482    -0.007622            6      2
   -6.629481    -0.815737    -3.590510            6      2
   -6.629481    -2.767482    -3.590510            6      2
   -6.629481    -0.000165    -0.823193            6      2
   -6.629481    -3.583054    -0.823193            6      2
   -6.629481    -0.000165    -2.774939            6      2
   -6.629481    -3.583054    -2.774939            6      2
   -4.397594    -2.074104    -1.274354            1      3
   -5.717594    -3.394104    -1.274354            1      3
   -5.717594    -2.074104     0.045646            1      3
   -4.955492    -1.312001    -0.512252            1      3
   -4.955492    -2.836206    -0.512252            1      3
   -4.955492    -1.312001    -2.036457            1      3
   -4.955492    -2.836206    -2.036457            1      3
   -5.473242    -1.829751    -0.000391            1      3
   -5.961947    -1.829751    -0.000391            1      3
   -5.473242    -2.318456    -0.000391            1      3
   -5.961947    -2.318456    -0.000391            1      3
   -5.473242    -3.348067    -1.030002            1      3
   -5.961947    -3.348067    -1.030002            1      3
   -5.473242    -3.348067    -1.518707            1      3
   -4.443630    -1.829751    -1.030002            1      3
   -4.443630    -2.318456    -1.030002            1      3
   -4.443630    -1.829751    -1.518707            1      3
   -4.443630    -2.318456    -1.518707            1      3
   -4.806238    -1.162748    -0.989291            1      3
   -4.806238    -2.985459    -0.989291            1      3
   -4.806238    -1.162748    -1.559418            1      3
   -4.806238    -2.985459    -1.559418            1      3
   -4.806238    -1.789040    -0.362999            1      3
   -4.806238    -2.359167    -0.362999            1      3
   -4.806238    -1.789040    -2.185710            1      3
   -4.806238    -2.359167    -2.185710            1      3
   -5.432531    -1.162748    -0.362999            1      3
   -5.432531    -2.985459    -0.362999            1      3
   -6.002658    -2.985459    -0.362999            1      3
   -5.432531    -2.985459    -2.185710            1      3
   -5.195284    -1.551794    -0.180378            1      3
   -5.195284    -2.596414    -0.180378            1      3
   -6.239904    -2.596414    -0.180378            1      3
   -5.195284    -2.596414    -2.368331            1      3
   -5.195284    -0.980127    -0.752044            1      3
   -5.195284    -3.168080    -0.752044            1      3
   -6.239904    -3.168080    -0.752044            1      3
   -5.195284    -3.168080    -1.796665            1      3
   -4.623618    -1.551794    -0.752044            1      3
   -4.623618    -2.596414    -0.752044            1      3
   -4.623618    -1.551794    -1.796665            1      3
   -4.623618    -2.596414    -1.796665            1      3
   -5.086147    -0.914934    -1.274354            1      3
   -5.086147    -3.233273    -1.274354            1      3
   -4.558424    -1.442657    -1.274354            1      3
   -4.558424    -2.705551    -1.274354            1      3
   -5.086147    -2.074104    -0.115185            1      3
   -6.349041    -2.074104    -0.115185            1      3
   -4.558424    -2.074104    -0.642907            1      3
   -4.558424    -2.074104    -1.905802            1      3
   -5.717594    -1.442657    -0.115185            1      3
   -5.717594    -2.705551    -0.115185            1      3
   -5.717594    -0.914934    -0.642907            1      3
   -5.717594    -3.233273    -0.642907            1      3
   -5.717594    -3.233273    -1.905802            1      3
   -6.667637     0.486664    -2.315184            1      4
   -6.667637    -0.833336    -3.635184            1      4
   -5.905535    -0.071233    -1.553081            1      4
   -7.429739    -0.071233    -1.553081            1      4
   -5.905535    -0.071233    -3.077286            1      4
   -7.429739    -0.071233    -3.077286            1      4
   -6.423284    -0.588983    -3.589147            1      4
   -6.911990    -0.588983    -3.589147            1      4
   -6.423284    -1.077688    -3.589147            1      4
   -6.911990    -1.077688    -3.589147            1      4
   -6.423284     0.440628    -2.070831            1      4
   -6.911990     0.440628    -2.070831            1      4
   -6.423284     0.440628    -2.559536            1      4
   -6.911990     0.440628    -2.559536            1      4
   -5.393673    -0.588983    -2.070831            1      4
   -7.941601    -0.588983    -2.070831            1      4
   -5.393673    -0.588983    -2.559536            1      4
   -7.941601    -0.588983    -2.559536            1      4
   -5.756281     0.078020    -2.030120            1      4
   -7.578993     0.078020    -2.030120            1      4
   -5.756281     0.078020    -2.600247            1      4
   -7.578993     0.078020    -2.600247            1      4
   -5.756281    -0.548272    -3.226539            1      4
   -7.578993    -0.548272    -3.226539            1      4
   -5.756281    -1.118399    -3.226539            1      4
   -7.578993    -1.118399    -3.226539            1      4
   -6.382573     0.078020    -1.403828            1      4
   -6.952701     0.078020    -1.403828            1      4
   -6.382573     0.078020    -3.226539            1      4
   -6.952701     0.078020    -3.226539            1      4
   -6.145327    -0.311026    -3.409160            1      4
   -7.189947    -0.311026    -3.409160            1      4
   -6.145327    -1.355646    -3.409160            1      4
   -7.189947    -1.355646    -3.409160            1      4
   -6.145327     0.260641    -1.792873            1      4
   -7.189947     0.260641    -1.792873            1      4
   -6.145327     0.260641    -2.837494            1      4
   -7.189947     0.260641    -2.837494            1      4
   -5.573661    -0.311026    -1.792873            1      4
   -7.761613    -0.311026    -1.792873            1      4
   -5.573661    -0.311026    -2.837494            1      4
   -7.761613    -0.311026    -2.837494            1      4
   -6.036190     0.325834    -2.315184            1      4
   -7.299084     0.325834    -2.315184            1      4
   -5.508467    -0.201889    -2.315184            1      4
   -7.826807    -0.201889    -2.315184            1      4
   -6.036190    -0.833336    -3.474353            1      4
   -7.299084    -0.833336    -3.474353            1      4
   -5.508467    -0.833336    -2.946631            1      4
   -7.826807    -0.833336    -2.946631            1      4
   -6.667637    -0.201889    -1.156014            1      4
   -6.667637    -0.201889    -3.474353            1      4
   -6.667637    -1.464783    -3.474353            1      4
   -6.667637     0.325834    -1.683736            1      4
   -6.667637     0.325834    -2.946631            1      4
