$hessian                                                                        
        0.1579694632   0.1080153711   0.1462342253   0.0000709982  -0.0001322157
       -0.0000852561  -0.0003435431   0.0001038942   0.0001326471  -0.0632558432
       -0.0161818742  -0.0816984113  -0.0367840911   0.0140034819  -0.0157699891
       -0.0007048108   0.0001568119   0.0001470925  -0.0001329378   0.0001033803
        0.0000036631  -0.0001336984   0.0000644829   0.0001369058  -0.0540382198
       -0.0984733041  -0.0456785541   0.0002015814   0.0020374065   0.0012512054
       -0.0028488987  -0.0096974348  -0.0046735287
        0.1080153711   0.8118725046   0.0708572817  -0.0002261440  -0.0005296970
       -0.0000949596   0.0010364960   0.0001571037  -0.0002016534  -0.0170416094
       -0.0525049682  -0.0431819360   0.0136953542  -0.2027143576   0.1282638108
        0.0006026622   0.0007167949   0.0002721654  -0.0000326682   0.0000743587
       -0.0000350628  -0.0000095436   0.0000602149   0.0000192358  -0.0979550075
       -0.5200231503  -0.1452024941  -0.0049778889  -0.0292409839  -0.0049196898
       -0.0031070220  -0.0078678197  -0.0057766980
        0.1462342253   0.0708572817   0.5478820629  -0.0001468152  -0.0000551654
       -0.0001481381   0.0004921923  -0.0000034644   0.0000979115  -0.0830692620
       -0.0409323685  -0.2686693712  -0.0149690973   0.1256212046  -0.1445966758
        0.0004606707   0.0003361701  -0.0002623809   0.0000311077  -0.0000425190
        0.0000694752   0.0000280095  -0.0000130718   0.0000657477  -0.0454764737
       -0.1449629450  -0.1268694394   0.0034079666   0.0180547955   0.0054351181
       -0.0069925239  -0.0288599176  -0.0130043101
        0.0000709982  -0.0002261440  -0.0001468152   0.4514300969   0.0119237016
        0.0038747337  -0.2301026557  -0.0868657643  -0.0080370906  -0.0000874493
        0.0000491263   0.0000457897  -0.0001020133   0.0000295192   0.0000486423
       -0.0247251091   0.0067568023   0.0023647746  -0.1176405862   0.0683089452
       -0.0793707249  -0.0785110167  -0.0000127539   0.0811476520  -0.0001575500
        0.0001512183   0.0000213633  -0.0000642826  -0.0000871375   0.0000718002
       -0.0001104321  -0.0000275131  -0.0000201251
       -0.0001322157  -0.0005296970  -0.0000551654   0.0119237016   0.3089795652
       -0.0493890064  -0.0745813416  -0.0659504494   0.0007690619   0.0000905590
       -0.0000372049   0.0000748279   0.0000097862   0.0001732969  -0.0000867342
        0.0078726218  -0.1216951476  -0.0345797183   0.0606813638  -0.0889536062
        0.0686945345  -0.0056967779  -0.0321214837   0.0146155982  -0.0003378967
       -0.0003296249   0.0000081767   0.0001127509   0.0002692833  -0.0000611596
        0.0000574488   0.0001950682   0.0000095849
       -0.0000852561  -0.0000949596  -0.0001481381   0.0038747337  -0.0493890064
        0.4306778018  -0.0038904602   0.0021649921  -0.0416766817   0.0000604383
        0.0000706030   0.0001426660   0.0000587506  -0.0000589589  -0.0000230163
        0.0027606788  -0.0343964306  -0.0365651106  -0.0828897628   0.0798416638
       -0.1284194457   0.0800787644   0.0019074713  -0.2241209063  -0.0001120196
       -0.0000799335  -0.0001362606   0.0000048302  -0.0000117937   0.0001290063
        0.0001393025   0.0000463526   0.0001400852
       -0.0003435431   0.0010364960   0.0004921923  -0.2301026557  -0.0745813416
       -0.0038904602   0.2672052295   0.0922527656   0.0061596439   0.0000951131
       -0.0000387763   0.0000638283   0.0000504950   0.0000806855  -0.0001173496
        0.0045509063  -0.0067377363  -0.0026710550  -0.0242087851  -0.0057253774
       -0.0026584719  -0.0173857174  -0.0055436458   0.0029344221   0.0001955338
       -0.0005131843  -0.0001827661  -0.0000151564  -0.0001599303   0.0001027115
       -0.0000414198  -0.0000699551  -0.0002326954
        0.0001038942   0.0001571037  -0.0000034644  -0.0868657643  -0.0659504494
        0.0021649921   0.0922527656   0.0845470929   0.0019607029  -0.0000624925
       -0.0001816832  -0.0000938850  -0.0000221253  -0.0003093349  -0.0000010187
       -0.0156454823  -0.0256432401  -0.0074892713   0.0141536532   0.0068983753
        0.0010414770  -0.0039094650   0.0002605867   0.0022659896   0.0000787643
        0.0003484301   0.0000063540  -0.0001016303  -0.0001074213   0.0001156073
        0.0000178826  -0.0000194597   0.0000325166
        0.0001326471  -0.0002016534   0.0000979115  -0.0080370906   0.0007690619
       -0.0416766817   0.0061596439   0.0019607029   0.0475541067  -0.0000528756
       -0.0001636324  -0.0002545005  -0.0000658226   0.0000850258  -0.0000681689
       -0.0057604750  -0.0085597530  -0.0008286658  -0.0225397766  -0.0061270362
       -0.0023101748   0.0301937239   0.0119423917  -0.0024751442   0.0000478335
        0.0000879012   0.0003177329   0.0000969292   0.0002262086  -0.0001811277
       -0.0001747372  -0.0000192171  -0.0001752876
       -0.0632558432  -0.0170416094  -0.0830692620  -0.0000874493   0.0000905590
        0.0000604383   0.0000951131  -0.0000624925  -0.0000528756   0.0566957336
        0.0212382996   0.0957781805   0.0015561773  -0.0005191830  -0.0040411778
        0.0001242509   0.0001161020  -0.0001136995  -0.0000086104  -0.0000608669
        0.0000227889  -0.0000177109  -0.0000501739  -0.0000286944  -0.0021738860
       -0.0020531406  -0.0067082518  -0.0054774351   0.0009777945   0.0019373507
        0.0125496600  -0.0026352888  -0.0037847974
       -0.0161818742  -0.0525049682  -0.0409323685   0.0000491263  -0.0000372049
        0.0000706030  -0.0000387763  -0.0001816832  -0.0001636324   0.0212382996
        0.0618169196   0.0518735967   0.0066351990   0.0024565299   0.0213410954
        0.0001680609   0.0000951403  -0.0001027296   0.0000257352  -0.0000914451
       -0.0000226000  -0.0000307111  -0.0000924348  -0.0000152700  -0.0096072703
       -0.0077452919  -0.0282631783   0.0004462764   0.0009179532  -0.0015415788
       -0.0027040654  -0.0046335150  -0.0022439375
       -0.0816984113  -0.0431819360  -0.2686693712   0.0000457897   0.0000748279
        0.0001426660   0.0000638283  -0.0000938850  -0.0002545005   0.0957781805
        0.0518735967   0.2986884842  -0.0073496893  -0.0014850914  -0.0197121264
       -0.0002991283  -0.0000756047   0.0000963249   0.0000101690  -0.0000001502
        0.0000046674  -0.0000700061  -0.0000282989  -0.0000483714  -0.0045462903
       -0.0054780402  -0.0126714251   0.0022104108   0.0006290217   0.0008229109
       -0.0041448530  -0.0022344399   0.0016007413
       -0.0367840911   0.0136953542  -0.0149690973  -0.0001020133   0.0000097862
        0.0000587506   0.0000504950  -0.0000221253  -0.0000658226   0.0015561773
        0.0066351990  -0.0073496893   0.0270778401  -0.0140248229   0.0203807205
        0.0003868892   0.0001032990   0.0001041286   0.0000058557  -0.0000536847
       -0.0000272633  -0.0000037488  -0.0000468031  -0.0000474217   0.0006372875
       -0.0041738975   0.0035819658   0.0126236881  -0.0024278907  -0.0038642009
       -0.0054483797   0.0003055860   0.0021979296
        0.0140034819  -0.2027143576   0.1256212046   0.0000295192   0.0001732969
       -0.0000589589   0.0000806855  -0.0003093349   0.0000850258  -0.0005191830
        0.0024565299  -0.0014850914  -0.0140248229   0.2335688563  -0.1411401857
       -0.0000081173  -0.0000581684  -0.0000046429  -0.0000669536  -0.0000973527
       -0.0000078237   0.0000060344  -0.0000617386  -0.0000318774   0.0020604387
       -0.0285080421   0.0178558797  -0.0026397504  -0.0053269189  -0.0014817676
        0.0010786675   0.0008772300   0.0006482377
       -0.0157699891   0.1282638108  -0.1445966758   0.0000486423  -0.0000867342
       -0.0000230163  -0.0001173496  -0.0000010187  -0.0000681689  -0.0040411778
        0.0213410954  -0.0197121264   0.0203807205  -0.1411401857   0.1562297425
        0.0002187339   0.0000394460   0.0000959363   0.0000173113  -0.0000130441
       -0.0000792337  -0.0000131328  -0.0000727955   0.0000138907   0.0009025074
       -0.0053035030   0.0051276997  -0.0036505944  -0.0015497544   0.0021755253
        0.0020243282  -0.0014773165   0.0008364267
       -0.0007048108   0.0006026622   0.0004606707  -0.0247251091   0.0078726218
        0.0027606788   0.0045509063  -0.0156454823  -0.0057604750   0.0001242509
        0.0001680609  -0.0002991283   0.0003868892  -0.0000081173   0.0002187339
        0.0188218932  -0.0133533205  -0.0048299863   0.0006232593   0.0122549881
        0.0046303396   0.0006573232   0.0089281719   0.0031901344  -0.0000916162
       -0.0006853988  -0.0002157537   0.0001882114  -0.0001114641  -0.0000142033
        0.0001688027  -0.0000227217  -0.0001410109
        0.0001568119   0.0007167949   0.0003361701   0.0067568023  -0.1216951476
       -0.0343964306  -0.0067377363  -0.0256432401  -0.0085597530   0.0001161020
        0.0000951403  -0.0000756047   0.0001032990  -0.0000581684   0.0000394460
       -0.0133533205   0.1897864044   0.0610310022   0.0073853555  -0.0288776585
       -0.0031921118   0.0053120455  -0.0137198621  -0.0148295246   0.0001721930
       -0.0000319197  -0.0001121669   0.0000371955  -0.0003144589  -0.0000222164
        0.0000512521  -0.0002578843  -0.0002188102
        0.0001470925   0.0002721654  -0.0002623809   0.0023647746  -0.0345797183
       -0.0365651106  -0.0026710550  -0.0074892713  -0.0008286658  -0.0001136995
       -0.0001027296   0.0000963249   0.0001041286  -0.0000046429   0.0000959363
       -0.0048299863   0.0610310022   0.0389618812   0.0024105379   0.0040971423
        0.0068678331   0.0025095962  -0.0231235309  -0.0084506522   0.0000929490
        0.0000635223   0.0001240327   0.0000286220  -0.0002076746  -0.0000718086
       -0.0000429599   0.0000437355   0.0000326100
       -0.0001329378  -0.0000326682   0.0000311077  -0.1176405862   0.0606813638
       -0.0828897628  -0.0242087851   0.0141536532  -0.0225397766  -0.0000086104
        0.0000257352   0.0000101690   0.0000058557  -0.0000669536   0.0000173113
        0.0006232593   0.0073853555   0.0024105379   0.1348827338  -0.0760134697
        0.0953939063   0.0065195727  -0.0062621937   0.0074972472  -0.0000715893
        0.0000570583   0.0000071838  -0.0000368862   0.0000484830  -0.0000260921
        0.0000679735   0.0000236363   0.0000881684
        0.0001033803   0.0000743587  -0.0000425190   0.0683089452  -0.0889536062
        0.0798416638  -0.0057253774   0.0068983753  -0.0061270362  -0.0000608669
       -0.0000914451  -0.0000001502  -0.0000536847  -0.0000973527  -0.0000130441
        0.0122549881  -0.0288776585   0.0040971423  -0.0760134697   0.1112809036
       -0.0830376934   0.0012158113  -0.0003385137   0.0052088167  -0.0000168586
        0.0001367950   0.0000252742  -0.0000228545  -0.0000111213  -0.0000001619
        0.0000099870  -0.0000207351   0.0000477079
        0.0000036631  -0.0000350628   0.0000694752  -0.0793707249   0.0686945345
       -0.1284194457  -0.0026584719   0.0010414770  -0.0023101748   0.0000227889
       -0.0000226000   0.0000046674  -0.0000272633  -0.0000078237  -0.0000792337
        0.0046303396  -0.0031921118   0.0068678331   0.0953939063  -0.0830376934
        0.1504457119  -0.0179792672   0.0164807173  -0.0265986135  -0.0000557934
        0.0000480095   0.0000340368   0.0000096769   0.0000403299   0.0000035083
        0.0000311458  -0.0000097765  -0.0000177650
       -0.0001336984  -0.0000095436   0.0000280095  -0.0785110167  -0.0056967779
        0.0800787644  -0.0173857174  -0.0039094650   0.0301937239  -0.0000177109
       -0.0000307111  -0.0000700061  -0.0000037488   0.0000060344  -0.0000131328
        0.0006573232   0.0053120455   0.0025095962   0.0065195727   0.0012158113
       -0.0179792672   0.0889131634   0.0029646618  -0.0948248531  -0.0000512882
        0.0000326201   0.0000774140   0.0000204242   0.0001035179  -0.0000499911
       -0.0000073032   0.0000118065   0.0000497421
        0.0000644829   0.0000602149  -0.0000130718  -0.0000127539  -0.0321214837
        0.0019074713  -0.0055436458   0.0002605867   0.0119423917  -0.0000501739
       -0.0000924348  -0.0000282989  -0.0000468031  -0.0000617386  -0.0000727955
        0.0089281719  -0.0137198621  -0.0231235309  -0.0062621937  -0.0003385137
        0.0164807173   0.0029646618   0.0458656906  -0.0072108021  -0.0000411512
        0.0001096066   0.0000869762   0.0000100296   0.0000430219  -0.0000069124
       -0.0000106245  -0.0000050877   0.0000378550
        0.0001369058   0.0000192358   0.0000657477   0.0811476520   0.0146155982
       -0.2241209063   0.0029344221   0.0022659896  -0.0024751442  -0.0000286944
       -0.0000152700  -0.0000483714  -0.0000474217  -0.0000318774   0.0000138907
        0.0031901344  -0.0148295246  -0.0084506522   0.0074972472   0.0052088167
       -0.0265986135  -0.0948248531  -0.0072108021   0.2616604431   0.0000548013
        0.0000295191  -0.0000065679  -0.0000385247  -0.0000209838  -0.0000218418
       -0.0000216692  -0.0000307015  -0.0000179841
       -0.0540382198  -0.0979550075  -0.0454764737  -0.0001575500  -0.0003378967
       -0.0001120196   0.0001955338   0.0000787643   0.0000478335  -0.0021738860
       -0.0096072703  -0.0045462903   0.0006372875   0.0020604387   0.0009025074
       -0.0000916162   0.0001721930   0.0000929490  -0.0000715893  -0.0000168586
       -0.0000557934  -0.0000512882  -0.0000411512   0.0000548013   0.1494481545
        0.0984775633   0.1449190508  -0.0369877272   0.0204641733  -0.0203307619
       -0.0567090992  -0.0132949481  -0.0754958031
       -0.0984733041  -0.5200231503  -0.1449629450   0.0001512183  -0.0003296249
       -0.0000799335  -0.0005131843   0.0003484301   0.0000879012  -0.0020531406
       -0.0077452919  -0.0054780402  -0.0041738975  -0.0285080421  -0.0053035030
       -0.0006853988  -0.0000319197   0.0000635223   0.0000570583   0.0001367950
        0.0000480095   0.0000326201   0.0001096066   0.0000295191   0.0984775633
        0.8067274196   0.0705255591   0.0211621695  -0.1994780030   0.1264141683
       -0.0139817041  -0.0512062195  -0.0413442578
       -0.0456785541  -0.1452024941  -0.1268694394   0.0000213633   0.0000081767
       -0.0001362606  -0.0001827661   0.0000063540   0.0003177329  -0.0067082518
       -0.0282631783  -0.0126714251   0.0035819658   0.0178558797   0.0051276997
       -0.0002157537  -0.0001121669   0.0001240327   0.0000071838   0.0000252742
        0.0000340368   0.0000774140   0.0000869762  -0.0000065679   0.1449190508
        0.0705255591   0.5504139460  -0.0205512257   0.1240092623  -0.1438944221
       -0.0752704264  -0.0389396428  -0.2724393330
        0.0002015814  -0.0049778889   0.0034079666  -0.0000642826   0.0001127509
        0.0000048302  -0.0000151564  -0.0001016303   0.0000969292  -0.0054774351
        0.0004462764   0.0022104108   0.0126236881  -0.0026397504  -0.0036505944
        0.0001882114   0.0000371955   0.0000286220  -0.0000368862  -0.0000228545
        0.0000096769   0.0000204242   0.0000100296  -0.0000385247  -0.0369877272
        0.0211621695  -0.0205512257   0.0284648543  -0.0203077165   0.0252721410
        0.0010827281   0.0062814188  -0.0067902320
        0.0020374065  -0.0292409839   0.0180547955  -0.0000871375   0.0002692833
       -0.0000117937  -0.0001599303  -0.0001074213   0.0002262086   0.0009777945
        0.0009179532   0.0006290217  -0.0024278907  -0.0053269189  -0.0015497544
       -0.0001114641  -0.0003144589  -0.0002076746   0.0000484830  -0.0000111213
        0.0000403299   0.0001035179   0.0000430219  -0.0000209838   0.0204641733
       -0.1994780030   0.1240092623  -0.0203077165   0.2310772456  -0.1395711233
       -0.0005372361   0.0021714033  -0.0015982883
        0.0012512054  -0.0049196898   0.0054351181   0.0000718002  -0.0000611596
        0.0001290063   0.0001027115   0.0001156073  -0.0001811277   0.0019373507
       -0.0015415788   0.0008229109  -0.0038642009  -0.0014817676   0.0021755253
       -0.0000142033  -0.0000222164  -0.0000718086  -0.0000260921  -0.0000001619
        0.0000035083  -0.0000499911  -0.0000069124  -0.0000218418  -0.0203307619
        0.1264141683  -0.1438944221   0.0252721410  -0.1395711233   0.1550942358
       -0.0043499595   0.0210748341  -0.0194911045
       -0.0028488987  -0.0031070220  -0.0069925239  -0.0001104321   0.0000574488
        0.0001393025  -0.0000414198   0.0000178826  -0.0001747372   0.0125496600
       -0.0027040654  -0.0041448530  -0.0054483797   0.0010786675   0.0020243282
        0.0001688027   0.0000512521  -0.0000429599   0.0000679735   0.0000099870
        0.0000311458  -0.0000073032  -0.0000106245  -0.0000216692  -0.0567090992
       -0.0139817041  -0.0752704264   0.0010827281  -0.0005372361  -0.0043499595
        0.0512963683   0.0191254141   0.0888023525
       -0.0096974348  -0.0078678197  -0.0288599176  -0.0000275131   0.0001950682
        0.0000463526  -0.0000699551  -0.0000194597  -0.0000192171  -0.0026352888
       -0.0046335150  -0.0022344399   0.0003055860   0.0008772300  -0.0014773165
       -0.0000227217  -0.0002578843   0.0000437355   0.0000236363  -0.0000207351
       -0.0000097765   0.0000118065  -0.0000050877  -0.0000307015  -0.0132949481
       -0.0512062195  -0.0389396428   0.0062814188   0.0021714033   0.0210748341
        0.0191254141   0.0607670197   0.0504060897
       -0.0046735287  -0.0057766980  -0.0130043101  -0.0000201251   0.0000095849
        0.0001400852  -0.0002326954   0.0000325166  -0.0001752876  -0.0037847974
       -0.0022439375   0.0016007413   0.0021979296   0.0006482377   0.0008364267
       -0.0001410109  -0.0002188102   0.0000326100   0.0000881684   0.0000477079
       -0.0000177650   0.0000497421   0.0000378550  -0.0000179841  -0.0754958031
       -0.0413442578  -0.2724393330  -0.0067902320  -0.0015982883  -0.0194911045
        0.0888023525   0.0504060897   0.3025359210
