# Atoms array:
     x           y            z                   Z     indx
   -5.330356    -3.648084     0.540344            6      0
   -6.354604    -4.236673     1.169829            6      1
   -8.316302    -5.550279     1.256227            8      2
   -5.190175    -3.783512    -0.535168            1      3
   -7.276321    -5.344927    -0.746662            8      4
   -7.395541    -5.115337     0.494266            6      5
   -4.609646    -3.020914     1.070343            1      6
   -6.489372    -4.093804     2.247402            1      7

# Gridpoints array:
     x           y            z                   Z     indx
   -3.290356    -3.648084     0.540344            6      0
   -5.330356    -1.608084     0.540344            6      0
   -5.330356    -5.688084     0.540344            6      0
   -5.330356    -3.648084     2.580344            6      0
   -4.152562    -2.470290     1.718138            6      0
   -6.508151    -2.470290     1.718138            6      0
   -4.152562    -4.825879     1.718138            6      0
   -4.152562    -2.470290    -0.637451            6      0
   -6.508151    -2.470290    -0.637451            6      0
   -4.152562    -4.825879    -0.637451            6      0
   -4.952720    -3.270448     2.509197            6      0
   -5.707992    -3.270448     2.509197            6      0
   -4.952720    -4.025720     2.509197            6      0
   -4.952720    -3.270448    -1.428509            6      0
   -5.707992    -3.270448    -1.428509            6      0
   -4.952720    -4.025720    -1.428509            6      0
   -5.707992    -4.025720    -1.428509            6      0
   -4.952720    -1.679231     0.917980            6      0
   -5.707992    -1.679231     0.917980            6      0
   -4.952720    -5.616937     0.917980            6      0
   -4.952720    -1.679231     0.162708            6      0
   -5.707992    -1.679231     0.162708            6      0
   -4.952720    -5.616937     0.162708            6      0
   -5.707992    -5.616937     0.162708            6      0
   -3.361503    -3.270448     0.917980            6      0
   -3.361503    -4.025720     0.917980            6      0
   -3.361503    -3.270448     0.162708            6      0
   -7.299209    -3.270448     0.162708            6      0
   -3.361503    -4.025720     0.162708            6      0
   -3.921897    -2.239625     0.980897            6      0
   -6.738815    -2.239625     0.980897            6      0
   -3.921897    -5.056543     0.980897            6      0
   -3.921897    -2.239625     0.099791            6      0
   -6.738815    -2.239625     0.099791            6      0
   -3.921897    -5.056543     0.099791            6      0
   -3.921897    -3.207531     1.948803            6      0
   -3.921897    -4.088637     1.948803            6      0
   -3.921897    -3.207531    -0.868115            6      0
   -6.738815    -3.207531    -0.868115            6      0
   -3.921897    -4.088637    -0.868115            6      0
   -4.889803    -2.239625     1.948803            6      0
   -5.770909    -2.239625     1.948803            6      0
   -4.889803    -5.056543     1.948803            6      0
   -4.889803    -2.239625    -0.868115            6      0
   -5.770909    -2.239625    -0.868115            6      0
   -4.889803    -5.056543    -0.868115            6      0
   -5.770909    -5.056543    -0.868115            6      0
   -4.523150    -2.840878     2.231035            6      0
   -6.137563    -2.840878     2.231035            6      0
   -4.523150    -4.455291     2.231035            6      0
   -4.523150    -2.840878    -1.150347            6      0
   -6.137563    -2.840878    -1.150347            6      0
   -4.523150    -4.455291    -1.150347            6      0
   -6.137563    -4.455291    -1.150347            6      0
   -4.523150    -1.957393     1.347550            6      0
   -6.137563    -1.957393     1.347550            6      0
   -4.523150    -5.338775     1.347550            6      0
   -4.523150    -1.957393    -0.266863            6      0
   -6.137563    -1.957393    -0.266863            6      0
   -4.523150    -5.338775    -0.266863            6      0
   -3.639665    -2.840878     1.347550            6      0
   -7.021047    -2.840878     1.347550            6      0
   -3.639665    -4.455291     1.347550            6      0
   -3.639665    -2.840878    -0.266863            6      0
   -7.021047    -2.840878    -0.266863            6      0
   -3.639665    -4.455291    -0.266863            6      0
   -4.354483    -1.856640     0.540344            6      0
   -6.306229    -1.856640     0.540344            6      0
   -4.354483    -5.439528     0.540344            6      0
   -3.538912    -2.672211     0.540344            6      0
   -7.121800    -2.672211     0.540344            6      0
   -3.538912    -4.623957     0.540344            6      0
   -4.354483    -3.648084     2.331788            6      0
   -4.354483    -3.648084    -1.251100            6      0
   -6.306229    -3.648084    -1.251100            6      0
   -3.538912    -3.648084     1.516217            6      0
   -3.538912    -3.648084    -0.435529            6      0
   -7.121800    -3.648084    -0.435529            6      0
   -5.330356    -2.672211     2.331788            6      0
   -5.330356    -4.623957     2.331788            6      0
   -5.330356    -2.672211    -1.251100            6      0
   -5.330356    -4.623957    -1.251100            6      0
   -5.330356    -1.856640     1.516217            6      0
   -5.330356    -5.439528     1.516217            6      0
   -5.330356    -1.856640    -0.435529            6      0
   -5.330356    -5.439528    -0.435529            6      0
   -6.354604    -2.196673     1.169829            6      1
   -5.176809    -3.058878     2.347623            6      1
   -7.532398    -3.058878     2.347623            6      1
   -5.176809    -5.414467     2.347623            6      1
   -7.532398    -5.414467     2.347623            6      1
   -7.532398    -3.058878    -0.007966            6      1
   -5.176809    -5.414467    -0.007966            6      1
   -5.976968    -3.859037     3.138682            6      1
   -6.732240    -3.859037     3.138682            6      1
   -5.976968    -4.614309     3.138682            6      1
   -6.732240    -4.614309     3.138682            6      1
   -6.732240    -3.859037    -0.799024            6      1
   -5.976968    -2.267820     1.547465            6      1
   -6.732240    -2.267820     1.547465            6      1
   -5.976968    -6.205526     1.547465            6      1
   -6.732240    -6.205526     1.547465            6      1
   -6.732240    -2.267820     0.792193            6      1
   -5.976968    -6.205526     0.792193            6      1
   -8.323457    -3.859037     1.547465            6      1
   -4.385751    -4.614309     1.547465            6      1
   -8.323457    -3.859037     0.792193            6      1
   -7.763063    -2.828214     1.610382            6      1
   -4.946145    -5.645132     1.610382            6      1
   -7.763063    -2.828214     0.729276            6      1
   -4.946145    -5.645132     0.729276            6      1
   -4.946145    -3.796120     2.578288            6      1
   -7.763063    -3.796120     2.578288            6      1
   -4.946145    -4.677226     2.578288            6      1
   -7.763063    -4.677226     2.578288            6      1
   -7.763063    -3.796120    -0.238630            6      1
   -5.914051    -2.828214     2.578288            6      1
   -6.795157    -2.828214     2.578288            6      1
   -5.914051    -5.645132     2.578288            6      1
   -6.795157    -5.645132     2.578288            6      1
   -6.795157    -2.828214    -0.238630            6      1
   -5.914051    -5.645132    -0.238630            6      1
   -5.547397    -3.429466     2.860520            6      1
   -7.161810    -3.429466     2.860520            6      1
   -5.547397    -5.043879     2.860520            6      1
   -7.161810    -5.043879     2.860520            6      1
   -7.161810    -3.429466    -0.520862            6      1
   -5.547397    -5.043879    -0.520862            6      1
   -5.547397    -2.545982     1.977035            6      1
   -7.161810    -2.545982     1.977035            6      1
   -5.547397    -5.927364     1.977035            6      1
   -7.161810    -2.545982     0.362622            6      1
   -5.547397    -5.927364     0.362622            6      1
   -8.045294    -3.429466     1.977035            6      1
   -4.663913    -5.043879     1.977035            6      1
   -8.045294    -3.429466     0.362622            6      1
   -4.663913    -5.043879     0.362622            6      1
   -7.330476    -2.445229     1.169829            6      1
   -5.378731    -6.028117     1.169829            6      1
   -8.146048    -3.260800     1.169829            6      1
   -4.563159    -5.212546     1.169829            6      1
   -5.378731    -4.236673     2.961273            6      1
   -7.330476    -4.236673     2.961273            6      1
   -4.563159    -4.236673     2.145702            6      1
   -8.146048    -4.236673     2.145702            6      1
   -6.354604    -3.260800     2.961273            6      1
   -6.354604    -5.212546     2.961273            6      1
   -6.354604    -3.260800    -0.621615            6      1
   -6.354604    -2.445229     2.145702            6      1
   -6.354604    -6.028117     2.145702            6      1
   -6.354604    -2.445229     0.193956            6      1
  -10.140302    -5.550279     1.256227            8      2
   -8.316302    -3.726279     1.256227            8      2
   -8.316302    -7.374279     1.256227            8      2
   -8.316302    -5.550279     3.080227            8      2
   -9.369389    -4.497193     2.309314            8      2
   -7.263215    -6.603366     2.309314            8      2
   -9.369389    -6.603366     2.309314            8      2
   -9.369389    -4.497193     0.203140            8      2
   -9.369389    -6.603366     0.203140            8      2
   -7.978651    -5.212629     3.016613            8      2
   -8.653953    -5.212629     3.016613            8      2
   -7.978651    -5.887930     3.016613            8      2
   -8.653953    -5.887930     3.016613            8      2
   -7.978651    -3.789893     1.593878            8      2
   -8.653953    -3.789893     1.593878            8      2
   -7.978651    -7.310666     1.593878            8      2
   -8.653953    -7.310666     1.593878            8      2
   -8.653953    -3.789893     0.918576            8      2
   -7.978651    -7.310666     0.918576            8      2
   -8.653953    -7.310666     0.918576            8      2
  -10.076688    -5.212629     1.593878            8      2
  -10.076688    -5.887930     1.593878            8      2
  -10.076688    -5.212629     0.918576            8      2
  -10.076688    -5.887930     0.918576            8      2
   -9.575630    -4.290951     1.650133            8      2
   -7.056974    -6.809607     1.650133            8      2
   -9.575630    -6.809607     1.650133            8      2
   -9.575630    -4.290951     0.862321            8      2
   -7.056974    -6.809607     0.862321            8      2
   -9.575630    -6.809607     0.862321            8      2
   -7.056974    -5.156373     2.515555            8      2
   -9.575630    -5.156373     2.515555            8      2
   -7.056974    -5.944186     2.515555            8      2
   -9.575630    -5.944186     2.515555            8      2
   -9.575630    -5.156373    -0.003101            8      2
   -9.575630    -5.944186    -0.003101            8      2
   -7.922396    -4.290951     2.515555            8      2
   -8.710208    -4.290951     2.515555            8      2
   -7.922396    -6.809607     2.515555            8      2
   -8.710208    -6.809607     2.515555            8      2
   -8.710208    -4.290951    -0.003101            8      2
   -7.922396    -6.809607    -0.003101            8      2
   -8.710208    -6.809607    -0.003101            8      2
   -7.594564    -4.828542     2.767903            8      2
   -9.038040    -4.828542     2.767903            8      2
   -7.594564    -6.272017     2.767903            8      2
   -9.038040    -6.272017     2.767903            8      2
   -9.038040    -4.828542    -0.255450            8      2
   -9.038040    -6.272017    -0.255450            8      2
   -9.038040    -4.038603     1.977964            8      2
   -7.594564    -7.061956     1.977964            8      2
   -9.038040    -7.061956     1.977964            8      2
   -9.038040    -4.038603     0.534489            8      2
   -7.594564    -7.061956     0.534489            8      2
   -9.038040    -7.061956     0.534489            8      2
   -9.827978    -4.828542     1.977964            8      2
   -6.804625    -6.272017     1.977964            8      2
   -9.827978    -6.272017     1.977964            8      2
   -9.827978    -4.828542     0.534489            8      2
   -9.827978    -6.272017     0.534489            8      2
   -9.188847    -3.948518     1.256227            8      2
   -7.443757    -7.152041     1.256227            8      2
   -9.188847    -7.152041     1.256227            8      2
   -9.918064    -4.677734     1.256227            8      2
   -6.714540    -6.422825     1.256227            8      2
   -9.918064    -6.422825     1.256227            8      2
   -7.443757    -5.550279     2.857989            8      2
   -9.188847    -5.550279     2.857989            8      2
   -9.188847    -5.550279    -0.345535            8      2
   -6.714540    -5.550279     2.128772            8      2
   -9.918064    -5.550279     2.128772            8      2
   -9.918064    -5.550279     0.383682            8      2
   -8.316302    -4.677734     2.857989            8      2
   -8.316302    -6.422825     2.857989            8      2
   -8.316302    -6.422825    -0.345535            8      2
   -8.316302    -3.948518     2.128772            8      2
   -8.316302    -7.152041     2.128772            8      2
   -8.316302    -7.152041     0.383682            8      2
   -5.190175    -3.783512    -1.855169            1      3
   -4.428072    -3.021409    -1.297271            1      3
   -5.952277    -3.021409    -1.297271            1      3
   -4.428072    -4.545614    -1.297271            1      3
   -5.952277    -4.545614    -1.297271            1      3
   -4.945822    -3.539159    -1.809132            1      3
   -5.434527    -3.539159    -1.809132            1      3
   -4.945822    -4.027864    -1.809132            1      3
   -5.434527    -4.027864    -1.809132            1      3
   -4.945822    -2.509548    -0.779521            1      3
   -5.434527    -2.509548    -0.779521            1      3
   -4.945822    -5.057476    -0.779521            1      3
   -5.434527    -5.057476    -0.779521            1      3
   -3.916211    -3.539159    -0.779521            1      3
   -6.464138    -3.539159    -0.779521            1      3
   -3.916211    -4.027864    -0.779521            1      3
   -4.278819    -2.872156    -0.820232            1      3
   -6.101530    -2.872156    -0.820232            1      3
   -4.278819    -4.694868    -0.820232            1      3
   -4.278819    -3.498448    -1.446524            1      3
   -6.101530    -3.498448    -1.446524            1      3
   -4.278819    -4.068575    -1.446524            1      3
   -6.101530    -4.068575    -1.446524            1      3
   -4.905111    -2.872156    -1.446524            1      3
   -5.475238    -2.872156    -1.446524            1      3
   -4.905111    -4.694868    -1.446524            1      3
   -5.475238    -4.694868    -1.446524            1      3
   -4.667864    -3.261202    -1.629145            1      3
   -5.712485    -3.261202    -1.629145            1      3
   -4.667864    -4.305822    -1.629145            1      3
   -5.712485    -4.305822    -1.629145            1      3
   -4.667864    -2.689535    -1.057479            1      3
   -5.712485    -2.689535    -1.057479            1      3
   -4.667864    -4.877488    -1.057479            1      3
   -5.712485    -4.877488    -1.057479            1      3
   -4.096198    -3.261202    -1.057479            1      3
   -6.284151    -3.261202    -1.057479            1      3
   -4.096198    -4.305822    -1.057479            1      3
   -4.558727    -4.942682    -0.535168            1      3
   -4.031005    -3.152065    -0.535168            1      3
   -4.031005    -4.414959    -0.535168            1      3
   -4.558727    -3.783512    -1.694338            1      3
   -5.821622    -3.783512    -1.694338            1      3
   -4.031005    -3.783512    -1.166616            1      3
   -6.349344    -3.783512    -1.166616            1      3
   -5.190175    -3.152065    -1.694338            1      3
   -5.190175    -4.414959    -1.694338            1      3
   -5.190175    -2.624342    -1.166616            1      3
   -5.190175    -4.942682    -1.166616            1      3
   -5.452321    -5.344927    -0.746662            8      4
   -9.100321    -5.344927    -0.746662            8      4
   -7.276321    -3.520927    -0.746662            8      4
   -7.276321    -7.168927    -0.746662            8      4
   -7.276321    -5.344927    -2.570662            8      4
   -6.223234    -6.398014     0.306425            8      4
   -6.223234    -4.291840    -1.799749            8      4
   -8.329408    -4.291840    -1.799749            8      4
   -6.223234    -6.398014    -1.799749            8      4
   -8.329408    -6.398014    -1.799749            8      4
   -6.938670    -5.007276    -2.507048            8      4
   -7.613972    -5.007276    -2.507048            8      4
   -6.938670    -5.682578    -2.507048            8      4
   -7.613972    -5.682578    -2.507048            8      4
   -6.938670    -3.584541    -0.409011            8      4
   -7.613972    -3.584541    -0.409011            8      4
   -6.938670    -7.105313    -0.409011            8      4
   -7.613972    -7.105313    -0.409011            8      4
   -6.938670    -3.584541    -1.084313            8      4
   -7.613972    -3.584541    -1.084313            8      4
   -6.938670    -7.105313    -1.084313            8      4
   -7.613972    -7.105313    -1.084313            8      4
   -5.515935    -5.007276    -0.409011            8      4
   -9.036708    -5.007276    -0.409011            8      4
   -5.515935    -5.682578    -0.409011            8      4
   -9.036708    -5.682578    -0.409011            8      4
   -5.515935    -5.007276    -1.084313            8      4
   -9.036708    -5.007276    -1.084313            8      4
   -5.515935    -5.682578    -1.084313            8      4
   -9.036708    -5.682578    -1.084313            8      4
   -8.535649    -4.085599    -0.352756            8      4
   -6.016993    -6.604255    -0.352756            8      4
   -8.535649    -6.604255    -0.352756            8      4
   -6.016993    -4.085599    -1.140568            8      4
   -8.535649    -4.085599    -1.140568            8      4
   -6.016993    -6.604255    -1.140568            8      4
   -8.535649    -6.604255    -1.140568            8      4
   -6.016993    -4.951021    -2.005990            8      4
   -8.535649    -4.951021    -2.005990            8      4
   -6.016993    -5.738833    -2.005990            8      4
   -8.535649    -5.738833    -2.005990            8      4
   -6.882415    -6.604255     0.512666            8      4
   -6.882415    -4.085599    -2.005990            8      4
   -7.670227    -4.085599    -2.005990            8      4
   -6.882415    -6.604255    -2.005990            8      4
   -7.670227    -6.604255    -2.005990            8      4
   -6.554584    -4.623189    -2.258339            8      4
   -7.998059    -4.623189    -2.258339            8      4
   -6.554584    -6.066665    -2.258339            8      4
   -7.998059    -6.066665    -2.258339            8      4
   -6.554584    -6.856603    -0.024925            8      4
   -7.998059    -6.856603    -0.024925            8      4
   -6.554584    -3.833251    -1.468400            8      4
   -7.998059    -3.833251    -1.468400            8      4
   -6.554584    -6.856603    -1.468400            8      4
   -7.998059    -6.856603    -1.468400            8      4
   -5.764645    -6.066665    -0.024925            8      4
   -5.764645    -4.623189    -1.468400            8      4
   -8.787998    -4.623189    -1.468400            8      4
   -5.764645    -6.066665    -1.468400            8      4
   -8.787998    -6.066665    -1.468400            8      4
   -6.403776    -3.743165    -0.746662            8      4
   -8.148866    -3.743165    -0.746662            8      4
   -6.403776    -6.946689    -0.746662            8      4
   -8.148866    -6.946689    -0.746662            8      4
   -8.878083    -4.472382    -0.746662            8      4
   -5.674559    -6.217472    -0.746662            8      4
   -8.878083    -6.217472    -0.746662            8      4
   -6.403776    -5.344927    -2.348424            8      4
   -8.148866    -5.344927    -2.348424            8      4
   -5.674559    -5.344927    -1.619207            8      4
   -8.878083    -5.344927    -1.619207            8      4
   -7.276321    -4.472382    -2.348424            8      4
   -7.276321    -6.217472    -2.348424            8      4
   -7.276321    -6.946689     0.125883            8      4
   -7.276321    -3.743165    -1.619207            8      4
   -7.276321    -6.946689    -1.619207            8      4
   -7.395541    -7.155337     0.494266            6      5
   -7.395541    -5.115337     2.534266            6      5
   -8.573336    -3.937543     1.672061            6      5
   -6.217747    -6.293132     1.672061            6      5
   -8.573336    -3.937543    -0.683528            6      5
   -6.217747    -6.293132    -0.683528            6      5
   -8.573336    -6.293132    -0.683528            6      5
   -7.773177    -4.737701     2.463119            6      5
   -7.017905    -5.492973     2.463119            6      5
   -7.773177    -3.146484     0.871902            6      5
   -7.017905    -7.084190     0.871902            6      5
   -7.773177    -7.084190     0.871902            6      5
   -7.017905    -3.146484     0.116630            6      5
   -7.773177    -3.146484     0.116630            6      5
   -7.017905    -7.084190     0.116630            6      5
   -7.773177    -7.084190     0.116630            6      5
   -9.364394    -4.737701     0.871902            6      5
   -9.364394    -4.737701     0.116630            6      5
   -5.426688    -5.492973     0.116630            6      5
   -9.364394    -5.492973     0.116630            6      5
   -8.804000    -3.706878     0.934819            6      5
   -5.987082    -6.523796     0.934819            6      5
   -8.804000    -3.706878     0.053713            6      5
   -5.987082    -6.523796     0.053713            6      5
   -8.804000    -6.523796     0.053713            6      5
   -5.987082    -5.555890     1.902725            6      5
   -5.987082    -4.674784    -0.914193            6      5
   -8.804000    -4.674784    -0.914193            6      5
   -5.987082    -5.555890    -0.914193            6      5
   -8.804000    -5.555890    -0.914193            6      5
   -7.836094    -3.706878     1.902725            6      5
   -6.954988    -6.523796     1.902725            6      5
   -6.954988    -3.706878    -0.914193            6      5
   -7.836094    -3.706878    -0.914193            6      5
   -7.836094    -6.523796    -0.914193            6      5
   -8.202748    -4.308131     2.184957            6      5
   -6.588335    -5.922544     2.184957            6      5
   -6.588335    -4.308131    -1.196424            6      5
   -8.202748    -4.308131    -1.196424            6      5
   -8.202748    -3.424647     1.301473            6      5
   -6.588335    -6.806028     1.301473            6      5
   -8.202748    -3.424647    -0.312940            6      5
   -6.588335    -6.806028    -0.312940            6      5
   -8.202748    -6.806028    -0.312940            6      5
   -9.086232    -4.308131     1.301473            6      5
   -5.704850    -5.922544     1.301473            6      5
   -9.086232    -4.308131    -0.312940            6      5
   -5.704850    -5.922544    -0.312940            6      5
   -9.086232    -5.922544    -0.312940            6      5
   -8.371414    -3.323893     0.494266            6      5
   -6.419668    -6.906782     0.494266            6      5
   -8.371414    -6.906782     0.494266            6      5
   -9.186985    -4.139464     0.494266            6      5
   -5.604097    -6.091210     0.494266            6      5
   -5.604097    -5.115337    -0.481606            6      5
   -9.186985    -5.115337    -0.481606            6      5
   -7.395541    -6.091210     2.285711            6      5
   -7.395541    -4.139464    -1.297178            6      5
   -7.395541    -6.906782     1.470139            6      5
   -7.395541    -3.323893    -0.481606            6      5
   -7.395541    -6.906782    -0.481606            6      5
   -3.289646    -3.020914     1.070343            1      6
   -4.609646    -1.700914     1.070343            1      6
   -4.609646    -3.020914     2.390343            1      6
   -3.847544    -2.258812     1.832446            1      6
   -5.371749    -2.258812     1.832446            1      6
   -3.847544    -3.783016     1.832446            1      6
   -3.847544    -2.258812     0.308241            1      6
   -4.365294    -2.776561     2.344307            1      6
   -4.853999    -2.776561     2.344307            1      6
   -4.365294    -3.265267     2.344307            1      6
   -4.853999    -3.265267     2.344307            1      6
   -4.365294    -1.746950     1.314696            1      6
   -4.853999    -1.746950     1.314696            1      6
   -4.365294    -1.746950     0.825991            1      6
   -4.853999    -1.746950     0.825991            1      6
   -3.335683    -2.776561     1.314696            1      6
   -3.335683    -3.265267     1.314696            1      6
   -3.335683    -2.776561     0.825991            1      6
   -3.335683    -3.265267     0.825991            1      6
   -3.698291    -2.109558     1.355407            1      6
   -5.521002    -2.109558     1.355407            1      6
   -3.698291    -3.932270     1.355407            1      6
   -3.698291    -2.109558     0.785280            1      6
   -3.698291    -2.735850     1.981699            1      6
   -3.698291    -3.305978     1.981699            1      6
   -3.698291    -2.735850     0.158988            1      6
   -3.698291    -3.305978     0.158988            1      6
   -4.324583    -2.109558     1.981699            1      6
   -4.894710    -2.109558     1.981699            1      6
   -4.324583    -3.932270     1.981699            1      6
   -4.324583    -2.109558     0.158988            1      6
   -4.087336    -2.498604     2.164320            1      6
   -5.131956    -2.498604     2.164320            1      6
   -4.087336    -3.543224     2.164320            1      6
   -4.087336    -2.498604    -0.023633            1      6
   -4.087336    -1.926938     1.592654            1      6
   -5.131956    -1.926938     1.592654            1      6
   -4.087336    -1.926938     0.548033            1      6
   -5.131956    -1.926938     0.548033            1      6
   -3.515670    -2.498604     1.592654            1      6
   -3.515670    -3.543224     1.592654            1      6
   -3.515670    -2.498604     0.548033            1      6
   -3.515670    -3.543224     0.548033            1      6
   -3.978199    -1.861744     1.070343            1      6
   -5.241093    -1.861744     1.070343            1      6
   -3.450477    -2.389467     1.070343            1      6
   -3.450477    -3.652361     1.070343            1      6
   -3.978199    -3.020914     2.229513            1      6
   -5.241093    -3.020914     2.229513            1      6
   -3.450477    -3.020914     1.701791            1      6
   -3.450477    -3.020914     0.438896            1      6
   -4.609646    -2.389467     2.229513            1      6
   -4.609646    -3.652361     2.229513            1      6
   -4.609646    -1.861744     1.701791            1      6
   -4.609646    -1.861744     0.438896            1      6
   -6.489372    -4.093804     3.567402            1      7
   -5.727270    -3.331701     3.009505            1      7
   -7.251474    -3.331701     3.009505            1      7
   -5.727270    -4.855906     3.009505            1      7
   -7.251474    -4.855906     3.009505            1      7
   -6.245019    -3.849451     3.521366            1      7
   -6.733725    -3.849451     3.521366            1      7
   -6.245019    -4.338156     3.521366            1      7
   -6.733725    -4.338156     3.521366            1      7
   -6.245019    -2.819840     2.491755            1      7
   -6.733725    -2.819840     2.491755            1      7
   -6.245019    -5.367768     2.491755            1      7
   -6.733725    -5.367768     2.491755            1      7
   -5.215408    -3.849451     2.491755            1      7
   -7.763336    -3.849451     2.491755            1      7
   -5.215408    -4.338156     2.491755            1      7
   -7.763336    -4.338156     2.491755            1      7
   -5.578016    -3.182448     2.532466            1      7
   -7.400728    -3.182448     2.532466            1      7
   -5.578016    -5.005160     2.532466            1      7
   -7.400728    -5.005160     2.532466            1      7
   -5.578016    -3.808740     3.158758            1      7
   -7.400728    -3.808740     3.158758            1      7
   -5.578016    -4.378867     3.158758            1      7
   -7.400728    -4.378867     3.158758            1      7
   -6.204308    -3.182448     3.158758            1      7
   -6.774436    -3.182448     3.158758            1      7
   -6.204308    -5.005160     3.158758            1      7
   -6.774436    -5.005160     3.158758            1      7
   -5.967062    -3.571494     3.341379            1      7
   -7.011682    -3.571494     3.341379            1      7
   -5.967062    -4.616114     3.341379            1      7
   -7.011682    -4.616114     3.341379            1      7
   -5.967062    -2.999827     2.769713            1      7
   -7.011682    -2.999827     2.769713            1      7
   -5.967062    -5.187780     2.769713            1      7
   -7.011682    -5.187780     2.769713            1      7
   -5.395396    -3.571494     2.769713            1      7
   -7.583348    -3.571494     2.769713            1      7
   -5.395396    -4.616114     2.769713            1      7
   -7.583348    -4.616114     2.769713            1      7
   -5.857925    -2.934634     2.247402            1      7
   -7.120819    -2.934634     2.247402            1      7
   -7.648542    -3.462357     2.247402            1      7
   -5.857925    -4.093804     3.406572            1      7
   -7.120819    -4.093804     3.406572            1      7
   -5.330202    -4.093804     2.878850            1      7
   -7.648542    -4.093804     2.878850            1      7
   -6.489372    -3.462357     3.406572            1      7
   -6.489372    -4.725251     3.406572            1      7
   -6.489372    -2.934634     2.878850            1      7
   -6.489372    -5.252974     2.878850            1      7
