$hessian                                                                        
        0.3139092459  -0.1046804603  -0.0324306387  -0.0532460637  -0.0240345038
       -0.0168301880  -0.0349157388   0.0055078897   0.0025699015  -0.0353675441
        0.0052741806   0.0009163053  -0.1751706727   0.1105830653   0.0353005628
       -0.0064241327   0.0114283509   0.0136514630  -0.0047503919  -0.0000046697
       -0.0038267987   0.0039456998  -0.0023274448   0.0047969049  -0.0079804017
       -0.0017464079  -0.0041475121
       -0.1046804603   0.4370292142  -0.0166247512  -0.0211899132  -0.0442994196
       -0.0106231131   0.0014408165  -0.0612695530  -0.0670573392  -0.0032174433
       -0.1947493842   0.1169503487   0.1231679390  -0.1307718252  -0.0289415361
        0.0127391883   0.0108093353   0.0043889705  -0.0006035025  -0.0010558443
       -0.0014097396  -0.0119901588  -0.0145141813   0.0038073834   0.0043335343
       -0.0011783418  -0.0004902233
       -0.0324306387  -0.0166247512   0.4943418537  -0.0339078517  -0.0228826290
       -0.0493184370  -0.0094863567  -0.0748569540  -0.2711124613   0.0078230921
        0.1233263232  -0.1345487094   0.0390974532  -0.0285882245  -0.0530866629
        0.0086456197   0.0093317820   0.0077984778   0.0011706944  -0.0003955716
       -0.0005021974   0.0176178864   0.0128760381   0.0078334687   0.0014701014
       -0.0021860130  -0.0014053322
       -0.0532460637  -0.0211899132  -0.0339078517   0.2234545666  -0.0338779802
       -0.0033281166  -0.0088804900  -0.0077356948  -0.0061687252   0.0019970352
        0.0006984337   0.0002959412  -0.0131472022  -0.0036854488  -0.0011537325
       -0.0932440333   0.0249240494   0.0247891640  -0.0016667188   0.0069250758
        0.0083580642  -0.0442373906   0.0079944358  -0.0075823090  -0.0110297031
        0.0259470423   0.0186975655
       -0.0240345038  -0.0442994196  -0.0228826290  -0.0338779802   0.3959045896
       -0.1199607155  -0.0103542599  -0.0065384544  -0.0049610025  -0.0112018605
       -0.0100615558   0.0005561028   0.0109221912   0.0044576139   0.0015800569
        0.0786877046  -0.1054432245  -0.0407776731   0.0052796197  -0.0134876027
       -0.0070528018   0.0009221012  -0.2164134829   0.1943947212  -0.0163430124
       -0.0041184636  -0.0008960589
       -0.0168301880  -0.0106231131  -0.0493184370  -0.0033281166  -0.1199607155
        0.3815740525  -0.0212875163  -0.0130791875  -0.0067225102   0.0096298804
        0.0071219793  -0.0001597167   0.0004463814   0.0012515791   0.0002164173
        0.0486835912  -0.0409293763  -0.0760121187  -0.0199606604   0.0205330614
       -0.0000601232  -0.0041668269   0.1651029698  -0.2404893675   0.0068134551
       -0.0094171972  -0.0090281965
       -0.0349157388   0.0014408165  -0.0094863567  -0.0088804900  -0.0103542599
       -0.0212875163   0.0371084880  -0.0045996875   0.0004226324   0.0006527091
        0.0008315504   0.0001978007  -0.0001224261   0.0086981214   0.0242982394
        0.0023231152   0.0032826062   0.0027140507   0.0003799583  -0.0001074128
       -0.0000323221   0.0031730489   0.0014052732   0.0035384855   0.0002813355
       -0.0005970075  -0.0003650137
        0.0055078897  -0.0612695530  -0.0748569540  -0.0077356948  -0.0065384544
       -0.0130791875  -0.0045996875   0.0664347690   0.0782782952   0.0011876109
        0.0068044996   0.0261426572   0.0016120258  -0.0075336480  -0.0206275985
        0.0011260680   0.0020855594   0.0018235873   0.0003580083  -0.0002554692
       -0.0000976324   0.0022853528   0.0007551228   0.0026841196   0.0002584268
       -0.0004828263  -0.0002672868
        0.0025699015  -0.0670573392  -0.2711124613  -0.0061687252  -0.0049610025
       -0.0067225102   0.0004226324   0.0782782952   0.3062178202  -0.0003014285
       -0.0043159643  -0.0236083836   0.0013862909  -0.0033511876  -0.0083819843
        0.0007372221   0.0019110242   0.0015297316   0.0003167028  -0.0001389147
       -0.0001877375   0.0008660158  -0.0000648493   0.0023305713   0.0001713883
       -0.0003000618  -0.0000650462
       -0.0353675441  -0.0032174433   0.0078230921   0.0019970352  -0.0112018605
        0.0096298804   0.0006527091   0.0011876109  -0.0003014285   0.0378213781
       -0.0050103867  -0.0013437733  -0.0003406375   0.0219325190  -0.0155735121
        0.0003553129   0.0017287720   0.0007350491  -0.0006854648   0.0000040447
       -0.0009190828  -0.0050622164  -0.0055476205   0.0000474013   0.0006294276
        0.0001243644  -0.0000976260
        0.0052741806  -0.1947493842   0.1233263232   0.0006984337  -0.0100615558
        0.0071219793   0.0008315504   0.0068044996  -0.0043159643  -0.0050103867
        0.2178843791  -0.1377957598   0.0020155348  -0.0193694376   0.0135111528
        0.0004834276   0.0016637189   0.0005688299  -0.0003435958   0.0002569755
       -0.0007955117  -0.0043903653  -0.0023757481  -0.0015761007   0.0004412207
       -0.0000534475  -0.0000449487
        0.0009163053   0.1169503487  -0.1345487094   0.0002959412   0.0005561028
       -0.0001597167   0.0001978007   0.0261426572  -0.0236083836  -0.0013437733
       -0.1377957598   0.1533506619  -0.0002909814  -0.0039473966   0.0030642145
       -0.0000739561  -0.0008488325  -0.0002905975   0.0002083521  -0.0002703663
        0.0005024764   0.0001107597  -0.0007626355   0.0016646890  -0.0000204483
       -0.0000241180   0.0000253654
       -0.1751706727   0.1231679390   0.0390974532  -0.0131472022   0.0109221912
        0.0004463814  -0.0001224261   0.0016120258   0.0013862909  -0.0003406375
        0.0020155348  -0.0002909814   0.1943631965  -0.1353281736  -0.0428552145
       -0.0045221807  -0.0007939490   0.0018351432  -0.0006202219   0.0002156946
       -0.0008043304   0.0028232076  -0.0014736394   0.0017590845  -0.0032630629
       -0.0003376234  -0.0005738269
        0.1105830653  -0.1307718252  -0.0285882245  -0.0036854488   0.0044576139
        0.0012515791   0.0086981214  -0.0075336480  -0.0033511876   0.0219325190
       -0.0193694376  -0.0039473966  -0.1353281736   0.1512283390   0.0339946408
       -0.0017486939   0.0007210972   0.0011264578  -0.0003673441   0.0000292496
       -0.0002274343   0.0007655482   0.0008115738  -0.0000763150  -0.0008495934
        0.0004270374  -0.0001821196
        0.0353005628  -0.0289415361  -0.0530866629  -0.0011537325   0.0015800569
        0.0002164173   0.0242982394  -0.0206275985  -0.0083819843  -0.0155735121
        0.0135111528   0.0030642145  -0.0428552145   0.0339946408   0.0574602805
       -0.0000193795  -0.0002428827   0.0006578749   0.0002551810   0.0000066261
        0.0001762561  -0.0000284197   0.0005362367  -0.0002639969  -0.0002237249
        0.0001833040   0.0001576008
       -0.0064241327   0.0127391883   0.0086456197  -0.0932440333   0.0786877046
        0.0486835912   0.0023231152   0.0011260680   0.0007372221   0.0003553129
        0.0004834276  -0.0000739561  -0.0045221807  -0.0017486939  -0.0000193795
        0.3400270817  -0.0256465970  -0.0662970692  -0.0578224245   0.0232778347
       -0.0405252704   0.0022096716  -0.0032328551  -0.0021255167  -0.1829024101
       -0.0856860772   0.0509747588
        0.0114283509   0.0108093353   0.0093317820   0.0249240494  -0.1054432245
       -0.0409293763   0.0032826062   0.0020855594   0.0019110242   0.0017287720
        0.0016637189  -0.0008488325  -0.0007939490   0.0007210972  -0.0002428827
       -0.0256465970   0.2477537720  -0.1199635567   0.0459279582  -0.0665834124
        0.1080042267   0.0098264330  -0.0157254236   0.0021870814  -0.0706776238
       -0.0752814222   0.0405505338
        0.0136514630   0.0043889705   0.0077984778   0.0247891640  -0.0407776731
       -0.0760121187   0.0027140507   0.0018235873   0.0015297316   0.0007350491
        0.0005688299  -0.0002905975   0.0018351432   0.0011264578   0.0006578749
       -0.0662970692  -0.1199635567   0.2686542515  -0.0489358350   0.0684444504
       -0.1674039966  -0.0143552557   0.0221562791   0.0111667064   0.0858632898
        0.0622326548  -0.0461003292
       -0.0047503919  -0.0006035025   0.0011706944  -0.0016667188   0.0052796197
       -0.0199606604   0.0003799583   0.0003580083   0.0003167028  -0.0006854648
       -0.0003435958   0.0002083521  -0.0006202219  -0.0003673441   0.0002551810
       -0.0578224245   0.0459279582  -0.0489358350   0.0592563920  -0.0395425532
        0.0401527117  -0.0008190482   0.0055462645   0.0023974097   0.0067279198
       -0.0162548552   0.0243954437
       -0.0000046697  -0.0010558443  -0.0003955716   0.0069250758  -0.0134876027
        0.0205330614  -0.0001074128  -0.0002554692  -0.0001389147   0.0000040447
        0.0002569755  -0.0002703663   0.0002156946   0.0000292496   0.0000066261
        0.0232778347  -0.0665834124   0.0684444504  -0.0395425532   0.0990766458
       -0.1041238118   0.0066974345  -0.0080011991  -0.0017028190   0.0025345513
       -0.0099793431   0.0176473454
       -0.0038267987  -0.0014097396  -0.0005021974   0.0083580642  -0.0070528018
       -0.0000601232  -0.0000323221  -0.0000976324  -0.0001877375  -0.0009190828
       -0.0007955117   0.0005024764  -0.0008043304  -0.0002274343   0.0001762561
       -0.0405252704   0.1080042267  -0.1674039966   0.0401527117  -0.1041238118
        0.1810188956   0.0025514987  -0.0021261685   0.0032109105  -0.0049544702
        0.0078288733  -0.0167544839
        0.0039456998  -0.0119901588   0.0176178864  -0.0442373906   0.0009221012
       -0.0041668269   0.0031730489   0.0022853528   0.0008660158  -0.0050622164
       -0.0043903653   0.0001107597   0.0028232076   0.0007655482  -0.0000284197
        0.0022096716   0.0098264330  -0.0143552557  -0.0008190482   0.0066974345
        0.0025514987   0.0360631224  -0.0024185283   0.0004936270   0.0019039049
       -0.0016978172  -0.0030892853
       -0.0023274448  -0.0145141813   0.0128760381   0.0079944358  -0.2164134829
        0.1651029698   0.0014052732   0.0007551228  -0.0000648493  -0.0055476205
       -0.0023757481  -0.0007626355  -0.0014736394   0.0008115738   0.0005362367
       -0.0032328551  -0.0157254236   0.0221562791   0.0055462645  -0.0080011991
       -0.0021261685  -0.0024185283   0.2515493628  -0.1985190087   0.0000541146
        0.0039139756   0.0008011383
        0.0047969049   0.0038073834   0.0078334687  -0.0075823090   0.1943947212
       -0.2404893675   0.0035384855   0.0026841196   0.0023305713   0.0000474013
       -0.0015761007   0.0016646890   0.0017590845  -0.0000763150  -0.0002639969
       -0.0021255167   0.0021870814   0.0111667064   0.0023974097  -0.0017028190
        0.0032109105   0.0004936270  -0.1985190087   0.2124050440  -0.0033250872
       -0.0011990621   0.0021419745
       -0.0079804017   0.0043335343   0.0014701014  -0.0110297031  -0.0163430124
        0.0068134551   0.0002813355   0.0002584268   0.0001713883   0.0006294276
        0.0004412207  -0.0000204483  -0.0032630629  -0.0008495934  -0.0002237249
       -0.1829024101  -0.0706776238   0.0858632898   0.0067279198   0.0025345513
       -0.0049544702   0.0019039049   0.0000541146  -0.0033250872   0.1956329901
        0.0802483819  -0.0857945041
       -0.0017464079  -0.0011783418  -0.0021860130   0.0259470423  -0.0041184636
       -0.0094171972  -0.0005970075  -0.0004828263  -0.0003000618   0.0001243644
       -0.0000534475  -0.0000241180  -0.0003376234   0.0004270374   0.0001833040
       -0.0856860772  -0.0752814222   0.0622326548  -0.0162548552  -0.0099793431
        0.0078288733  -0.0016978172   0.0039139756  -0.0011990621   0.0802483819
        0.0867528315  -0.0571183801
       -0.0041475121  -0.0004902233  -0.0014053322   0.0186975655  -0.0008960589
       -0.0090281965  -0.0003650137  -0.0002672868  -0.0000650462  -0.0000976260
       -0.0000449487   0.0000253654  -0.0005738269  -0.0001821196   0.0001576008
        0.0509747588   0.0405505338  -0.0461003292   0.0243954437   0.0176473454
       -0.0167544839  -0.0030892853   0.0008011383   0.0021419745  -0.0857945041
       -0.0571183801   0.0710284473
