$hessian                                                                        
        0.6307604036   0.1365161520   0.1009120529  -0.3130087054  -0.1896400176
        0.0014275535  -0.0379454009  -0.0064802389  -0.0077628463   0.0025278993
       -0.0108460101   0.0028687380  -0.0435754310   0.0076543951  -0.0124992313
       -0.2334952126   0.0625198559  -0.0833624466  -0.0002511083  -0.0006796152
        0.0002560473  -0.0024471600   0.0003943859  -0.0013551094  -0.0025652846
        0.0005610928  -0.0004847583
        0.1365161520   0.5436299606  -0.1705379658  -0.1817319616  -0.1970958844
        0.0219730167   0.0033664096   0.0046096262  -0.0003897457  -0.0356554868
       -0.0496973571   0.0142842550   0.0097076218  -0.2368187074   0.0957334636
        0.0609231925  -0.0648597311   0.0370145411   0.0017520452   0.0010261280
       -0.0000234080   0.0028330472  -0.0007991652   0.0003369201   0.0022889802
        0.0000051304   0.0016089231
        0.1009120529  -0.1705379658   0.1325062835  -0.0017370462   0.0199425521
       -0.0340405541  -0.0117587456  -0.0029931812  -0.0003675881   0.0129653307
        0.0208134392   0.0033486670  -0.0133366861   0.0952022208  -0.0502137210
       -0.0827462113   0.0374032381  -0.0504564911  -0.0007298762  -0.0006638157
       -0.0001237675  -0.0016220279   0.0002126501   0.0000270898  -0.0019467903
        0.0006208625  -0.0006799186
       -0.3130087054  -0.1817319616  -0.0017370462   0.5611788386   0.2141333158
        0.0187776556  -0.1156444516   0.0123926004  -0.0194260307  -0.0777854704
       -0.0428325580   0.0114050330   0.0012781321   0.0066254868   0.0002378627
       -0.0258045484  -0.0130074402   0.0000525706   0.0074346246  -0.0041470997
        0.0037425640  -0.0247885910   0.0076926537  -0.0045464508  -0.0128598286
        0.0008750029  -0.0085061583
       -0.1896400176  -0.1970958844   0.0199425521   0.2141333158   0.7142027702
       -0.1694546398   0.0041292266  -0.0581241844   0.0000389352  -0.0242011772
       -0.4316107626   0.1469890871  -0.0172093127  -0.0228925725   0.0007778189
        0.0132490333   0.0040153025  -0.0007348329   0.0167264388  -0.0153710191
        0.0105167792  -0.0015082657   0.0013267301   0.0007398420  -0.0156792414
        0.0055496202  -0.0088155417
        0.0014275535   0.0219730167  -0.0340405541   0.0187776556  -0.1694546398
        0.2330294337  -0.0161127165   0.0021385743  -0.0660343522   0.0038138959
        0.1419902379  -0.1116916096   0.0099346256   0.0070587283  -0.0101052760
       -0.0105801133  -0.0075414797  -0.0057787790  -0.0047449925   0.0049985030
       -0.0036967992   0.0172607271  -0.0072389714   0.0072111671  -0.0197766354
        0.0060760307  -0.0088932307
       -0.0379454009   0.0033664096  -0.0117587456  -0.1156444516   0.0041292266
       -0.0161127165   0.4080319115   0.0444629833  -0.0345658369   0.0028767838
        0.0235165253  -0.0109706625  -0.0001646260   0.0014159813  -0.0000530595
       -0.0044261688  -0.0037441595  -0.0023242170  -0.0454006103  -0.0325343044
        0.0130535310  -0.1481974289   0.0002780574   0.1115230508  -0.0591300087
       -0.0408907197  -0.0487913437
       -0.0064802389   0.0046096262  -0.0029931812   0.0123926004  -0.0581241844
        0.0021385743   0.0444629833   0.4993602400  -0.0000177894   0.0321896274
       -0.0400103516   0.0280941580  -0.0019448942  -0.0000585704  -0.0013576325
       -0.0044642807   0.0003974788   0.0028395450  -0.0297982006  -0.2378335520
        0.0707889450  -0.0002664390  -0.0449547633   0.0008284389  -0.0460911577
       -0.1233859233  -0.1003210581
       -0.0077628463  -0.0003897457  -0.0003675881  -0.0194260307   0.0000389352
       -0.0660343522  -0.0345658369  -0.0000177894   0.4614816268  -0.0144980959
        0.0257508995  -0.0061228555   0.0013163023  -0.0004781812  -0.0016056277
       -0.0020381849   0.0030209865   0.0084752476   0.0119417353   0.0700486338
       -0.0700394613   0.1201408375  -0.0010523845  -0.1575822388  -0.0551078804
       -0.0969213543  -0.1682047507
        0.0025278993  -0.0356554868   0.0129653307  -0.0777854704  -0.0242011772
        0.0038138959   0.0028767838   0.0321896274  -0.0144980959   0.0735212338
        0.0294519966   0.0003135582  -0.0032428232  -0.0082910461  -0.0003007939
        0.0037324276   0.0009060858   0.0013147906  -0.0063487984   0.0063234228
       -0.0045754716   0.0030360121  -0.0008614234  -0.0003760875   0.0016827355
        0.0001380008   0.0013428733
       -0.0108460101  -0.0496973571   0.0208134392  -0.0428325580  -0.4316107626
        0.1419902379   0.0235165253  -0.0400103516   0.0257508995   0.0294519966
        0.5242286304  -0.1947500956  -0.0069601967  -0.0038011448   0.0040568591
       -0.0005434517   0.0016579133  -0.0018141770   0.0067108936  -0.0019783633
        0.0030734627   0.0005574758   0.0001549151  -0.0012997579   0.0009453253
        0.0010565205   0.0021791321
        0.0028687380   0.0142842550   0.0033486670   0.0114050330   0.1469890871
       -0.1116916096  -0.0109706625   0.0280941580  -0.0061228555   0.0003135582
       -0.1947500956   0.1061424869  -0.0008392602   0.0037076462   0.0089771141
        0.0018930300  -0.0015067521  -0.0015433889  -0.0047327483   0.0029784381
       -0.0011929467  -0.0016272798   0.0006012092   0.0008326873   0.0016895916
       -0.0003979457   0.0012498454
       -0.0435754310   0.0097076218  -0.0133366861   0.0012781321  -0.0172093127
        0.0099346256  -0.0001646260  -0.0019448942   0.0013163023  -0.0032428232
       -0.0069601967  -0.0008392602   0.0510831662  -0.0088114341   0.0139349625
       -0.0039955456   0.0253729351  -0.0107173709  -0.0015595691  -0.0002334196
       -0.0003810936  -0.0000337754   0.0000144024  -0.0000189497   0.0002104721
        0.0000642980   0.0001074702
        0.0076543951  -0.2368187074   0.0952022208   0.0066254868  -0.0228925725
        0.0070587283   0.0014159813  -0.0000585704  -0.0004781812  -0.0082910461
       -0.0038011448   0.0037076462  -0.0088114341   0.2730119397  -0.1086524210
        0.0020255537  -0.0116825602   0.0042620847  -0.0007429270   0.0019820839
       -0.0009194916   0.0002654807   0.0001612169  -0.0000068456  -0.0001414903
        0.0000983148  -0.0001737408
       -0.0124992313   0.0957334636  -0.0502137210   0.0002378627   0.0007778189
       -0.0101052760  -0.0000530595  -0.0013576325  -0.0016056277  -0.0003007939
        0.0040568591   0.0089771141   0.0139349625  -0.1086524210   0.0596806818
       -0.0012159596   0.0104141302  -0.0070582907  -0.0001707121  -0.0007655965
        0.0005179786   0.0005429021  -0.0000657327  -0.0000019645  -0.0004759709
       -0.0001408889  -0.0001908944
       -0.2334952126   0.0609231925  -0.0827462113  -0.0258045484   0.0132490333
       -0.0105801133  -0.0044261688  -0.0044642807  -0.0020381849   0.0037324276
       -0.0005434517   0.0018930300  -0.0039955456   0.0020255537  -0.0012159596
        0.2663578971  -0.0711694514   0.0955010014   0.0003452349  -0.0003824165
        0.0002280316  -0.0008910907   0.0001785842  -0.0001365880  -0.0018229935
        0.0001832365  -0.0009050057
        0.0625198559  -0.0648597311   0.0374032381  -0.0130074402   0.0040153025
       -0.0075414797  -0.0037441595   0.0003974788   0.0030209865   0.0009060858
        0.0016579133  -0.0015067521   0.0253729351  -0.0116825602   0.0104141302
       -0.0711694514   0.0695247330  -0.0414705704  -0.0000929077   0.0002217886
       -0.0000886611  -0.0011882850   0.0004951908  -0.0004001593   0.0004033669
        0.0002298844   0.0001692678
       -0.0833624466   0.0370145411  -0.0504564911   0.0000525706  -0.0007348329
       -0.0057787790  -0.0023242170   0.0028395450   0.0084752476   0.0013147906
       -0.0018141770  -0.0015433889  -0.0107173709   0.0042620847  -0.0070582907
        0.0955010014  -0.0414705704   0.0557116075   0.0001096218  -0.0001648889
        0.0001641332  -0.0022749847   0.0004021004  -0.0003501829   0.0017010348
       -0.0003338019   0.0008361444
       -0.0002511083   0.0017520452  -0.0007298762   0.0074346246   0.0167264388
       -0.0047449925  -0.0454006103  -0.0297982006   0.0119417353  -0.0063487984
        0.0067108936  -0.0047327483  -0.0015595691  -0.0007429270  -0.0001707121
        0.0003452349  -0.0000929077   0.0001096218   0.0523568543   0.0385445873
       -0.0145158765  -0.0049583608  -0.0225562192   0.0098400712  -0.0016182668
       -0.0105437104   0.0030027773
       -0.0006796152   0.0010261280  -0.0006638157  -0.0041470997  -0.0153710191
        0.0049985030  -0.0325343044  -0.2378335520   0.0700486338   0.0063234228
       -0.0019783633   0.0029784381  -0.0002334196   0.0019820839  -0.0007655965
       -0.0003824165   0.0002217886  -0.0001648889   0.0385445873   0.2788134098
       -0.0838544031  -0.0018237316  -0.0026577085   0.0020970927  -0.0050674230
       -0.0242027673   0.0053260366
        0.0002560473  -0.0000234080  -0.0001237675   0.0037425640   0.0105167792
       -0.0036967992   0.0130535310   0.0707889450  -0.0700394613  -0.0045754716
        0.0030734627  -0.0011929467  -0.0003810936  -0.0009194916   0.0005179786
        0.0002280316  -0.0000886611   0.0001641332  -0.0145158765  -0.0838544031
        0.0782133119   0.0064173969   0.0246393472  -0.0110334096  -0.0042251291
       -0.0241325703   0.0071909608
       -0.0024471600   0.0028330472  -0.0016220279  -0.0247885910  -0.0015082657
        0.0172607271  -0.1481974289  -0.0002664390   0.1201408375   0.0030360121
        0.0005574758  -0.0016272798  -0.0000337754   0.0002654807   0.0005429021
       -0.0008910907  -0.0011882850  -0.0022749847  -0.0049583608  -0.0018237316
        0.0064173969   0.1720280734   0.0011481247  -0.1339479826   0.0062523212
       -0.0000174070  -0.0048895887
        0.0003943859  -0.0007991652   0.0002126501   0.0076926537   0.0013267301
       -0.0072389714   0.0002780574  -0.0449547633  -0.0010523845  -0.0008614234
        0.0001549151   0.0006012092   0.0000144024   0.0001612169  -0.0000657327
        0.0001785842   0.0004951908   0.0004021004  -0.0225562192  -0.0026577085
        0.0246393472   0.0011481247   0.0474047088   0.0005148148   0.0137114342
       -0.0011311247  -0.0180130329
       -0.0013551094   0.0003369201   0.0000270898  -0.0045464508   0.0007398420
        0.0072111671   0.1115230508   0.0008284389  -0.1575822388  -0.0003760875
       -0.0012997579   0.0008326873  -0.0000189497  -0.0000068456  -0.0000019645
       -0.0001365880  -0.0004001593  -0.0003501829   0.0098400712   0.0020970927
       -0.0110334096  -0.1339479826   0.0005148148   0.1859428827   0.0190180460
       -0.0028103458  -0.0250460311
       -0.0025652846   0.0022889802  -0.0019467903  -0.0128598286  -0.0156792414
       -0.0197766354  -0.0591300087  -0.0460911577  -0.0551078804   0.0016827355
        0.0009453253   0.0016895916   0.0002104721  -0.0001414903  -0.0004759709
       -0.0018229935   0.0004033669   0.0017010348  -0.0016182668  -0.0050674230
       -0.0042251291   0.0062523212   0.0137114342   0.0190180460   0.0698508533
        0.0496302060   0.0591237338
        0.0005610928   0.0000051304   0.0006208625   0.0008750029   0.0055496202
        0.0060760307  -0.0408907197  -0.1233859233  -0.0969213543   0.0001380008
        0.0010565205  -0.0003979457   0.0000642980   0.0000983148  -0.0001408889
        0.0001832365   0.0002298844  -0.0003338019  -0.0105437104  -0.0242027673
       -0.0241325703  -0.0000174070  -0.0011311247  -0.0028103458   0.0496302060
        0.1417803451   0.1180400138
       -0.0004847583   0.0016089231  -0.0006799186  -0.0085061583  -0.0088155417
       -0.0088932307  -0.0487913437  -0.1003210581  -0.1682047507   0.0013428733
        0.0021791321   0.0012498454   0.0001074702  -0.0001737408  -0.0001908944
       -0.0009050057   0.0001692678   0.0008361444   0.0030027773   0.0053260366
        0.0071909608  -0.0048895887  -0.0180130329  -0.0250460311   0.0591237338
        0.1180400138   0.1937378749
