# Atoms array:
     x           y            z                   Z     indx
   -6.268289    -4.175343     0.820124            6      0
   -7.361164    -4.597332     1.550071            6      1
   -6.161120    -4.470126    -0.225943            1      2
   -5.490875    -3.545588     1.265728            1      3
   -7.665042    -4.362584     2.778344            8      4
   -8.077003    -5.239110     0.962010            1      5

# Gridpoints array:
     x           y            z                   Z     indx
   -4.228289    -4.175343     0.820124            6      0
   -6.268289    -2.135343     0.820124            6      0
   -6.268289    -6.215343     0.820124            6      0
   -6.268289    -4.175343    -1.219876            6      0
   -5.090495    -2.997548     1.997918            6      0
   -7.446084    -2.997548     1.997918            6      0
   -5.090495    -5.353137     1.997918            6      0
   -5.090495    -2.997548    -0.357671            6      0
   -7.446084    -2.997548    -0.357671            6      0
   -5.090495    -5.353137    -0.357671            6      0
   -7.446084    -5.353137    -0.357671            6      0
   -5.890653    -3.797707     2.788977            6      0
   -5.890653    -4.552979     2.788977            6      0
   -5.890653    -3.797707    -1.148729            6      0
   -6.645925    -3.797707    -1.148729            6      0
   -5.890653    -4.552979    -1.148729            6      0
   -6.645925    -4.552979    -1.148729            6      0
   -5.890653    -2.206490     1.197760            6      0
   -6.645925    -2.206490     1.197760            6      0
   -5.890653    -6.144196     1.197760            6      0
   -6.645925    -6.144196     1.197760            6      0
   -5.890653    -2.206490     0.442488            6      0
   -6.645925    -2.206490     0.442488            6      0
   -5.890653    -6.144196     0.442488            6      0
   -6.645925    -6.144196     0.442488            6      0
   -4.299436    -3.797707     1.197760            6      0
   -4.299436    -4.552979     1.197760            6      0
   -4.299436    -3.797707     0.442488            6      0
   -8.237142    -3.797707     0.442488            6      0
   -4.299436    -4.552979     0.442488            6      0
   -4.859830    -2.766884     1.260677            6      0
   -7.676748    -2.766884     1.260677            6      0
   -4.859830    -5.583802     1.260677            6      0
   -4.859830    -2.766884     0.379571            6      0
   -7.676748    -2.766884     0.379571            6      0
   -4.859830    -5.583802     0.379571            6      0
   -4.859830    -3.734790     2.228583            6      0
   -4.859830    -4.615896     2.228583            6      0
   -4.859830    -3.734790    -0.588335            6      0
   -7.676748    -3.734790    -0.588335            6      0
   -4.859830    -4.615896    -0.588335            6      0
   -7.676748    -4.615896    -0.588335            6      0
   -5.827736    -2.766884     2.228583            6      0
   -6.708842    -2.766884     2.228583            6      0
   -5.827736    -5.583802     2.228583            6      0
   -5.827736    -2.766884    -0.588335            6      0
   -6.708842    -2.766884    -0.588335            6      0
   -5.827736    -5.583802    -0.588335            6      0
   -6.708842    -5.583802    -0.588335            6      0
   -5.461083    -3.368136     2.510814            6      0
   -5.461083    -4.982549     2.510814            6      0
   -5.461083    -3.368136    -0.870567            6      0
   -7.075496    -3.368136    -0.870567            6      0
   -5.461083    -4.982549    -0.870567            6      0
   -7.075496    -4.982549    -0.870567            6      0
   -5.461083    -2.484652     1.627330            6      0
   -7.075496    -2.484652     1.627330            6      0
   -5.461083    -5.866034     1.627330            6      0
   -5.461083    -2.484652     0.012917            6      0
   -7.075496    -2.484652     0.012917            6      0
   -5.461083    -5.866034     0.012917            6      0
   -7.075496    -5.866034     0.012917            6      0
   -4.577598    -3.368136     1.627330            6      0
   -4.577598    -4.982549     1.627330            6      0
   -4.577598    -3.368136     0.012917            6      0
   -7.958980    -3.368136     0.012917            6      0
   -4.577598    -4.982549     0.012917            6      0
   -7.958980    -4.982549     0.012917            6      0
   -5.292416    -2.383899     0.820124            6      0
   -7.244162    -2.383899     0.820124            6      0
   -5.292416    -5.966787     0.820124            6      0
   -4.476845    -3.199470     0.820124            6      0
   -8.059733    -3.199470     0.820124            6      0
   -4.476845    -5.151216     0.820124            6      0
   -5.292416    -4.175343     2.611568            6      0
   -5.292416    -4.175343    -0.971321            6      0
   -7.244162    -4.175343    -0.971321            6      0
   -4.476845    -4.175343     1.795996            6      0
   -4.476845    -4.175343    -0.155749            6      0
   -8.059733    -4.175343    -0.155749            6      0
   -6.268289    -3.199470     2.611568            6      0
   -6.268289    -5.151216     2.611568            6      0
   -6.268289    -3.199470    -0.971321            6      0
   -6.268289    -5.151216    -0.971321            6      0
   -6.268289    -2.383899     1.795996            6      0
   -6.268289    -5.966787     1.795996            6      0
   -6.268289    -2.383899    -0.155749            6      0
   -6.268289    -5.966787    -0.155749            6      0
   -9.401164    -4.597332     1.550071            6      1
   -7.361164    -2.557332     1.550071            6      1
   -7.361164    -6.637332     1.550071            6      1
   -7.361164    -4.597332    -0.489929            6      1
   -6.183369    -3.419538     2.727865            6      1
   -6.183369    -5.775127     2.727865            6      1
   -8.538958    -5.775127     2.727865            6      1
   -8.538958    -3.419538     0.372276            6      1
   -6.183369    -5.775127     0.372276            6      1
   -8.538958    -5.775127     0.372276            6      1
   -7.738800    -4.219697    -0.418782            6      1
   -7.738800    -4.974968    -0.418782            6      1
   -6.983528    -2.628479     1.927707            6      1
   -7.738800    -2.628479     1.927707            6      1
   -6.983528    -6.566186     1.927707            6      1
   -7.738800    -6.566186     1.927707            6      1
   -6.983528    -2.628479     1.172435            6      1
   -7.738800    -2.628479     1.172435            6      1
   -6.983528    -6.566186     1.172435            6      1
   -7.738800    -6.566186     1.172435            6      1
   -9.330017    -4.219697     1.927707            6      1
   -5.392311    -4.974968     1.927707            6      1
   -9.330017    -4.974968     1.927707            6      1
   -9.330017    -4.219697     1.172435            6      1
   -9.330017    -4.974968     1.172435            6      1
   -8.769623    -3.188874     1.990624            6      1
   -5.952705    -6.005791     1.990624            6      1
   -8.769623    -6.005791     1.990624            6      1
   -8.769623    -3.188874     1.109518            6      1
   -5.952705    -6.005791     1.109518            6      1
   -8.769623    -6.005791     1.109518            6      1
   -5.952705    -4.156780     2.958530            6      1
   -5.952705    -5.037885     2.958530            6      1
   -8.769623    -5.037885     2.958530            6      1
   -8.769623    -4.156780     0.141612            6      1
   -8.769623    -5.037885     0.141612            6      1
   -6.920611    -3.188874     2.958530            6      1
   -6.920611    -6.005791     2.958530            6      1
   -7.801717    -6.005791     2.958530            6      1
   -7.801717    -3.188874     0.141612            6      1
   -6.920611    -6.005791     0.141612            6      1
   -7.801717    -6.005791     0.141612            6      1
   -6.553957    -3.790126     3.240761            6      1
   -6.553957    -5.404539     3.240761            6      1
   -8.168370    -3.790126    -0.140620            6      1
   -8.168370    -5.404539    -0.140620            6      1
   -6.553957    -2.906642     2.357277            6      1
   -8.168370    -2.906642     2.357277            6      1
   -6.553957    -6.288023     2.357277            6      1
   -8.168370    -6.288023     2.357277            6      1
   -8.168370    -2.906642     0.742864            6      1
   -6.553957    -6.288023     0.742864            6      1
   -8.168370    -6.288023     0.742864            6      1
   -5.670473    -3.790126     2.357277            6      1
   -9.051855    -3.790126     2.357277            6      1
   -5.670473    -5.404539     2.357277            6      1
   -9.051855    -5.404539     2.357277            6      1
   -9.051855    -3.790126     0.742864            6      1
   -9.051855    -5.404539     0.742864            6      1
   -6.385291    -2.805888     1.550071            6      1
   -8.337037    -2.805888     1.550071            6      1
   -6.385291    -6.388777     1.550071            6      1
   -8.337037    -6.388777     1.550071            6      1
   -9.152608    -3.621460     1.550071            6      1
   -5.569720    -5.573205     1.550071            6      1
   -9.152608    -5.573205     1.550071            6      1
   -6.385291    -4.597332     3.341515            6      1
   -8.337037    -4.597332    -0.241373            6      1
   -5.569720    -4.597332     2.525944            6      1
   -9.152608    -4.597332     2.525944            6      1
   -9.152608    -4.597332     0.574198            6      1
   -7.361164    -5.573205     3.341515            6      1
   -7.361164    -3.621460    -0.241373            6      1
   -7.361164    -5.573205    -0.241373            6      1
   -7.361164    -2.805888     2.525944            6      1
   -7.361164    -6.388777     2.525944            6      1
   -7.361164    -2.805888     0.574198            6      1
   -7.361164    -6.388777     0.574198            6      1
   -6.161120    -5.790126    -0.225943            1      2
   -6.161120    -4.470126    -1.545943            1      2
   -5.399018    -3.708023    -0.988046            1      2
   -6.923223    -3.708023    -0.988046            1      2
   -5.399018    -5.232228    -0.988046            1      2
   -6.923223    -5.232228    -0.988046            1      2
   -5.916768    -4.225773    -1.499907            1      2
   -6.405473    -4.225773    -1.499907            1      2
   -5.916768    -4.714478    -1.499907            1      2
   -6.405473    -4.714478    -1.499907            1      2
   -5.916768    -5.744089     0.018409            1      2
   -6.405473    -5.744089     0.018409            1      2
   -5.916768    -5.744089    -0.470296            1      2
   -6.405473    -5.744089    -0.470296            1      2
   -4.887157    -4.225773    -0.470296            1      2
   -7.435084    -4.225773    -0.470296            1      2
   -4.887157    -4.714478    -0.470296            1      2
   -7.435084    -4.714478    -0.470296            1      2
   -5.249765    -5.381481     0.059120            1      2
   -5.249765    -3.558770    -0.511007            1      2
   -5.249765    -5.381481    -0.511007            1      2
   -7.072476    -5.381481    -0.511007            1      2
   -5.249765    -4.185062    -1.137299            1      2
   -7.072476    -4.185062    -1.137299            1      2
   -5.249765    -4.755189    -1.137299            1      2
   -7.072476    -4.755189    -1.137299            1      2
   -5.876057    -3.558770    -1.137299            1      2
   -6.446184    -3.558770    -1.137299            1      2
   -5.876057    -5.381481    -1.137299            1      2
   -6.446184    -5.381481    -1.137299            1      2
   -5.638810    -3.947816    -1.319920            1      2
   -6.683431    -3.947816    -1.319920            1      2
   -5.638810    -4.992436    -1.319920            1      2
   -6.683431    -4.992436    -1.319920            1      2
   -5.638810    -3.376149    -0.748253            1      2
   -6.683431    -3.376149    -0.748253            1      2
   -5.638810    -5.564102    -0.748253            1      2
   -6.683431    -5.564102    -0.748253            1      2
   -5.067144    -3.947816    -0.748253            1      2
   -7.255097    -3.947816    -0.748253            1      2
   -5.067144    -4.992436    -0.748253            1      2
   -7.255097    -4.992436    -0.748253            1      2
   -5.529673    -5.629295    -0.225943            1      2
   -6.792568    -5.629295    -0.225943            1      2
   -5.001951    -5.101573    -0.225943            1      2
   -5.529673    -4.470126    -1.385113            1      2
   -6.792568    -4.470126    -1.385113            1      2
   -5.001951    -4.470126    -0.857391            1      2
   -7.320290    -4.470126    -0.857391            1      2
   -6.161120    -3.838679    -1.385113            1      2
   -6.161120    -5.101573    -1.385113            1      2
   -6.161120    -3.310956    -0.857391            1      2
   -6.161120    -5.629295    -0.857391            1      2
   -4.170875    -3.545588     1.265728            1      3
   -5.490875    -2.225588     1.265728            1      3
   -5.490875    -3.545588     2.585728            1      3
   -4.728773    -2.783486     2.027830            1      3
   -6.252978    -2.783486     2.027830            1      3
   -4.728773    -4.307691     2.027830            1      3
   -4.728773    -2.783486     0.503625            1      3
   -5.246523    -3.301236     2.539692            1      3
   -5.735228    -3.301236     2.539692            1      3
   -5.246523    -3.789941     2.539692            1      3
   -5.735228    -3.789941     2.539692            1      3
   -5.246523    -2.271625     1.510080            1      3
   -5.735228    -2.271625     1.510080            1      3
   -5.246523    -2.271625     1.021375            1      3
   -5.735228    -2.271625     1.021375            1      3
   -4.216911    -3.301236     1.510080            1      3
   -4.216911    -3.789941     1.510080            1      3
   -4.216911    -3.301236     1.021375            1      3
   -4.216911    -3.789941     1.021375            1      3
   -4.579519    -2.634232     1.550791            1      3
   -6.402231    -2.634232     1.550791            1      3
   -4.579519    -4.456944     1.550791            1      3
   -4.579519    -2.634232     0.980664            1      3
   -4.579519    -4.456944     0.980664            1      3
   -4.579519    -3.260525     2.177084            1      3
   -4.579519    -3.830652     2.177084            1      3
   -4.579519    -3.260525     0.354372            1      3
   -4.579519    -3.830652     0.354372            1      3
   -5.205812    -2.634232     2.177084            1      3
   -5.775939    -2.634232     2.177084            1      3
   -5.205812    -4.456944     2.177084            1      3
   -5.205812    -2.634232     0.354372            1      3
   -4.968565    -3.023278     2.359704            1      3
   -6.013185    -3.023278     2.359704            1      3
   -4.968565    -4.067898     2.359704            1      3
   -4.968565    -3.023278     0.171751            1      3
   -4.968565    -2.451612     1.788038            1      3
   -6.013185    -2.451612     1.788038            1      3
   -4.968565    -2.451612     0.743418            1      3
   -6.013185    -2.451612     0.743418            1      3
   -4.396899    -3.023278     1.788038            1      3
   -4.396899    -4.067898     1.788038            1      3
   -4.396899    -3.023278     0.743418            1      3
   -4.396899    -4.067898     0.743418            1      3
   -4.859428    -2.386418     1.265728            1      3
   -6.122322    -2.386418     1.265728            1      3
   -4.331705    -2.914141     1.265728            1      3
   -4.331705    -4.177035     1.265728            1      3
   -4.859428    -3.545588     2.424898            1      3
   -4.859428    -3.545588     0.106558            1      3
   -4.331705    -3.545588     1.897175            1      3
   -4.331705    -3.545588     0.634281            1      3
   -5.490875    -2.914141     2.424898            1      3
   -5.490875    -4.177035     2.424898            1      3
   -5.490875    -2.386418     1.897175            1      3
   -5.490875    -2.386418     0.634281            1      3
   -5.841042    -4.362584     2.778344            8      4
   -9.489042    -4.362584     2.778344            8      4
   -7.665042    -2.538584     2.778344            8      4
   -7.665042    -6.186584     2.778344            8      4
   -7.665042    -4.362584     4.602344            8      4
   -6.611955    -3.309497     3.831431            8      4
   -8.718129    -3.309497     3.831431            8      4
   -6.611955    -5.415671     3.831431            8      4
   -8.718129    -5.415671     3.831431            8      4
   -8.718129    -3.309497     1.725257            8      4
   -7.327391    -4.024933     4.538730            8      4
   -8.002693    -4.024933     4.538730            8      4
   -7.327391    -4.700235     4.538730            8      4
   -8.002693    -4.700235     4.538730            8      4
   -7.327391    -2.602198     3.115995            8      4
   -8.002693    -2.602198     3.115995            8      4
   -7.327391    -6.122971     3.115995            8      4
   -8.002693    -6.122971     3.115995            8      4
   -7.327391    -2.602198     2.440693            8      4
   -8.002693    -2.602198     2.440693            8      4
   -7.327391    -6.122971     2.440693            8      4
   -8.002693    -6.122971     2.440693            8      4
   -5.904655    -4.024933     3.115995            8      4
   -9.425428    -4.024933     3.115995            8      4
   -5.904655    -4.700235     3.115995            8      4
   -9.425428    -4.700235     3.115995            8      4
   -9.425428    -4.024933     2.440693            8      4
   -9.425428    -4.700235     2.440693            8      4
   -6.405714    -3.103256     3.172250            8      4
   -8.924370    -3.103256     3.172250            8      4
   -6.405714    -5.621912     3.172250            8      4
   -8.924370    -5.621912     3.172250            8      4
   -6.405714    -3.103256     2.384438            8      4
   -8.924370    -3.103256     2.384438            8      4
   -6.405714    -5.621912     2.384438            8      4
   -8.924370    -5.621912     2.384438            8      4
   -6.405714    -3.968678     4.037672            8      4
   -8.924370    -3.968678     4.037672            8      4
   -6.405714    -4.756490     4.037672            8      4
   -8.924370    -4.756490     4.037672            8      4
   -8.924370    -3.968678     1.519016            8      4
   -7.271136    -3.103256     4.037672            8      4
   -8.058948    -3.103256     4.037672            8      4
   -7.271136    -5.621912     4.037672            8      4
   -8.058948    -5.621912     4.037672            8      4
   -8.058948    -3.103256     1.519016            8      4
   -6.943304    -3.640847     4.290020            8      4
   -8.386779    -3.640847     4.290020            8      4
   -6.943304    -5.084322     4.290020            8      4
   -8.386779    -5.084322     4.290020            8      4
   -6.943304    -2.850908     3.500082            8      4
   -8.386779    -2.850908     3.500082            8      4
   -6.943304    -5.874261     3.500082            8      4
   -8.386779    -5.874261     3.500082            8      4
   -6.943304    -2.850908     2.056606            8      4
   -8.386779    -2.850908     2.056606            8      4
   -8.386779    -5.874261     2.056606            8      4
   -6.153365    -3.640847     3.500082            8      4
   -9.176718    -3.640847     3.500082            8      4
   -6.153365    -5.084322     3.500082            8      4
   -9.176718    -5.084322     3.500082            8      4
   -9.176718    -3.640847     2.056606            8      4
   -9.176718    -5.084322     2.056606            8      4
   -6.792497    -2.760823     2.778344            8      4
   -8.537587    -2.760823     2.778344            8      4
   -6.792497    -5.964346     2.778344            8      4
   -8.537587    -5.964346     2.778344            8      4
   -6.063280    -3.490039     2.778344            8      4
   -9.266804    -3.490039     2.778344            8      4
   -6.063280    -5.235130     2.778344            8      4
   -9.266804    -5.235130     2.778344            8      4
   -6.792497    -4.362584     4.380106            8      4
   -8.537587    -4.362584     4.380106            8      4
   -6.063280    -4.362584     3.650889            8      4
   -9.266804    -4.362584     3.650889            8      4
   -9.266804    -4.362584     1.905799            8      4
   -7.665042    -3.490039     4.380106            8      4
   -7.665042    -5.235130     4.380106            8      4
   -7.665042    -2.760823     3.650889            8      4
   -7.665042    -5.964346     3.650889            8      4
   -7.665042    -2.760823     1.905799            8      4
   -9.397003    -5.239110     0.962010            1      5
   -8.077003    -6.559110     0.962010            1      5
   -8.077003    -5.239110    -0.357990            1      5
   -8.839105    -6.001213     1.724113            1      5
   -8.839105    -4.477008     0.199908            1      5
   -7.314901    -6.001213     0.199908            1      5
   -8.839105    -6.001213     0.199908            1      5
   -7.832650    -4.994758    -0.311953            1      5
   -8.321356    -4.994758    -0.311953            1      5
   -7.832650    -5.483463    -0.311953            1      5
   -8.321356    -5.483463    -0.311953            1      5
   -7.832650    -6.513074     1.206363            1      5
   -8.321356    -6.513074     1.206363            1      5
   -7.832650    -6.513074     0.717658            1      5
   -8.321356    -6.513074     0.717658            1      5
   -9.350967    -4.994758     1.206363            1      5
   -9.350967    -5.483463     1.206363            1      5
   -9.350967    -4.994758     0.717658            1      5
   -9.350967    -5.483463     0.717658            1      5
   -8.988359    -6.150466     1.247074            1      5
   -8.988359    -4.327755     0.676947            1      5
   -7.165647    -6.150466     0.676947            1      5
   -8.988359    -6.150466     0.676947            1      5
   -8.988359    -5.524174     1.873366            1      5
   -8.988359    -4.954047     0.050655            1      5
   -8.988359    -5.524174     0.050655            1      5
   -8.362067    -6.150466     1.873366            1      5
   -8.362067    -4.327755     0.050655            1      5
   -7.791939    -6.150466     0.050655            1      5
   -8.362067    -6.150466     0.050655            1      5
   -8.599313    -5.761421     2.055987            1      5
   -8.599313    -4.716800    -0.131966            1      5
   -7.554693    -5.761421    -0.131966            1      5
   -8.599313    -5.761421    -0.131966            1      5
   -7.554693    -6.333087     1.484320            1      5
   -8.599313    -6.333087     1.484320            1      5
   -8.599313    -4.145134     0.439700            1      5
   -7.554693    -6.333087     0.439700            1      5
   -8.599313    -6.333087     0.439700            1      5
   -9.170979    -4.716800     1.484320            1      5
   -9.170979    -5.761421     1.484320            1      5
   -9.170979    -4.716800     0.439700            1      5
   -9.170979    -5.761421     0.439700            1      5
   -7.445556    -6.398280     0.962010            1      5
   -8.708450    -6.398280     0.962010            1      5
   -9.236173    -4.607663     0.962010            1      5
   -9.236173    -5.870558     0.962010            1      5
   -7.445556    -5.239110    -0.197159            1      5
   -8.708450    -5.239110    -0.197159            1      5
   -9.236173    -5.239110     1.593457            1      5
   -9.236173    -5.239110     0.330563            1      5
   -8.077003    -4.607663    -0.197159            1      5
   -8.077003    -5.870558    -0.197159            1      5
   -8.077003    -6.398280     1.593457            1      5
   -8.077003    -6.398280     0.330563            1      5
