$hessian                                                                        
        0.4235136632  -0.0125031942  -0.0040302210  -0.1349228263   0.0904561907
       -0.0085760408  -0.0716155012  -0.0519214021  -0.0163450413  -0.1591660234
       -0.0336922454   0.0735676249  -0.0513202806   0.0099583319  -0.0324763260
       -0.0064890316  -0.0022976808  -0.0121399958
       -0.0125031942   0.4209303986  -0.0374412173   0.0850365093  -0.1189390449
        0.0147107744  -0.0552520804  -0.2093050776  -0.0376084859  -0.0283416885
       -0.0492563479   0.0248562308   0.0098590468  -0.0543578653   0.0448215991
        0.0012014071   0.0109279370  -0.0093389011
       -0.0040302210  -0.0374412173   0.4520069525  -0.0112106282   0.0141063445
       -0.0451614626  -0.0129418248  -0.0256663068  -0.0724450936   0.0762829667
        0.0257151951  -0.0906093235  -0.0323842383   0.0451928071  -0.2073676128
       -0.0157160544  -0.0219068227  -0.0364234601
       -0.1349228263   0.0850365093  -0.0112106282   0.1560073040  -0.1079971485
        0.0090003410   0.0148578161  -0.0021628246   0.0021520810  -0.0305011546
        0.0200033130   0.0006613009  -0.0066003813   0.0059864563  -0.0023125343
        0.0011592420  -0.0008663054   0.0017094395
        0.0904561907  -0.1189390449   0.0141063445  -0.1079971485   0.1729522581
       -0.0088121902   0.0109563118  -0.0573805334  -0.0081730539  -0.0000346671
        0.0042976931  -0.0000790857   0.0087669254  -0.0066495444   0.0043740857
       -0.0021476123   0.0057191716  -0.0014161004
       -0.0085760408   0.0147107744  -0.0451614626   0.0090003410  -0.0088121902
        0.0475328835   0.0051482235  -0.0194584460  -0.0000037879   0.0166260285
       -0.0102170730   0.0004952353  -0.0232184282   0.0226502134  -0.0057440735
        0.0010198760   0.0011267214   0.0028812052
       -0.0716155012  -0.0552520804  -0.0129418248   0.0148578161   0.0109563118
        0.0051482235   0.0976411597   0.0846338192   0.0868966629  -0.0182888028
       -0.0379791284  -0.0112277029  -0.0035023551  -0.0073938006  -0.0090568598
       -0.0190923167   0.0050348783  -0.0588184988
       -0.0519214021  -0.2093050776  -0.0256663068  -0.0021628246  -0.0573805334
       -0.0194584460   0.0846338192   0.3412990584   0.0050149049  -0.0316475468
       -0.0323509595  -0.0039529342  -0.0002522261   0.0051227406  -0.0049728763
        0.0013501804  -0.0473852285   0.0490356583
       -0.0163450413  -0.0376084859  -0.0724450936   0.0021520810  -0.0081730539
       -0.0000037879   0.0868966629   0.0050149049   0.3557801800  -0.0012963793
        0.0090934125   0.0081051383  -0.0163602306  -0.0305988278  -0.0262647521
       -0.0550470926   0.0622720502  -0.2651716846
       -0.1591660234  -0.0283416885   0.0762829667  -0.0305011546  -0.0000346671
        0.0166260285  -0.0182888028  -0.0316475468  -0.0012963793   0.2016080740
        0.0555524791  -0.0893886646   0.0036315689   0.0016606608  -0.0005195346
        0.0027163379   0.0028107626  -0.0017044167
       -0.0336922454  -0.0492563479   0.0257151951   0.0200033130   0.0042976931
       -0.0102170730  -0.0379791284  -0.0323509595   0.0090934125   0.0555524791
        0.0760186612  -0.0300020310  -0.0066734456  -0.0018484929   0.0073605710
        0.0027890273   0.0031394460  -0.0019500746
        0.0735676249   0.0248562308  -0.0906093235   0.0006613009  -0.0000790857
        0.0004952353  -0.0112277029  -0.0039529342   0.0081051383  -0.0893886646
       -0.0300020310   0.0988651655   0.0260644896   0.0089934167  -0.0207663959
        0.0003229520   0.0001844034   0.0039101803
       -0.0513202806   0.0098590468  -0.0323842383  -0.0066003813   0.0087669254
       -0.0232184282  -0.0035023551  -0.0002522261  -0.0163602306   0.0036315689
       -0.0066734456   0.0260644896   0.0580794842  -0.0079784584   0.0483800427
       -0.0002880361  -0.0037218421  -0.0024816352
        0.0099583319  -0.0543578653   0.0451928071   0.0059864563  -0.0066495444
        0.0226502134  -0.0073938006   0.0051227406  -0.0305988278   0.0016606608
       -0.0018484929   0.0089934167  -0.0079784584   0.0609211344  -0.0429823307
       -0.0022331900  -0.0031879724  -0.0032552787
       -0.0324763260   0.0448215991  -0.2073676128  -0.0023125343   0.0043740857
       -0.0057440735  -0.0090568598  -0.0049728763  -0.0262647521  -0.0005195346
        0.0073605710  -0.0207663959   0.0483800427  -0.0429823307   0.2642657440
       -0.0040147880  -0.0086010489  -0.0041229098
       -0.0064890316   0.0012014071  -0.0157160544   0.0011592420  -0.0021476123
        0.0010198760  -0.0190923167   0.0013501804  -0.0550470926   0.0027163379
        0.0027890273   0.0003229520  -0.0002880361  -0.0022331900  -0.0040147880
        0.0219938046  -0.0009598126   0.0734351070
       -0.0022976808   0.0109279370  -0.0219068227  -0.0008663054   0.0057191716
        0.0011267214   0.0050348783  -0.0473852285   0.0622720502   0.0028107626
        0.0031394460   0.0001844034  -0.0037218421  -0.0031879724  -0.0086010489
       -0.0009598126   0.0307866462  -0.0330753035
       -0.0121399958  -0.0093389011  -0.0364234601   0.0017094395  -0.0014161004
        0.0028812052  -0.0588184988   0.0490356583  -0.2651716846  -0.0017044167
       -0.0019500746   0.0039101803  -0.0024816352  -0.0032552787  -0.0041229098
        0.0734351070  -0.0330753035   0.2989266689
