$hessian                                                                        
        0.3277311667   0.1504265079  -0.2281859551  -0.0621683916  -0.0556467395
       -0.0053632412  -0.1212632643  -0.1027414091   0.0679361434   0.0016086312
        0.0007819275   0.0002607966   0.0001609558  -0.0176103132  -0.0097390217
        0.0005787585   0.0144688099   0.0089458540  -0.0041539149   0.0109156944
        0.0059053083   0.0025245299  -0.0048449492   0.0041467193  -0.0268423535
       -0.0202722783   0.0253341891  -0.0000337193  -0.0017941033  -0.0005319761
       -0.1206783300   0.0338460621   0.1302068961   0.0005002990  -0.0009616379
       -0.0014347784  -0.0006309865  -0.0015993604  -0.0013070774   0.0002118908
       -0.0005348712  -0.0002580462   0.0024547283  -0.0044333396   0.0040841893
        0.1504265079   0.5775237266   0.1116007304  -0.0183908268  -0.2745770597
       -0.1268254772  -0.1028237109  -0.1469947570   0.0593217825   0.0115355731
       -0.0113667752  -0.0239821085  -0.0434205349  -0.0533865484   0.0236476028
        0.0000902149  -0.0069799818  -0.0048649853   0.0111444920  -0.0212041369
       -0.0255780118  -0.0041929032  -0.0002446040   0.0005319756   0.0048428521
        0.0287888117   0.0111434741  -0.0017671387   0.0022426678   0.0034957447
       -0.0046441391  -0.0881246692  -0.0241867651   0.0014284074   0.0005648592
       -0.0015241442   0.0004019243  -0.0023289500  -0.0019172840   0.0003555261
       -0.0030152010  -0.0021339927  -0.0049862440  -0.0008973822   0.0012714588
       -0.2281859551   0.1116007304   0.4707191029   0.0187347231  -0.0761713716
       -0.1143024085   0.0678706238   0.0591954540  -0.0764835263   0.0072099070
       -0.0093336538  -0.0144118039  -0.0264420420  -0.0114299491   0.0299018765
       -0.0003208522  -0.0243721033  -0.0150078168   0.0060746192  -0.0252570768
       -0.0296062689   0.0045301255   0.0013503840   0.0025543883   0.0415592399
        0.0452232487  -0.0258128049  -0.0005098811   0.0035679016   0.0034500517
        0.1053404223  -0.0764792971  -0.2336405135   0.0001150774   0.0017361290
        0.0008698528   0.0004500580  -0.0008062782  -0.0004628091  -0.0001777694
        0.0006294631  -0.0006199176   0.0037517036   0.0005464191   0.0028525972
       -0.0621683916  -0.0183908268   0.0187347231   0.3493699546   0.1654879052
       -0.2206672423  -0.0055645251  -0.0187766659  -0.0080301660   0.0022455671
       -0.0008284677   0.0049510444  -0.1660945793  -0.1508368393   0.0793522670
       -0.0959612029   0.0208924914   0.0991513451  -0.0244482413   0.0071505721
        0.0311996964  -0.0040445989  -0.0030973269   0.0008470084  -0.0084355898
       -0.0135671011   0.0005985489   0.0032290823  -0.0015720806   0.0023295422
        0.0116313583   0.0143202624  -0.0080431748  -0.0001284926  -0.0002372686
        0.0000565362  -0.0000481026   0.0009204606   0.0007340861   0.0002668511
       -0.0008135583  -0.0004507710   0.0001509108  -0.0006515564  -0.0007634437
       -0.0556467395  -0.2745770597  -0.0761713716   0.1654879052   0.6031243490
        0.0947912675  -0.0040961777  -0.0228316058  -0.0075778794  -0.0013549396
        0.0006772804  -0.0017236037  -0.1158057258  -0.2146713424   0.0419522009
        0.0217059671  -0.0557419503  -0.0441522684  -0.0153888092   0.0362375754
        0.0474148226  -0.0178716502  -0.0248033023   0.0094034826  -0.0202534460
       -0.0366010315   0.0048560784   0.0023909652  -0.0020422347  -0.0081094414
        0.0414653372  -0.0065498373  -0.0598593410   0.0000129359   0.0001411524
        0.0000760551  -0.0001337314  -0.0011174281  -0.0006340794  -0.0002516878
       -0.0002606524  -0.0000957455  -0.0002602033  -0.0009839128  -0.0001701765
       -0.0053632412  -0.1268254772  -0.1143024085  -0.2206672423   0.0947912675
        0.4696132969   0.0014760338   0.0124117384   0.0034803636   0.0045841579
       -0.0025021592  -0.0015888457   0.1019944109   0.0895781243  -0.1167676887
        0.0996486727  -0.0431172849  -0.1963108190   0.0166719489   0.0168560575
       -0.0166461972  -0.0086654260  -0.0105754026   0.0030041974  -0.0037213879
       -0.0042016463   0.0007688971   0.0048362555  -0.0028521257  -0.0027468317
        0.0095132341  -0.0229840579  -0.0288693894   0.0002131641   0.0004025392
       -0.0000071814   0.0000729101  -0.0000981458   0.0003399775  -0.0000690643
       -0.0012018789  -0.0007907094  -0.0005244264   0.0003184516   0.0008233383
       -0.1212632643  -0.1028237109   0.0678706238  -0.0055645251  -0.0040961777
        0.0014760338   0.1358231147   0.1196484494  -0.0807751445  -0.0008572091
       -0.0001926139  -0.0017052851   0.0037227097  -0.0020547330   0.0014087790
       -0.0006286489   0.0012597191  -0.0016791024   0.0009474322   0.0009558065
       -0.0003034894   0.0004374832  -0.0007575317   0.0005075234   0.0018880325
        0.0000269656   0.0048846038  -0.0010324197  -0.0001316786  -0.0003550969
       -0.0139247784  -0.0120390518   0.0076394490   0.0005011760   0.0011288581
        0.0001149304   0.0000429502  -0.0001678529  -0.0003860258   0.0000255237
        0.0001534477   0.0000909787  -0.0001175767  -0.0009098961   0.0012112223
       -0.1027414091  -0.1469947570   0.0591954540  -0.0187766659  -0.0228316058
        0.0124117384   0.1196484494   0.1707460045  -0.0649418808   0.0019493167
        0.0009566581  -0.0007290208  -0.0012077687  -0.0033557085  -0.0042304503
        0.0008446035   0.0005529929   0.0008030216   0.0008768568   0.0006545874
       -0.0009341994  -0.0013057170  -0.0013580770   0.0001329378  -0.0007356731
        0.0011944659  -0.0017690119  -0.0001006928  -0.0004728448   0.0006221851
        0.0014626401   0.0001640855  -0.0002060937   0.0003796281   0.0004149814
       -0.0002766871  -0.0000268327   0.0001000530   0.0001252936   0.0000432310
       -0.0000793016  -0.0000503809  -0.0003099664   0.0003084660  -0.0001529056
        0.0679361434   0.0593217825  -0.0764835263  -0.0080301660  -0.0075778794
        0.0034803636  -0.0807751445  -0.0649418808   0.0873823898  -0.0003173503
        0.0021925388  -0.0001704634   0.0019634675  -0.0030666830   0.0010852142
       -0.0019479609   0.0002389845   0.0003358939  -0.0003556519  -0.0010462559
        0.0000683496   0.0001609161  -0.0006088142   0.0005706917   0.0043932650
       -0.0028018432  -0.0023139293  -0.0003340779   0.0006696501  -0.0003427075
        0.0163525663   0.0181377531  -0.0130934636  -0.0003748596  -0.0012998015
       -0.0002873837  -0.0000254177  -0.0001026186   0.0000567861  -0.0002425490
        0.0002252248   0.0002554506   0.0015968196   0.0006598428  -0.0005436658
        0.0016086312   0.0115355731   0.0072099070   0.0022455671  -0.0013549396
        0.0045841579  -0.0008572091   0.0019493167  -0.0003173503   0.4945022787
        0.0047719858  -0.0171123046   0.0000843685  -0.0001240844  -0.0000791461
        0.0000164709   0.0007077452   0.0006049724   0.0028908709  -0.0026347490
        0.0050341071  -0.0007783892   0.0004304652  -0.0006763012  -0.0032058601
       -0.0187969664  -0.0065826290  -0.0011793841  -0.0013040114  -0.0006283006
       -0.0631168028  -0.0148512149  -0.0037266724  -0.1406000491  -0.0824907699
        0.0759742388  -0.0688038844   0.0071436378  -0.0709071487  -0.2216034167
        0.0946683755   0.0087561155  -0.0012031918   0.0003496363  -0.0021336457
        0.0007819275  -0.0113667752  -0.0093336538  -0.0008284677   0.0006772804
       -0.0025021592  -0.0001926139   0.0009566581   0.0021925388   0.0047719858
        0.4532461868  -0.0234717938   0.0005947958   0.0000105775  -0.0008519225
       -0.0000694591  -0.0004733451  -0.0003031053  -0.0042175582   0.0024645262
        0.0022648363   0.0004361242  -0.0001059316   0.0003147662  -0.0090835970
       -0.0300936633  -0.0076732077  -0.0004050463  -0.0022578832  -0.0002637030
       -0.0110145394  -0.1696688801  -0.0566351472  -0.0815103671  -0.1133564201
        0.0663761008   0.0091273771  -0.0425453125   0.0310685136   0.0898606411
       -0.0880193106  -0.0010460050   0.0017487972   0.0005322928  -0.0001360582
        0.0002607966  -0.0239821085  -0.0144118039   0.0049510444  -0.0017236037
       -0.0015888457  -0.0017052851  -0.0007290208  -0.0001704634  -0.0171123046
       -0.0234717938   0.4877649159   0.0003746427   0.0000937065  -0.0003590857
        0.0001054669  -0.0013548858  -0.0008910595   0.0039893841   0.0000976332
        0.0024799002  -0.0006727187   0.0003071756  -0.0003571274  -0.0002981581
        0.0055445173   0.0048590014  -0.0000385988   0.0009792892  -0.0003418627
       -0.0012609547  -0.0514718794  -0.0903304775   0.0766033178   0.0676988315
       -0.1052354252  -0.0699963561   0.0258236094  -0.2398160813   0.0060307705
        0.0004214233  -0.0414759109  -0.0012310468   0.0017671059  -0.0001256743
        0.0001609558  -0.0434205349  -0.0264420420  -0.1660945793  -0.1158057258
        0.1019944109   0.0037227097  -0.0012077687   0.0019634675   0.0000843685
        0.0005947958   0.0003746427   0.3449305513   0.1900292546  -0.2200607537
       -0.0122153609  -0.0113126818   0.0115989533  -0.1037883338  -0.0069606360
        0.0635357782  -0.0384399739  -0.0254015804  -0.0025186531   0.0126108372
        0.0324153866   0.0025146149  -0.0253820282  -0.0126360169   0.0431572613
       -0.0203758068  -0.0044978556   0.0217631039   0.0000503193   0.0001403563
       -0.0000062527   0.0001187245   0.0002925986   0.0000396631   0.0002528109
        0.0001590649  -0.0000520090   0.0043648059  -0.0023886567   0.0021378146
       -0.0176103132  -0.0533865484  -0.0114299491  -0.1508368393  -0.2146713424
        0.0895781243  -0.0020547330  -0.0033557085  -0.0030666830  -0.0001240844
        0.0000105775   0.0000937065   0.1900292546   0.5924461682   0.0646418805
        0.0025459870   0.0039473386  -0.0020332849   0.0264299398  -0.0905079736
       -0.0596305833  -0.0254811056  -0.2315515737  -0.0967409021   0.0166088729
       -0.0013858751  -0.0228868156  -0.0269706985   0.0037303415   0.0310265907
       -0.0106909530  -0.0019695968   0.0146992307   0.0001503706   0.0002965549
       -0.0000045799   0.0001882599   0.0002354128   0.0001931489  -0.0001260086
        0.0003946037   0.0000774248  -0.0020579492  -0.0042323788  -0.0045173085
       -0.0097390217   0.0236476028   0.0299018765   0.0793522670   0.0419522009
       -0.1167676887   0.0014087790  -0.0042304503   0.0010852142  -0.0000791461
       -0.0008519225  -0.0003590857  -0.2200607537   0.0646418805   0.4335910543
        0.0205819559   0.0168233441  -0.0153756373   0.0850048496  -0.0143779851
       -0.1785987541  -0.0025924372  -0.0968610609  -0.0873255442  -0.0076886892
       -0.0443342086  -0.0191398719   0.0339842093   0.0116401712  -0.0262645687
        0.0177622276   0.0062851550  -0.0222963864   0.0000041682   0.0000142065
       -0.0000156874  -0.0000257785  -0.0001723207   0.0003033791  -0.0002700197
       -0.0001161974   0.0000127983   0.0023573896  -0.0040604154   0.0012489020
        0.0005787585   0.0000902149  -0.0003208522  -0.0959612029   0.0217059671
        0.0996486727  -0.0006286489   0.0008446035  -0.0019479609   0.0000164709
       -0.0000694591   0.0001054669  -0.0122153609   0.0025459870   0.0205819559
        0.1035064727  -0.0194686993  -0.1213232261   0.0050368911  -0.0052888979
        0.0023383494  -0.0015270641   0.0013494260  -0.0020563073   0.0004223512
       -0.0000577362  -0.0003327505  -0.0025140401  -0.0005256049   0.0016362775
        0.0041720823  -0.0019008093   0.0022015166   0.0000779455   0.0001365564
       -0.0000462715   0.0000545264   0.0000888783   0.0000987823  -0.0000448313
        0.0000022248   0.0000127089  -0.0009743504   0.0005473485  -0.0005963616
        0.0144688099  -0.0069799818  -0.0243721033   0.0208924914  -0.0557419503
       -0.0431172849   0.0012597191   0.0005529929   0.0002389845   0.0007077452
       -0.0004733451  -0.0013548858  -0.0113126818   0.0039473386   0.0168233441
       -0.0194686993   0.0638896361   0.0525532099  -0.0042507924  -0.0014839523
       -0.0011661346   0.0008104642   0.0006965647   0.0017330228  -0.0004545839
        0.0000084169   0.0004899147  -0.0005007909   0.0000858335   0.0014153928
       -0.0026520409  -0.0040279142  -0.0033236552   0.0000589869   0.0001425840
        0.0000254266  -0.0000348341  -0.0002369952  -0.0001525098   0.0000049010
       -0.0001964377  -0.0001118860   0.0004713058  -0.0001827901   0.0003191643
        0.0089458540  -0.0048649853  -0.0150078168   0.0991513451  -0.0441522684
       -0.1963108190  -0.0016791024   0.0008030216   0.0003358939   0.0006049724
       -0.0003031053  -0.0008910595   0.0115989533  -0.0020332849  -0.0153756373
       -0.1213232261   0.0525532099   0.2224175573   0.0030522379   0.0003082392
        0.0053040401  -0.0023999199   0.0009877431   0.0002380064  -0.0005852221
       -0.0000629709   0.0009725063   0.0016114843   0.0014058942  -0.0023408157
        0.0017313014  -0.0043455909   0.0015283715  -0.0000947591  -0.0000787649
        0.0000590115  -0.0000271805  -0.0001474857  -0.0001660884   0.0000619027
       -0.0002866688  -0.0001067656  -0.0006486411   0.0002170171  -0.0006563847
       -0.0041539149   0.0111444920   0.0060746192  -0.0244482413  -0.0153888092
        0.0166719489   0.0009474322   0.0008768568  -0.0003556519   0.0028908709
       -0.0042175582   0.0039893841  -0.1037883338   0.0264299398   0.0850048496
        0.0050368911  -0.0042507924   0.0030522379   0.4151953023   0.2085628799
       -0.2179334193   0.0030975015  -0.0033325666  -0.0038792881  -0.0674302912
       -0.0366965934  -0.0029993758  -0.2277382833  -0.1851605619   0.1146300200
       -0.0003072248  -0.0129940703  -0.0163861628   0.0001681126  -0.0006332185
       -0.0002420249   0.0000903344   0.0008530278   0.0010991742  -0.0003921147
       -0.0001856969  -0.0001508551   0.0008319590   0.0149926710   0.0114245439
        0.0109156944  -0.0212041369  -0.0252570768   0.0071505721   0.0362375754
        0.0168560575   0.0009558065   0.0006545874  -0.0010462559  -0.0026347490
        0.0024645262   0.0000976332  -0.0069606360  -0.0905079736  -0.0143779851
       -0.0052888979  -0.0014839523   0.0003082392   0.2085628799   0.5946156412
       -0.0000278379   0.0130293179  -0.0113413553  -0.0262964171  -0.0036366636
       -0.1989959780  -0.0899294014  -0.1849622110  -0.2673709214   0.1146638719
       -0.0362772228  -0.0403180232   0.0272832831   0.0003239807   0.0002464696
       -0.0004442873   0.0003753393   0.0002658420   0.0002467127  -0.0002120023
        0.0011349861   0.0003020779  -0.0013412082  -0.0043972872  -0.0023786140
        0.0059053083  -0.0255780118  -0.0296062689   0.0311996964   0.0474148226
       -0.0166461972  -0.0003034894  -0.0009341994   0.0000683496   0.0050341071
        0.0022648363   0.0024799002   0.0635357782  -0.0596305833  -0.1785987541
        0.0023383494  -0.0011661346   0.0053040401  -0.2179334193  -0.0000278379
        0.4521080656   0.0067258424  -0.0040126349  -0.0098757568   0.0183804193
       -0.0449853742  -0.1062573530   0.1147115647   0.1148578289  -0.1372763065
       -0.0314850785  -0.0043983490   0.0337534654   0.0003693031   0.0008495460
        0.0003225690   0.0001286767   0.0005173412  -0.0001897095   0.0005335475
       -0.0005926093  -0.0006332741   0.0008593941  -0.0245786405  -0.0149527698
        0.0025245299  -0.0041929032   0.0045301255  -0.0040445989  -0.0178716502
       -0.0086654260   0.0004374832  -0.0013057170   0.0001609161  -0.0007783892
        0.0004361242  -0.0006727187  -0.0384399739  -0.0254811056  -0.0025924372
       -0.0015270641   0.0008104642  -0.0023999199   0.0030975015   0.0130293179
        0.0067258424   0.0377512670   0.0337701899  -0.0005386662   0.0024048994
       -0.0007530278   0.0054595519  -0.0001711317   0.0004844270  -0.0025600954
       -0.0003886431  -0.0002945932   0.0006926059   0.0000307875   0.0000720349
       -0.0000069580  -0.0000102758  -0.0001375839  -0.0002065382  -0.0000630313
        0.0001535096   0.0001288302  -0.0008233604   0.0012805135  -0.0000551123
       -0.0048449492  -0.0002446040   0.0013503840  -0.0030973269  -0.0248033023
       -0.0105754026  -0.0007575317  -0.0013580770  -0.0006088142   0.0004304652
       -0.0001059316   0.0003071756  -0.0254015804  -0.2315515737  -0.0968610609
        0.0013494260   0.0006965647   0.0009877431  -0.0033325666  -0.0113413553
       -0.0040126349   0.0337701899   0.2643560797   0.1111766669  -0.0004583961
        0.0011076699  -0.0030361620   0.0017952492   0.0032840147   0.0011609699
        0.0000715127   0.0010113106   0.0003830156  -0.0000727370  -0.0000400127
        0.0000819574  -0.0000231518   0.0000610608  -0.0000058855   0.0001221986
       -0.0001327132  -0.0000789075   0.0004491980  -0.0009391307  -0.0002690450
        0.0041467193   0.0005319756   0.0025543883   0.0008470084   0.0094034826
        0.0030041974   0.0005075234   0.0001329378   0.0005706917  -0.0006763012
        0.0003147662  -0.0003571274  -0.0025186531  -0.0967409021  -0.0873255442
       -0.0020563073   0.0017330228   0.0002380064  -0.0038792881  -0.0262964171
       -0.0098757568  -0.0005386662   0.1111766669   0.0938783512   0.0056368903
       -0.0026419891  -0.0025893293  -0.0016720101   0.0029901730   0.0019248667
        0.0009146277   0.0008897816  -0.0004085196  -0.0001014126  -0.0001207183
        0.0000528626   0.0000044223  -0.0000979640  -0.0001709367  -0.0000280008
        0.0001177742   0.0000770731  -0.0005865519  -0.0013925900  -0.0015732234
       -0.0268423535   0.0048428521   0.0415592399  -0.0084355898  -0.0202534460
       -0.0037213879   0.0018880325  -0.0007356731   0.0043932650  -0.0032058601
       -0.0090835970  -0.0002981581   0.0126108372   0.0166088729  -0.0076886892
        0.0004223512  -0.0004545839  -0.0005852221  -0.0674302912  -0.0036366636
        0.0183804193   0.0024048994  -0.0004583961   0.0056368903   0.3514073292
        0.1761856167  -0.2374420094  -0.0062953180  -0.0435681324  -0.0029263781
       -0.1618945031  -0.1420312020   0.0747499653   0.0005626547  -0.0005255180
        0.0000401907   0.0008001308   0.0006350159   0.0014402004   0.0002975425
        0.0005864756   0.0004588609  -0.0962898617   0.0218883789   0.1060028129
       -0.0202722783   0.0287888117   0.0452232487  -0.0135671011  -0.0366010315
       -0.0042016463   0.0000269656   0.0011944659  -0.0028018432  -0.0187969664
       -0.0300936633   0.0055445173   0.0324153866  -0.0013858751  -0.0443342086
       -0.0000577362   0.0000084169  -0.0000629709  -0.0366965934  -0.1989959780
       -0.0449853742  -0.0007530278   0.0011076699  -0.0026419891   0.1761856167
        0.5569785585   0.0603525161  -0.0296833375  -0.0562511867  -0.0039281601
       -0.1071868507  -0.2027041445   0.0401482816  -0.0014368102  -0.0057027233
       -0.0022823938  -0.0007518383  -0.0002759562   0.0010814376  -0.0015132484
        0.0002311521   0.0007496845   0.0220878191  -0.0562985164  -0.0478610995
        0.0253341891   0.0111434741  -0.0258128049   0.0005985489   0.0048560784
        0.0007688971   0.0048846038  -0.0017690119  -0.0023139293  -0.0065826290
       -0.0076732077   0.0048590014   0.0025146149  -0.0228868156  -0.0191398719
       -0.0003327505   0.0004899147   0.0009725063  -0.0029993758  -0.0899294014
       -0.1062573530   0.0054595519  -0.0030361620  -0.0025893293  -0.2374420094
        0.0603525161   0.4548431823   0.0060431422   0.0149449327   0.0136976799
        0.0972912705   0.0875430860  -0.1150722890  -0.0005500309  -0.0035227895
       -0.0006837322  -0.0004761016  -0.0012196011   0.0002591117   0.0001181238
       -0.0017074567   0.0002641165   0.1061388521  -0.0475855561  -0.2037951857
       -0.0000337193  -0.0017671387  -0.0005098811   0.0032290823   0.0023909652
        0.0048362555  -0.0010324197  -0.0001006928  -0.0003340779  -0.0011793841
       -0.0004050463  -0.0000385988  -0.0253820282  -0.0269706985   0.0339842093
       -0.0025140401  -0.0005007909   0.0016114843  -0.2277382833  -0.1849622110
        0.1147115647  -0.0001711317   0.0017952492  -0.0016720101  -0.0062953180
       -0.0296833375   0.0060431422   0.2572095459   0.2423985716  -0.1567384033
        0.0038305825  -0.0016127865   0.0017269424  -0.0002350879  -0.0003998252
       -0.0000566212  -0.0000947029  -0.0002042005  -0.0003141016   0.0003437480
       -0.0003706864  -0.0000866500   0.0000631567   0.0003926282  -0.0031632544
       -0.0017941033   0.0022426678   0.0035679016  -0.0015720806  -0.0020422347
       -0.0028521257  -0.0001316786  -0.0004728448   0.0006696501  -0.0013040114
       -0.0022578832   0.0009792892  -0.0126360169   0.0037303415   0.0116401712
       -0.0005256049   0.0000858335   0.0014058942  -0.1851605619  -0.2673709214
        0.1148578289   0.0004844270   0.0032840147   0.0029901730  -0.0435681324
       -0.0562511867   0.0149449327   0.2423985716   0.3199834314  -0.1401502846
        0.0026375408  -0.0020678101  -0.0087295867  -0.0004466676  -0.0010840847
       -0.0000567405  -0.0000974807  -0.0001107016  -0.0002184403   0.0000908929
       -0.0002312327  -0.0000719428   0.0016249061   0.0025626111   0.0010232797
       -0.0005319761   0.0034957447   0.0034500517   0.0023295422  -0.0081094414
       -0.0027468317  -0.0003550969   0.0006221851  -0.0003427075  -0.0006283006
       -0.0002637030  -0.0003418627   0.0431572613   0.0310265907  -0.0262645687
        0.0016362775   0.0014153928  -0.0023408157   0.1146300200   0.1146638719
       -0.1372763065  -0.0025600954   0.0011609699   0.0019248667  -0.0029263781
       -0.0039281601   0.0136976799  -0.1567384033  -0.1401502846   0.1493500333
        0.0045009049  -0.0029474008  -0.0021379636  -0.0000770463  -0.0001099037
       -0.0000334515   0.0001463207   0.0001079785   0.0004291255  -0.0002221525
        0.0003213347   0.0001242699  -0.0023608775   0.0026948253   0.0025084809
       -0.1206783300  -0.0046441391   0.1053404223   0.0116313583   0.0414653372
        0.0095132341  -0.0139247784   0.0014626401   0.0163525663  -0.0631168028
       -0.0110145394  -0.0012609547  -0.0203758068  -0.0106909530   0.0177622276
        0.0041720823  -0.0026520409   0.0017313014  -0.0003072248  -0.0362772228
       -0.0314850785  -0.0003886431   0.0000715127   0.0009146277  -0.1618945031
       -0.1071868507   0.0972912705   0.0038305825   0.0026375408   0.0045009049
        0.3750734507   0.1421601963  -0.2307057566  -0.0040159581  -0.0195383341
       -0.0063947582   0.0002758816  -0.0089372313  -0.0047918905   0.0027383589
        0.0230202344   0.0116164526  -0.0130196672  -0.0098761502   0.0096154311
        0.0338460621  -0.0881246692  -0.0764792971   0.0143202624  -0.0065498373
       -0.0229840579  -0.0120390518   0.0001640855   0.0181377531  -0.0148512149
       -0.1696688801  -0.0514718794  -0.0044978556  -0.0019695968   0.0062851550
       -0.0019008093  -0.0040279142  -0.0043455909  -0.0129940703  -0.0403180232
       -0.0043983490  -0.0002945932   0.0010113106   0.0008897816  -0.1420312020
       -0.2027041445   0.0875430860  -0.0016127865  -0.0020678101  -0.0029474008
        0.1421601963   0.5524609763   0.0746756971  -0.0063842133  -0.0202678602
       -0.0047893626  -0.0015323791  -0.0012275100  -0.0071475093   0.0037961817
       -0.0195467243  -0.0101668080   0.0040154735   0.0028365974  -0.0028012178
        0.1302068961  -0.0241867651  -0.2336405135  -0.0080431748  -0.0598593410
       -0.0288693894   0.0076394490  -0.0002060937  -0.0130934636  -0.0037266724
       -0.0566351472  -0.0903304775   0.0217631039   0.0146992307  -0.0222963864
        0.0022015166  -0.0033236552   0.0015283715  -0.0163861628   0.0272832831
        0.0337534654   0.0006926059   0.0003830156  -0.0004085196   0.0747499653
        0.0401482816  -0.1150722890   0.0017269424  -0.0087295867  -0.0021379636
       -0.2307057566   0.0746756971   0.4996628018   0.0020922943   0.0130214252
        0.0061281905  -0.0038348359  -0.0272364262  -0.0174599494   0.0030541113
       -0.0061172280  -0.0016058247   0.0185697177   0.0160833098  -0.0161580524
        0.0005002990   0.0014284074   0.0001150774  -0.0001284926   0.0000129359
        0.0002131641   0.0005011760   0.0003796281  -0.0003748596  -0.1406000491
       -0.0815103671   0.0766033178   0.0000503193   0.0001503706   0.0000041682
        0.0000779455   0.0000589869  -0.0000947591   0.0001681126   0.0003239807
        0.0003693031   0.0000307875  -0.0000727370  -0.0001014126   0.0005626547
       -0.0014368102  -0.0005500309  -0.0002350879  -0.0004466676  -0.0000770463
       -0.0040159581  -0.0063842133   0.0020922943   0.1618872952   0.0979677872
       -0.0909761926   0.0063637651   0.0052729706  -0.0049403868  -0.0253627617
       -0.0158798697   0.0180492015   0.0001999943   0.0001355975  -0.0003318386
       -0.0009616379   0.0005648592   0.0017361290  -0.0002372686   0.0001411524
        0.0004025392   0.0011288581   0.0004149814  -0.0012998015  -0.0824907699
       -0.1133564201   0.0676988315   0.0001403563   0.0002965549   0.0000142065
        0.0001365564   0.0001425840  -0.0000787649  -0.0006332185   0.0002464696
        0.0008495460   0.0000720349  -0.0000400127  -0.0001207183  -0.0005255180
       -0.0057027233  -0.0035227895  -0.0003998252  -0.0010840847  -0.0001099037
       -0.0195383341  -0.0202678602   0.0130214252   0.0979677872   0.1341527795
       -0.0770792354  -0.0040097461  -0.0033428664   0.0056806411   0.0089936410
        0.0077447428  -0.0068325907   0.0003570842   0.0000898435  -0.0003595145
       -0.0014347784  -0.0015241442   0.0008698528   0.0000565362   0.0000760551
       -0.0000071814   0.0001149304  -0.0002766871  -0.0002873837   0.0759742388
        0.0663761008  -0.1052354252  -0.0000062527  -0.0000045799  -0.0000156874
       -0.0000462715   0.0000254266   0.0000590115  -0.0002420249  -0.0004442873
        0.0003225690  -0.0000069580   0.0000819574   0.0000528626   0.0000401907
       -0.0022823938  -0.0006837322  -0.0000566212  -0.0000567405  -0.0000334515
       -0.0063947582  -0.0047893626   0.0061281905  -0.0909761926  -0.0770792354
        0.1214729986   0.0208180057   0.0189663172  -0.0216894518   0.0023482573
        0.0009888812  -0.0010633320  -0.0001883016  -0.0000573075   0.0001101602
       -0.0006309865   0.0004019243   0.0004500580  -0.0000481026  -0.0001337314
        0.0000729101   0.0000429502  -0.0000268327  -0.0000254177  -0.0688038844
        0.0091273771  -0.0699963561   0.0001187245   0.0001882599  -0.0000257785
        0.0000545264  -0.0000348341  -0.0000271805   0.0000903344   0.0003753393
        0.0001286767  -0.0000102758  -0.0000231518   0.0000044223   0.0008001308
       -0.0007518383  -0.0004761016  -0.0000947029  -0.0000974807   0.0001463207
        0.0002758816  -0.0015323791  -0.0038348359   0.0063637651  -0.0040097461
        0.0208180057   0.0771405546  -0.0108319816   0.0832079556  -0.0148843724
        0.0075224002  -0.0307359358  -0.0004145431  -0.0001733250   0.0002932570
       -0.0015993604  -0.0023289500  -0.0008062782   0.0009204606  -0.0011174281
       -0.0000981458  -0.0001678529   0.0001000530  -0.0001026186   0.0071436378
       -0.0425453125   0.0258236094   0.0002925986   0.0002354128  -0.0001723207
        0.0000888783  -0.0002369952  -0.0001474857   0.0008530278   0.0002658420
        0.0005173412  -0.0001375839   0.0000610608  -0.0000979640   0.0006350159
       -0.0002759562  -0.0012196011  -0.0002042005  -0.0001107016   0.0001079785
       -0.0089372313  -0.0012275100  -0.0272364262   0.0052729706  -0.0033428664
        0.0189663172  -0.0108319816   0.0526038948  -0.0305012130   0.0071598965
       -0.0023732232   0.0149080067  -0.0004882754   0.0002926797   0.0000588003
       -0.0013070774  -0.0019172840  -0.0004628091   0.0007340861  -0.0006340794
        0.0003399775  -0.0003860258   0.0001252936   0.0000567861  -0.0709071487
        0.0310685136  -0.2398160813   0.0000396631   0.0001931489   0.0003033791
        0.0000987823  -0.0001525098  -0.0001660884   0.0010991742   0.0002467127
       -0.0001897095  -0.0002065382  -0.0000058855  -0.0001709367   0.0014402004
        0.0010814376   0.0002591117  -0.0003141016  -0.0002184403   0.0004291255
       -0.0047918905  -0.0071475093  -0.0174599494  -0.0049403868   0.0056806411
       -0.0216894518   0.0832079556  -0.0305012130   0.2809160883  -0.0029583137
        0.0019378192  -0.0025852437  -0.0008083790   0.0002433547   0.0002358015
        0.0002118908   0.0003555261  -0.0001777694   0.0002668511  -0.0002516878
       -0.0000690643   0.0000255237   0.0000432310  -0.0002425490  -0.2216034167
        0.0898606411   0.0060307705   0.0002528109  -0.0001260086  -0.0002700197
       -0.0000448313   0.0000049010   0.0000619027  -0.0003921147  -0.0002120023
        0.0005335475  -0.0000630313   0.0001221986  -0.0000280008   0.0002975425
       -0.0015132484   0.0001181238   0.0003437480   0.0000908929  -0.0002221525
        0.0027383589   0.0037961817   0.0030541113  -0.0253627617   0.0089936410
        0.0023482573  -0.0148843724   0.0071598965  -0.0029583137   0.2581220492
       -0.1084775213  -0.0077012110   0.0000917532   0.0001533584  -0.0004776327
       -0.0005348712  -0.0030152010   0.0006294631  -0.0008135583  -0.0002606524
       -0.0012018789   0.0001534477  -0.0000793016   0.0002252248   0.0946683755
       -0.0880193106   0.0004214233   0.0001590649   0.0003946037  -0.0001161974
        0.0000022248  -0.0001964377  -0.0002866688  -0.0001856969   0.0011349861
       -0.0005926093   0.0001535096  -0.0001327132   0.0001177742   0.0005864756
        0.0002311521  -0.0017074567  -0.0003706864  -0.0002312327   0.0003213347
        0.0230202344  -0.0195467243  -0.0061172280  -0.0158798697   0.0077447428
        0.0009888812   0.0075224002  -0.0023732232   0.0019378192  -0.1084775213
        0.1045593393   0.0044221194  -0.0000035287  -0.0002100275   0.0009579992
       -0.0002580462  -0.0021339927  -0.0006199176  -0.0004507710  -0.0000957455
       -0.0007907094   0.0000909787  -0.0000503809   0.0002554506   0.0087561155
       -0.0010460050  -0.0414759109  -0.0000520090   0.0000774248   0.0000127983
        0.0000127089  -0.0001118860  -0.0001067656  -0.0001508551   0.0003020779
       -0.0006332741   0.0001288302  -0.0000789075   0.0000770731   0.0004588609
        0.0007496845   0.0002641165  -0.0000866500  -0.0000719428   0.0001242699
        0.0116164526  -0.0101668080  -0.0016058247   0.0180492015  -0.0068325907
       -0.0010633320  -0.0307359358   0.0149080067  -0.0025852437  -0.0077012110
        0.0044221194   0.0479242489   0.0003223298   0.0001289459   0.0002230205
        0.0024547283  -0.0049862440   0.0037517036   0.0001509108  -0.0002602033
       -0.0005244264  -0.0001175767  -0.0003099664   0.0015968196  -0.0012031918
        0.0017487972  -0.0012310468   0.0043648059  -0.0020579492   0.0023573896
       -0.0009743504   0.0004713058  -0.0006486411   0.0008319590  -0.0013412082
        0.0008593941  -0.0008233604   0.0004491980  -0.0005865519  -0.0962898617
        0.0220878191   0.1061388521   0.0000631567   0.0016249061  -0.0023608775
       -0.0130196672   0.0040154735   0.0185697177   0.0001999943   0.0003570842
       -0.0001883016  -0.0004145431  -0.0004882754  -0.0008083790   0.0000917532
       -0.0000035287   0.0003223298   0.1046852432  -0.0213072085  -0.1272479821
       -0.0044333396  -0.0008973822   0.0005464191  -0.0006515564  -0.0009839128
        0.0003184516  -0.0009098961   0.0003084660   0.0006598428   0.0003496363
        0.0005322928   0.0017671059  -0.0023886567  -0.0042323788  -0.0040604154
        0.0005473485  -0.0001827901   0.0002170171   0.0149926710  -0.0043972872
       -0.0245786405   0.0012805135  -0.0009391307  -0.0013925900   0.0218883789
       -0.0562985164  -0.0475855561   0.0003926282   0.0025626111   0.0026948253
       -0.0098761502   0.0028365974   0.0160833098   0.0001355975   0.0000898435
       -0.0000573075  -0.0001733250   0.0002926797   0.0002433547   0.0001533584
       -0.0002100275   0.0001289459  -0.0213072085   0.0615189352   0.0550152374
        0.0040841893   0.0012714588   0.0028525972  -0.0007634437  -0.0001701765
        0.0008233383   0.0012112223  -0.0001529056  -0.0005436658  -0.0021336457
       -0.0001360582  -0.0001256743   0.0021378146  -0.0045173085   0.0012489020
       -0.0005963616   0.0003191643  -0.0006563847   0.0114245439  -0.0023786140
       -0.0149527698  -0.0000551123  -0.0002690450  -0.0015732234   0.1060028129
       -0.0478610995  -0.2037951857  -0.0031632544   0.0010232797   0.0025084809
        0.0096154311  -0.0028012178  -0.0161580524  -0.0003318386  -0.0003595145
        0.0001101602   0.0002932570   0.0000588003   0.0002358015  -0.0004776327
        0.0009579992   0.0002230205  -0.1272479821   0.0550152374   0.2298026554
