           1           2   1.4027392261101803     
           1           3  0.97364535415468856     
           2           5   1.4789000836511419     
           2           6  0.97524374383123247     
           5           7   1.2313468305407611     
           5           8  0.97400605649998639     
           7           9   1.2394850627974610     
           5          10  0.10306122714982692     
           7          10   1.4032429612149377     
           9          10  0.10882270043400755     
           1          11   1.3774963054756379     
           4          11   1.0319630613821316     
           9          11   1.4458120533712817     
           4          12  0.98482755073429318     
           4          13  0.97397140110104630     
           4          14  0.97395009080056871     
           9          15  0.97337341131396049     
