# Atoms array:
     x           y            z                   Z     indx
   -2.025343    -2.807244     1.562966            6      0
   -2.533926    -2.158581     0.369275            6      1
   -3.719823    -2.522812    -0.213321            6      2
   -4.506416    -3.567219     0.342425            6      3
   -4.047924    -4.230371     1.510863            6      4
   -2.861752    -3.868290     2.095637            6      5
   -6.409849    -4.869702     0.255083            8      6
   -2.518268    -4.386423     2.995375            1      7
   -1.933676    -1.354497    -0.062793            1      8
   -4.078800    -2.018865    -1.110410            1      9
   -5.718299    -3.938116    -0.254407            7     10
   -4.656745    -5.030913     1.930882            1     11
   -6.111928    -3.338199    -1.298594            8     12
   -0.872993    -2.418065     2.087111            7     13
   -0.682716    -2.991985     2.920889            1     14

# Gridpoints array:
     x           y            z                   Z     indx
   -2.025343    -0.767244     1.562966            6      0
   -2.025343    -2.807244     3.602966            6      0
   -3.203138    -1.629449     2.740760            6      0
   -0.847549    -3.985038     2.740760            6      0
   -0.847549    -1.629449     0.385171            6      0
   -0.847549    -3.985038     0.385171            6      0
   -1.647707    -2.429608     3.531819            6      0
   -2.402979    -2.429608     3.531819            6      0
   -1.647707    -3.184880     3.531819            6      0
   -2.402979    -3.184880     3.531819            6      0
   -1.647707    -3.184880    -0.405887            6      0
   -1.647707    -0.838391     1.940602            6      0
   -2.402979    -0.838391     1.940602            6      0
   -1.647707    -0.838391     1.185330            6      0
   -2.402979    -0.838391     1.185330            6      0
   -1.647707    -4.776097     1.185330            6      0
   -3.994196    -2.429608     1.940602            6      0
   -0.056490    -3.184880     1.185330            6      0
   -3.433802    -1.398785     2.003519            6      0
   -0.616884    -4.215703     2.003519            6      0
   -0.616884    -1.398785     1.122413            6      0
   -0.616884    -4.215703     1.122413            6      0
   -3.433802    -2.366691     2.971425            6      0
   -0.616884    -2.366691     0.154507            6      0
   -0.616884    -3.247797     0.154507            6      0
   -1.584790    -1.398785     2.971425            6      0
   -2.465896    -1.398785     2.971425            6      0
   -1.584790    -4.215703     0.154507            6      0
   -2.465896    -4.215703     0.154507            6      0
   -2.832550    -2.000037     3.253657            6      0
   -1.218137    -3.614450     3.253657            6      0
   -1.218137    -3.614450    -0.127725            6      0
   -1.218137    -1.116553     2.370172            6      0
   -2.832550    -1.116553     2.370172            6      0
   -1.218137    -4.497934     2.370172            6      0
   -1.218137    -1.116553     0.755759            6      0
   -1.218137    -4.497934     0.755759            6      0
   -3.716034    -2.000037     2.370172            6      0
   -0.334652    -2.000037     0.755759            6      0
   -0.334652    -3.614450     0.755759            6      0
   -1.049470    -1.015800     1.562966            6      0
   -3.001216    -1.015800     1.562966            6      0
   -1.049470    -4.598688     1.562966            6      0
   -3.816787    -1.831371     1.562966            6      0
   -0.233899    -3.783117     1.562966            6      0
   -3.001216    -2.807244     3.354410            6      0
   -1.049470    -2.807244    -0.228478            6      0
   -0.233899    -2.807244     0.587093            6      0
   -2.025343    -1.831371     3.354410            6      0
   -2.025343    -3.783117    -0.228478            6      0
   -2.025343    -1.015800     2.538839            6      0
   -2.025343    -4.598688     0.587093            6      0
   -0.493926    -2.158581     0.369275            6      1
   -2.533926    -0.118581     0.369275            6      1
   -2.533926    -2.158581    -1.670725            6      1
   -1.356131    -0.980786     1.547070            6      1
   -3.711721    -0.980786     1.547070            6      1
   -1.356131    -0.980786    -0.808520            6      1
   -3.711721    -0.980786    -0.808520            6      1
   -1.356131    -3.336375    -0.808520            6      1
   -2.911562    -1.780945     2.338128            6      1
   -2.156290    -1.780945    -1.599578            6      1
   -2.911562    -1.780945    -1.599578            6      1
   -2.156290    -2.536217    -1.599578            6      1
   -2.911562    -2.536217    -1.599578            6      1
   -2.156290    -0.189728     0.746911            6      1
   -2.911562    -0.189728     0.746911            6      1
   -2.156290    -0.189728    -0.008361            6      1
   -2.911562    -0.189728    -0.008361            6      1
   -2.156290    -4.127434    -0.008361            6      1
   -2.911562    -4.127434    -0.008361            6      1
   -0.565073    -1.780945     0.746911            6      1
   -0.565073    -1.780945    -0.008361            6      1
   -0.565073    -2.536217    -0.008361            6      1
   -1.125467    -0.750122     0.809828            6      1
   -3.942385    -0.750122     0.809828            6      1
   -1.125467    -0.750122    -0.071278            6      1
   -3.942385    -0.750122    -0.071278            6      1
   -1.125467    -3.567040    -0.071278            6      1
   -3.942385    -1.718028     1.777734            6      1
   -1.125467    -1.718028    -1.039184            6      1
   -1.125467    -2.599134    -1.039184            6      1
   -2.093373    -0.750122     1.777734            6      1
   -2.974479    -0.750122     1.777734            6      1
   -2.093373    -0.750122    -1.039184            6      1
   -2.974479    -0.750122    -1.039184            6      1
   -2.093373    -3.567040    -1.039184            6      1
   -2.974479    -3.567040    -1.039184            6      1
   -3.341133    -1.351374     2.059966            6      1
   -1.726719    -1.351374    -1.321416            6      1
   -3.341133    -1.351374    -1.321416            6      1
   -1.726719    -2.965787    -1.321416            6      1
   -1.726719    -0.467890     1.176482            6      1
   -3.341133    -0.467890     1.176482            6      1
   -1.726719    -0.467890    -0.437932            6      1
   -3.341133    -0.467890    -0.437932            6      1
   -1.726719    -3.849271    -0.437932            6      1
   -0.843235    -1.351374     1.176482            6      1
   -4.224617    -1.351374     1.176482            6      1
   -0.843235    -1.351374    -0.437932            6      1
   -0.843235    -2.965787    -0.437932            6      1
   -1.558053    -0.367136     0.369275            6      1
   -3.509799    -0.367136     0.369275            6      1
   -1.558053    -3.950025     0.369275            6      1
   -0.742482    -1.182708     0.369275            6      1
   -4.325370    -1.182708     0.369275            6      1
   -0.742482    -3.134453     0.369275            6      1
   -3.509799    -2.158581     2.160719            6      1
   -1.558053    -2.158581    -1.422169            6      1
   -4.325370    -2.158581     1.345148            6      1
   -0.742482    -2.158581    -0.606598            6      1
   -2.533926    -1.182708     2.160719            6      1
   -2.533926    -1.182708    -1.422169            6      1
   -2.533926    -3.134453    -1.422169            6      1
   -2.533926    -0.367136     1.345148            6      1
   -2.533926    -0.367136    -0.606598            6      1
   -2.533926    -3.950025    -0.606598            6      1
   -3.719823    -0.482812    -0.213321            6      2
   -3.719823    -2.522812    -2.253321            6      2
   -4.897617    -1.345017     0.964474            6      2
   -2.542028    -1.345017    -1.391116            6      2
   -4.897617    -1.345017    -1.391116            6      2
   -2.542028    -3.700606    -1.391116            6      2
   -4.097458    -2.145176     1.755532            6      2
   -3.342187    -2.145176    -2.182174            6      2
   -4.097458    -2.145176    -2.182174            6      2
   -3.342187    -2.900447    -2.182174            6      2
   -4.097458    -2.900447    -2.182174            6      2
   -3.342187    -0.553958     0.164315            6      2
   -4.097458    -0.553958     0.164315            6      2
   -3.342187    -0.553958    -0.590957            6      2
   -4.097458    -0.553958    -0.590957            6      2
   -3.342187    -4.491665    -0.590957            6      2
   -5.688676    -2.145176     0.164315            6      2
   -5.688676    -2.145176    -0.590957            6      2
   -5.128281    -1.114353     0.227232            6      2
   -2.311364    -3.931270     0.227232            6      2
   -5.128281    -1.114353    -0.653874            6      2
   -2.311364    -3.931270    -0.653874            6      2
   -5.128281    -2.082259     1.195138            6      2
   -2.311364    -2.082259    -1.621780            6      2
   -5.128281    -2.082259    -1.621780            6      2
   -2.311364    -2.963364    -1.621780            6      2
   -3.279270    -1.114353     1.195138            6      2
   -4.160375    -1.114353     1.195138            6      2
   -3.279270    -1.114353    -1.621780            6      2
   -4.160375    -1.114353    -1.621780            6      2
   -3.279270    -3.931270    -1.621780            6      2
   -4.160375    -3.931270    -1.621780            6      2
   -4.527029    -1.715605     1.477370            6      2
   -2.912616    -1.715605    -1.904012            6      2
   -4.527029    -1.715605    -1.904012            6      2
   -2.912616    -3.330018    -1.904012            6      2
   -4.527029    -3.330018    -1.904012            6      2
   -4.527029    -0.832121     0.593885            6      2
   -2.912616    -0.832121    -1.020528            6      2
   -4.527029    -0.832121    -1.020528            6      2
   -2.912616    -4.213502    -1.020528            6      2
   -5.410513    -1.715605     0.593885            6      2
   -5.410513    -1.715605    -1.020528            6      2
   -2.029132    -3.330018    -1.020528            6      2
   -4.695695    -0.731367    -0.213321            6      2
   -2.743950    -4.314256    -0.213321            6      2
   -5.511267    -1.546939    -0.213321            6      2
   -1.928378    -3.498684    -0.213321            6      2
   -4.695695    -2.522812     1.578123            6      2
   -2.743950    -2.522812    -2.004765            6      2
   -4.695695    -2.522812    -2.004765            6      2
   -1.928378    -2.522812    -1.189194            6      2
   -3.719823    -1.546939     1.578123            6      2
   -3.719823    -1.546939    -2.004765            6      2
   -3.719823    -3.498684    -2.004765            6      2
   -3.719823    -0.731367     0.762552            6      2
   -3.719823    -0.731367    -1.189194            6      2
   -3.719823    -4.314256    -1.189194            6      2
   -4.506416    -5.607220     0.342425            6      3
   -4.506416    -3.567219    -1.697575            6      3
   -5.684211    -2.389425     1.520220            6      3
   -3.328621    -4.745014    -0.835369            6      3
   -4.884052    -3.189584     2.311278            6      3
   -4.128780    -3.189584    -1.626428            6      3
   -4.128780    -3.944855    -1.626428            6      3
   -4.884052    -1.598366     0.720061            6      3
   -4.884052    -5.536073     0.720061            6      3
   -4.128780    -5.536073    -0.035211            6      3
   -4.884052    -5.536073    -0.035211            6      3
   -6.475269    -3.189584     0.720061            6      3
   -2.537563    -3.944855    -0.035211            6      3
   -5.914875    -2.158761     0.782978            6      3
   -5.914875    -2.158761    -0.098128            6      3
   -3.097957    -4.975678    -0.098128            6      3
   -5.914875    -3.126667     1.750884            6      3
   -5.914875    -4.007772     1.750884            6      3
   -3.097957    -4.007772    -1.066034            6      3
   -4.065863    -2.158761     1.750884            6      3
   -4.946969    -2.158761     1.750884            6      3
   -4.065863    -4.975678    -1.066034            6      3
   -4.946969    -4.975678    -1.066034            6      3
   -5.313623    -2.760013     2.033116            6      3
   -3.699209    -4.374426    -1.348265            6      3
   -5.313623    -1.876529     1.149632            6      3
   -5.313623    -1.876529    -0.464781            6      3
   -3.699209    -5.257910    -0.464781            6      3
   -6.197107    -2.760013     1.149632            6      3
   -2.815725    -4.374426    -0.464781            6      3
   -5.482289    -1.775775     0.342425            6      3
   -3.530543    -5.358664     0.342425            6      3
   -6.297860    -2.591347     0.342425            6      3
   -2.714972    -4.543092     0.342425            6      3
   -5.482289    -3.567219     2.133870            6      3
   -3.530543    -3.567219    -1.449019            6      3
   -6.297860    -3.567219     1.318298            6      3
   -4.506416    -2.591347     2.133870            6      3
   -4.506416    -4.543092    -1.449019            6      3
   -4.506416    -1.775775     1.318298            6      3
   -4.506416    -5.358664    -0.633447            6      3
   -4.047924    -6.270371     1.510863            6      4
   -4.047924    -4.230371     3.550863            6      4
   -5.225719    -3.052576     2.688658            6      4
   -2.870130    -5.408165     2.688658            6      4
   -5.225719    -5.408165     2.688658            6      4
   -2.870130    -5.408165     0.333068            6      4
   -3.670288    -3.852735     3.479716            6      4
   -4.425560    -3.852735     3.479716            6      4
   -3.670288    -4.608006     3.479716            6      4
   -4.425560    -4.608006     3.479716            6      4
   -3.670288    -4.608006    -0.457990            6      4
   -3.670288    -2.261518     1.888499            6      4
   -4.425560    -2.261518     1.888499            6      4
   -3.670288    -6.199224     1.888499            6      4
   -4.425560    -6.199224     1.888499            6      4
   -3.670288    -6.199224     1.133227            6      4
   -4.425560    -6.199224     1.133227            6      4
   -6.016777    -3.852735     1.888499            6      4
   -6.016777    -4.608006     1.888499            6      4
   -5.456383    -2.821912     1.951416            6      4
   -2.639465    -5.638830     1.951416            6      4
   -5.456383    -5.638830     1.951416            6      4
   -2.639465    -5.638830     1.070310            6      4
   -5.456383    -5.638830     1.070310            6      4
   -5.456383    -3.789818     2.919322            6      4
   -5.456383    -4.670923     2.919322            6      4
   -2.639465    -4.670923     0.102404            6      4
   -3.607371    -2.821912     2.919322            6      4
   -4.488477    -2.821912     2.919322            6      4
   -3.607371    -5.638830     2.919322            6      4
   -4.488477    -5.638830     2.919322            6      4
   -3.607371    -5.638830     0.102404            6      4
   -4.488477    -5.638830     0.102404            6      4
   -4.855131    -3.423164     3.201554            6      4
   -4.855131    -5.037577     3.201554            6      4
   -3.240718    -5.037577    -0.179828            6      4
   -4.855131    -2.539680     2.318069            6      4
   -3.240718    -5.921061     2.318069            6      4
   -4.855131    -5.921061     2.318069            6      4
   -3.240718    -5.921061     0.703656            6      4
   -4.855131    -5.921061     0.703656            6      4
   -5.738615    -3.423164     2.318069            6      4
   -5.738615    -5.037577     2.318069            6      4
   -2.357233    -5.037577     0.703656            6      4
   -5.023797    -2.438926     1.510863            6      4
   -3.072051    -6.021815     1.510863            6      4
   -5.023797    -6.021815     1.510863            6      4
   -5.839368    -3.254498     1.510863            6      4
   -2.256480    -5.206243     1.510863            6      4
   -5.839368    -5.206243     1.510863            6      4
   -5.023797    -4.230371     3.302307            6      4
   -3.072051    -4.230371    -0.280581            6      4
   -5.839368    -4.230371     2.486736            6      4
   -2.256480    -4.230371     0.534990            6      4
   -4.047924    -3.254498     3.302307            6      4
   -4.047924    -5.206243     3.302307            6      4
   -4.047924    -5.206243    -0.280581            6      4
   -4.047924    -2.438926     2.486736            6      4
   -4.047924    -6.021815     2.486736            6      4
   -4.047924    -6.021815     0.534990            6      4
   -2.861752    -5.908290     2.095637            6      5
   -2.861752    -3.868290     4.135637            6      5
   -4.039547    -2.690495     3.273432            6      5
   -1.683958    -5.046084     3.273432            6      5
   -4.039547    -5.046084     3.273432            6      5
   -1.683958    -5.046084     0.917843            6      5
   -2.484116    -3.490654     4.064491            6      5
   -3.239388    -3.490654     4.064491            6      5
   -2.484116    -4.245926     4.064491            6      5
   -3.239388    -4.245926     4.064491            6      5
   -2.484116    -4.245926     0.126784            6      5
   -3.239388    -1.899437     2.473273            6      5
   -2.484116    -5.837143     2.473273            6      5
   -3.239388    -5.837143     2.473273            6      5
   -2.484116    -5.837143     1.718002            6      5
   -3.239388    -5.837143     1.718002            6      5
   -0.892899    -4.245926     2.473273            6      5
   -0.892899    -4.245926     1.718002            6      5
   -4.270211    -2.459831     2.536190            6      5
   -1.453293    -5.276749     2.536190            6      5
   -4.270211    -2.459831     1.655085            6      5
   -1.453293    -5.276749     1.655085            6      5
   -1.453293    -3.427737     3.504096            6      5
   -4.270211    -3.427737     3.504096            6      5
   -1.453293    -4.308843     3.504096            6      5
   -4.270211    -4.308843     3.504096            6      5
   -1.453293    -4.308843     0.687179            6      5
   -2.421199    -2.459831     3.504096            6      5
   -3.302305    -2.459831     3.504096            6      5
   -2.421199    -5.276749     3.504096            6      5
   -3.302305    -5.276749     3.504096            6      5
   -2.421199    -5.276749     0.687179            6      5
   -3.302305    -5.276749     0.687179            6      5
   -2.054546    -3.061083     3.786328            6      5
   -3.668959    -3.061083     3.786328            6      5
   -2.054546    -4.675496     3.786328            6      5
   -3.668959    -4.675496     3.786328            6      5
   -2.054546    -4.675496     0.404947            6      5
   -3.668959    -2.177599     2.902844            6      5
   -2.054546    -5.558981     2.902844            6      5
   -3.668959    -5.558981     2.902844            6      5
   -2.054546    -5.558981     1.288431            6      5
   -4.552443    -3.061083     2.902844            6      5
   -1.171061    -4.675496     2.902844            6      5
   -1.171061    -4.675496     1.288431            6      5
   -3.837625    -2.076846     2.095637            6      5
   -1.885879    -5.659734     2.095637            6      5
   -4.653196    -2.892417     2.095637            6      5
   -1.070308    -4.844163     2.095637            6      5
   -1.885879    -3.868290     3.887082            6      5
   -3.837625    -3.868290     3.887082            6      5
   -1.885879    -3.868290     0.304193            6      5
   -1.070308    -3.868290     3.071510            6      5
   -4.653196    -3.868290     3.071510            6      5
   -2.861752    -2.892417     3.887082            6      5
   -2.861752    -4.844163     3.887082            6      5
   -2.861752    -4.844163     0.304193            6      5
   -2.861752    -2.076846     3.071510            6      5
   -2.861752    -5.659734     3.071510            6      5
   -2.861752    -5.659734     1.119765            6      5
   -8.233849    -4.869702     0.255083            8      6
   -6.409849    -6.693702     0.255083            8      6
   -6.409849    -4.869702     2.079083            8      6
   -6.409849    -4.869702    -1.568917            8      6
   -7.462936    -3.816615     1.308170            8      6
   -5.356762    -5.922789     1.308170            8      6
   -7.462936    -5.922789     1.308170            8      6
   -7.462936    -3.816615    -0.798004            8      6
   -5.356762    -5.922789    -0.798004            8      6
   -7.462936    -5.922789    -0.798004            8      6
   -6.072198    -4.532051     2.015469            8      6
   -6.747500    -4.532051     2.015469            8      6
   -6.072198    -5.207353     2.015469            8      6
   -6.747500    -5.207353     2.015469            8      6
   -6.072198    -5.207353    -1.505303            8      6
   -6.747500    -5.207353    -1.505303            8      6
   -6.747500    -3.109316     0.592734            8      6
   -6.072198    -6.630088     0.592734            8      6
   -6.747500    -6.630088     0.592734            8      6
   -6.072198    -6.630088    -0.082568            8      6
   -6.747500    -6.630088    -0.082568            8      6
   -8.170235    -4.532051     0.592734            8      6
   -8.170235    -5.207353     0.592734            8      6
   -8.170235    -4.532051    -0.082568            8      6
   -8.170235    -5.207353    -0.082568            8      6
   -7.669177    -3.610374     0.648989            8      6
   -5.150521    -6.129030     0.648989            8      6
   -7.669177    -6.129030     0.648989            8      6
   -7.669177    -3.610374    -0.138823            8      6
   -5.150521    -6.129030    -0.138823            8      6
   -7.669177    -6.129030    -0.138823            8      6
   -7.669177    -4.475796     1.514411            8      6
   -7.669177    -5.263608     1.514411            8      6
   -7.669177    -4.475796    -1.004245            8      6
   -5.150521    -5.263608    -1.004245            8      6
   -7.669177    -5.263608    -1.004245            8      6
   -6.015943    -3.610374     1.514411            8      6
   -6.803755    -3.610374     1.514411            8      6
   -6.015943    -6.129030     1.514411            8      6
   -6.803755    -6.129030     1.514411            8      6
   -6.015943    -6.129030    -1.004245            8      6
   -6.803755    -6.129030    -1.004245            8      6
   -5.688111    -4.147964     1.766759            8      6
   -7.131587    -4.147964     1.766759            8      6
   -5.688111    -5.591439     1.766759            8      6
   -7.131587    -5.591439     1.766759            8      6
   -5.688111    -5.591439    -1.256593            8      6
   -7.131587    -5.591439    -1.256593            8      6
   -7.131587    -3.358025     0.976821            8      6
   -5.688111    -6.381378     0.976821            8      6
   -7.131587    -6.381378     0.976821            8      6
   -5.688111    -6.381378    -0.466655            8      6
   -7.131587    -6.381378    -0.466655            8      6
   -7.921525    -4.147964     0.976821            8      6
   -4.898172    -5.591439     0.976821            8      6
   -7.921525    -5.591439     0.976821            8      6
   -7.921525    -4.147964    -0.466655            8      6
   -4.898172    -5.591439    -0.466655            8      6
   -7.921525    -5.591439    -0.466655            8      6
   -7.282394    -3.267940     0.255083            8      6
   -5.537304    -6.471464     0.255083            8      6
   -7.282394    -6.471464     0.255083            8      6
   -8.011611    -3.997157     0.255083            8      6
   -4.808087    -5.742247     0.255083            8      6
   -8.011611    -5.742247     0.255083            8      6
   -7.282394    -4.869702     1.856845            8      6
   -7.282394    -4.869702    -1.346679            8      6
   -8.011611    -4.869702     1.127628            8      6
   -8.011611    -4.869702    -0.617462            8      6
   -6.409849    -3.997157     1.856845            8      6
   -6.409849    -5.742247     1.856845            8      6
   -6.409849    -5.742247    -1.346679            8      6
   -6.409849    -3.267940     1.127628            8      6
   -6.409849    -6.471464     1.127628            8      6
   -6.409849    -6.471464    -0.617462            8      6
   -1.198268    -4.386423     2.995375            1      7
   -2.518268    -5.706423     2.995375            1      7
   -2.518268    -4.386423     4.315375            1      7
   -1.756166    -3.624321     3.757477            1      7
   -3.280370    -3.624321     3.757477            1      7
   -1.756166    -5.148525     3.757477            1      7
   -3.280370    -5.148525     3.757477            1      7
   -1.756166    -5.148525     2.233273            1      7
   -2.273915    -4.142070     4.269339            1      7
   -2.762621    -4.142070     4.269339            1      7
   -2.273915    -4.630776     4.269339            1      7
   -2.762621    -4.630776     4.269339            1      7
   -2.273915    -5.660387     3.239728            1      7
   -2.762621    -5.660387     3.239728            1      7
   -2.273915    -5.660387     2.751022            1      7
   -2.762621    -5.660387     2.751022            1      7
   -1.244304    -4.142070     3.239728            1      7
   -1.244304    -4.630776     3.239728            1      7
   -1.244304    -4.630776     2.751022            1      7
   -1.606912    -5.297779     3.280439            1      7
   -3.429624    -5.297779     3.280439            1      7
   -1.606912    -5.297779     2.710311            1      7
   -1.606912    -4.101359     3.906731            1      7
   -3.429624    -4.101359     3.906731            1      7
   -1.606912    -4.671487     3.906731            1      7
   -3.429624    -4.671487     3.906731            1      7
   -2.233204    -3.475067     3.906731            1      7
   -2.803332    -3.475067     3.906731            1      7
   -2.233204    -5.297779     3.906731            1      7
   -2.803332    -5.297779     3.906731            1      7
   -1.995958    -3.864113     4.089351            1      7
   -3.040578    -3.864113     4.089351            1      7
   -1.995958    -4.908733     4.089351            1      7
   -3.040578    -4.908733     4.089351            1      7
   -1.995958    -3.292447     3.517685            1      7
   -1.995958    -5.480399     3.517685            1      7
   -3.040578    -5.480399     3.517685            1      7
   -1.995958    -5.480399     2.473065            1      7
   -1.424292    -3.864113     3.517685            1      7
   -1.424292    -4.908733     3.517685            1      7
   -3.612244    -4.908733     3.517685            1      7
   -1.424292    -4.908733     2.473065            1      7
   -1.886821    -5.545593     2.995375            1      7
   -3.149715    -5.545593     2.995375            1      7
   -1.359098    -5.017870     2.995375            1      7
   -1.886821    -4.386423     4.154545            1      7
   -3.149715    -4.386423     4.154545            1      7
   -1.359098    -4.386423     3.626822            1      7
   -3.677438    -4.386423     3.626822            1      7
   -2.518268    -3.754976     4.154545            1      7
   -2.518268    -5.017870     4.154545            1      7
   -2.518268    -3.227253     3.626822            1      7
   -2.518268    -5.545593     3.626822            1      7
   -2.518268    -5.545593     2.363928            1      7
   -0.613676    -1.354497    -0.062793            1      8
   -1.933676    -0.034497    -0.062793            1      8
   -1.933676    -1.354497    -1.382793            1      8
   -1.171574    -0.592395     0.699310            1      8
   -1.171574    -0.592395    -0.824895            1      8
   -2.695779    -0.592395    -0.824895            1      8
   -1.171574    -2.116599    -0.824895            1      8
   -1.689324    -1.110144    -1.336756            1      8
   -2.178029    -1.110144    -1.336756            1      8
   -1.689324    -1.598850    -1.336756            1      8
   -2.178029    -1.598850    -1.336756            1      8
   -1.689324    -0.080533     0.181560            1      8
   -2.178029    -0.080533     0.181560            1      8
   -1.689324    -0.080533    -0.307145            1      8
   -2.178029    -0.080533    -0.307145            1      8
   -0.659712    -1.110144     0.181560            1      8
   -0.659712    -1.598850     0.181560            1      8
   -0.659712    -1.110144    -0.307145            1      8
   -0.659712    -1.598850    -0.307145            1      8
   -1.022320    -0.443141     0.222271            1      8
   -2.845032    -0.443141     0.222271            1      8
   -1.022320    -0.443141    -0.347856            1      8
   -2.845032    -0.443141    -0.347856            1      8
   -1.022320    -1.069433     0.848563            1      8
   -1.022320    -1.069433    -0.974149            1      8
   -1.022320    -1.639561    -0.974149            1      8
   -1.648613    -0.443141     0.848563            1      8
   -2.218740    -0.443141     0.848563            1      8
   -1.648613    -0.443141    -0.974149            1      8
   -2.218740    -0.443141    -0.974149            1      8
   -1.411366    -0.832187     1.031184            1      8
   -1.411366    -0.832187    -1.156769            1      8
   -2.455986    -0.832187    -1.156769            1      8
   -1.411366    -1.876807    -1.156769            1      8
   -1.411366    -0.260521     0.459517            1      8
   -2.455986    -0.260521     0.459517            1      8
   -1.411366    -0.260521    -0.585103            1      8
   -2.455986    -0.260521    -0.585103            1      8
   -0.839700    -0.832187     0.459517            1      8
   -0.839700    -0.832187    -0.585103            1      8
   -0.839700    -1.876807    -0.585103            1      8
   -1.302229    -0.195327    -0.062793            1      8
   -2.565123    -0.195327    -0.062793            1      8
   -0.774506    -0.723050    -0.062793            1      8
   -0.774506    -1.985944    -0.062793            1      8
   -1.302229    -1.354497    -1.221963            1      8
   -2.565123    -1.354497    -1.221963            1      8
   -0.774506    -1.354497     0.568654            1      8
   -0.774506    -1.354497    -0.694240            1      8
   -1.933676    -0.723050     1.096377            1      8
   -1.933676    -0.723050    -1.221963            1      8
   -1.933676    -1.985944    -1.221963            1      8
   -1.933676    -0.195327     0.568654            1      8
   -1.933676    -0.195327    -0.694240            1      8
   -4.078800    -0.698865    -1.110410            1      9
   -4.078800    -2.018865    -2.430410            1      9
   -4.840903    -1.256763    -0.348308            1      9
   -3.316698    -1.256763    -1.872512            1      9
   -4.840903    -1.256763    -1.872512            1      9
   -3.316698    -2.780968    -1.872512            1      9
   -4.840903    -2.780968    -1.872512            1      9
   -3.834448    -1.774513    -2.384374            1      9
   -4.323153    -1.774513    -2.384374            1      9
   -3.834448    -2.263218    -2.384374            1      9
   -4.323153    -2.263218    -2.384374            1      9
   -3.834448    -0.744902    -0.866057            1      9
   -4.323153    -0.744902    -0.866057            1      9
   -3.834448    -0.744902    -1.354763            1      9
   -4.323153    -0.744902    -1.354763            1      9
   -5.352764    -1.774513    -0.866057            1      9
   -5.352764    -1.774513    -1.354763            1      9
   -4.990156    -1.107510    -0.825346            1      9
   -3.167444    -1.107510    -1.395474            1      9
   -4.990156    -1.107510    -1.395474            1      9
   -3.167444    -1.733802    -2.021766            1      9
   -4.990156    -1.733802    -2.021766            1      9
   -3.167444    -2.303929    -2.021766            1      9
   -4.990156    -2.303929    -2.021766            1      9
   -3.793737    -1.107510    -2.021766            1      9
   -4.363864    -1.107510    -2.021766            1      9
   -3.793737    -2.930221    -2.021766            1      9
   -4.363864    -2.930221    -2.021766            1      9
   -3.556490    -1.496555    -2.204386            1      9
   -4.601110    -1.496555    -2.204386            1      9
   -3.556490    -2.541175    -2.204386            1      9
   -4.601110    -2.541175    -2.204386            1      9
   -4.601110    -0.924889    -0.588100            1      9
   -3.556490    -0.924889    -1.632720            1      9
   -4.601110    -0.924889    -1.632720            1      9
   -5.172777    -1.496555    -0.588100            1      9
   -2.984824    -1.496555    -1.632720            1      9
   -5.172777    -1.496555    -1.632720            1      9
   -3.447353    -0.859696    -1.110410            1      9
   -4.710247    -0.859696    -1.110410            1      9
   -5.237970    -1.387418    -1.110410            1      9
   -3.447353    -2.018865    -2.269580            1      9
   -4.710247    -2.018865    -2.269580            1      9
   -2.919630    -2.018865    -1.741857            1      9
   -5.237970    -2.018865    -1.741857            1      9
   -4.078800    -1.387418    -2.269580            1      9
   -4.078800    -2.650312    -2.269580            1      9
   -4.078800    -0.859696    -0.478963            1      9
   -4.078800    -0.859696    -1.741857            1      9
   -4.078800    -3.178035    -1.741857            1      9
   -7.578299    -3.938116    -0.254407            7     10
   -5.718299    -2.078116    -0.254407            7     10
   -6.792171    -2.864244     0.819465            7     10
   -4.644428    -5.011987    -1.328278            7     10
   -6.792171    -5.011987    -1.328278            7     10
   -6.062614    -3.593801     1.540724            7     10
   -6.062614    -4.282431     1.540724            7     10
   -5.373984    -4.282431    -2.049537            7     10
   -6.062614    -2.142985     0.089909            7     10
   -6.062614    -2.142985    -0.598722            7     10
   -5.373984    -5.733246    -0.598722            7     10
   -7.513430    -3.593801     0.089909            7     10
   -7.513430    -3.593801    -0.598722            7     10
   -7.513430    -4.282431    -0.598722            7     10
   -7.002482    -2.653932     0.147274            7     10
   -4.434116    -5.222299    -0.656087            7     10
   -7.002482    -3.536435     1.029777            7     10
   -4.434116    -3.536435    -1.538590            7     10
   -4.434116    -4.339796    -1.538590            7     10
   -7.002482    -4.339796    -1.538590            7     10
   -6.119980    -2.653932     1.029777            7     10
   -5.316618    -5.222299    -1.538590            7     10
   -6.119980    -5.222299    -1.538590            7     10
   -6.454281    -3.202133     1.287106            7     10
   -4.982317    -4.674098    -1.795919            7     10
   -6.454281    -4.674098    -1.795919            7     10
   -6.454281    -2.396603     0.481576            7     10
   -4.982317    -5.479628     0.481576            7     10
   -4.982317    -5.479628    -0.990389            7     10
   -6.454281    -5.479628    -0.990389            7     10
   -7.259811    -3.202133     0.481576            7     10
   -4.176787    -4.674098    -0.990389            7     10
   -7.259811    -4.674098    -0.990389            7     10
   -6.608065    -2.304740    -0.254407            7     10
   -4.828533    -5.571491    -0.254407            7     10
   -7.351675    -3.048349    -0.254407            7     10
   -6.608065    -3.938116     1.378969            7     10
   -4.828533    -3.938116    -1.887782            7     10
   -7.351675    -3.938116     0.635360            7     10
   -7.351675    -3.938116    -1.144173            7     10
   -5.718299    -3.048349     1.378969            7     10
   -5.718299    -4.827882    -1.887782            7     10
   -5.718299    -2.304740     0.635360            7     10
   -5.718299    -5.571491    -1.144173            7     10
   -5.976745    -5.030913     1.930882            1     11
   -4.656745    -6.350913     1.930882            1     11
   -4.656745    -5.030913     3.250882            1     11
   -5.418847    -4.268811     2.692984            1     11
   -3.894642    -5.793016     2.692984            1     11
   -5.418847    -5.793016     2.692984            1     11
   -5.418847    -5.793016     1.168780            1     11
   -4.412392    -4.786561     3.204846            1     11
   -4.901097    -4.786561     3.204846            1     11
   -4.412392    -5.275266     3.204846            1     11
   -4.901097    -5.275266     3.204846            1     11
   -4.412392    -6.304877     2.175235            1     11
   -4.901097    -6.304877     2.175235            1     11
   -4.412392    -6.304877     1.686529            1     11
   -4.901097    -6.304877     1.686529            1     11
   -5.930708    -4.786561     2.175235            1     11
   -5.930708    -5.275266     2.175235            1     11
   -5.930708    -5.275266     1.686529            1     11
   -3.745389    -5.942269     2.215946            1     11
   -5.568100    -5.942269     2.215946            1     11
   -3.745389    -5.942269     1.645818            1     11
   -5.568100    -5.942269     1.645818            1     11
   -5.568100    -4.745850     2.842238            1     11
   -5.568100    -5.315977     2.842238            1     11
   -4.371681    -5.942269     2.842238            1     11
   -4.941808    -5.942269     2.842238            1     11
   -4.371681    -5.942269     1.019526            1     11
   -4.941808    -5.942269     1.019526            1     11
   -5.179055    -4.508603     3.024858            1     11
   -4.134434    -5.553223     3.024858            1     11
   -5.179055    -5.553223     3.024858            1     11
   -4.134434    -6.124890     2.453192            1     11
   -5.179055    -6.124890     2.453192            1     11
   -4.134434    -6.124890     1.408572            1     11
   -5.179055    -6.124890     1.408572            1     11
   -5.750721    -4.508603     2.453192            1     11
   -5.750721    -5.553223     2.453192            1     11
   -5.750721    -5.553223     1.408572            1     11
   -4.025297    -6.190083     1.930882            1     11
   -5.288192    -6.190083     1.930882            1     11
   -5.815914    -4.399466     1.930882            1     11
   -5.815914    -5.662360     1.930882            1     11
   -4.025297    -5.030913     3.090052            1     11
   -5.288192    -5.030913     3.090052            1     11
   -5.815914    -5.030913     2.562329            1     11
   -4.656745    -4.399466     3.090052            1     11
   -4.656745    -5.662360     3.090052            1     11
   -4.656745    -5.662360     0.771712            1     11
   -4.656745    -6.190083     2.562329            1     11
   -4.656745    -6.190083     1.299435            1     11
   -7.935928    -3.338199    -1.298594            8     12
   -6.111928    -1.514199    -1.298594            8     12
   -6.111928    -3.338199    -3.122594            8     12
   -7.165014    -2.285112    -0.245507            8     12
   -5.058841    -2.285112    -2.351681            8     12
   -7.165014    -2.285112    -2.351681            8     12
   -5.058841    -4.391286    -2.351681            8     12
   -7.165014    -4.391286    -2.351681            8     12
   -5.774277    -3.000548    -3.058981            8     12
   -6.449579    -3.000548    -3.058981            8     12
   -5.774277    -3.675850    -3.058981            8     12
   -6.449579    -3.675850    -3.058981            8     12
   -5.774277    -1.577812    -0.960943            8     12
   -6.449579    -1.577812    -0.960943            8     12
   -5.774277    -1.577812    -1.636245            8     12
   -6.449579    -1.577812    -1.636245            8     12
   -5.774277    -5.098585    -1.636245            8     12
   -6.449579    -5.098585    -1.636245            8     12
   -7.872314    -3.000548    -0.960943            8     12
   -7.872314    -3.675850    -0.960943            8     12
   -7.872314    -3.000548    -1.636245            8     12
   -4.351541    -3.675850    -1.636245            8     12
   -7.872314    -3.675850    -1.636245            8     12
   -7.371256    -2.078871    -0.904688            8     12
   -7.371256    -4.597527    -0.904688            8     12
   -4.852600    -2.078871    -1.692500            8     12
   -7.371256    -2.078871    -1.692500            8     12
   -4.852600    -4.597527    -1.692500            8     12
   -7.371256    -4.597527    -1.692500            8     12
   -7.371256    -2.944293    -0.039266            8     12
   -7.371256    -3.732105    -0.039266            8     12
   -4.852600    -2.944293    -2.557922            8     12
   -7.371256    -2.944293    -2.557922            8     12
   -4.852600    -3.732105    -2.557922            8     12
   -7.371256    -3.732105    -2.557922            8     12
   -5.718021    -2.078871    -0.039266            8     12
   -6.505834    -2.078871    -0.039266            8     12
   -5.718021    -2.078871    -2.557922            8     12
   -6.505834    -2.078871    -2.557922            8     12
   -5.718021    -4.597527    -2.557922            8     12
   -6.505834    -4.597527    -2.557922            8     12
   -6.833665    -2.616461     0.213082            8     12
   -5.390190    -2.616461    -2.810271            8     12
   -6.833665    -2.616461    -2.810271            8     12
   -5.390190    -4.059936    -2.810271            8     12
   -6.833665    -4.059936    -2.810271            8     12
   -5.390190    -1.826522    -0.576857            8     12
   -6.833665    -1.826522    -0.576857            8     12
   -5.390190    -1.826522    -2.020332            8     12
   -6.833665    -1.826522    -2.020332            8     12
   -5.390190    -4.849875    -2.020332            8     12
   -6.833665    -4.849875    -2.020332            8     12
   -7.623604    -2.616461    -0.576857            8     12
   -7.623604    -4.059936    -0.576857            8     12
   -4.600251    -2.616461    -2.020332            8     12
   -7.623604    -2.616461    -2.020332            8     12
   -4.600251    -4.059936    -2.020332            8     12
   -7.623604    -4.059936    -2.020332            8     12
   -5.239382    -1.736437    -1.298594            8     12
   -6.984473    -1.736437    -1.298594            8     12
   -5.239382    -4.939961    -1.298594            8     12
   -6.984473    -4.939961    -1.298594            8     12
   -7.713689    -2.465654    -1.298594            8     12
   -4.510166    -4.210744    -1.298594            8     12
   -7.713689    -4.210744    -1.298594            8     12
   -6.984473    -3.338199     0.303167            8     12
   -5.239382    -3.338199    -2.900356            8     12
   -6.984473    -3.338199    -2.900356            8     12
   -7.713689    -3.338199    -0.426049            8     12
   -4.510166    -3.338199    -2.171140            8     12
   -7.713689    -3.338199    -2.171140            8     12
   -6.111928    -2.465654     0.303167            8     12
   -6.111928    -2.465654    -2.900356            8     12
   -6.111928    -4.210744    -2.900356            8     12
   -6.111928    -1.736437    -0.426049            8     12
   -6.111928    -1.736437    -2.171140            8     12
   -6.111928    -4.939961    -2.171140            8     12
    0.987007    -2.418065     2.087111            7     13
   -0.872993    -0.558065     2.087111            7     13
   -0.872993    -4.278065     2.087111            7     13
   -0.872993    -2.418065     3.947111            7     13
    0.200878    -1.344193     3.160983            7     13
   -1.946865    -1.344193     3.160983            7     13
    0.200878    -3.491936     3.160983            7     13
    0.200878    -1.344193     1.013240            7     13
    0.200878    -3.491936     1.013240            7     13
   -0.528678    -2.073750     3.882242            7     13
   -1.217308    -2.073750     3.882242            7     13
   -0.528678    -2.762380     3.882242            7     13
   -1.217308    -2.762380     3.882242            7     13
   -0.528678    -2.073750     0.291981            7     13
   -0.528678    -2.762380     0.291981            7     13
   -0.528678    -0.622934     2.431426            7     13
   -1.217308    -0.622934     2.431426            7     13
   -0.528678    -4.213195     2.431426            7     13
   -1.217308    -4.213195     2.431426            7     13
   -0.528678    -0.622934     1.742796            7     13
   -1.217308    -0.622934     1.742796            7     13
   -0.528678    -4.213195     1.742796            7     13
    0.922138    -2.073750     2.431426            7     13
    0.922138    -2.762380     2.431426            7     13
    0.922138    -2.073750     1.742796            7     13
    0.922138    -2.762380     1.742796            7     13
    0.411190    -1.133881     2.488792            7     13
   -2.157176    -1.133881     2.488792            7     13
    0.411190    -3.702248     2.488792            7     13
    0.411190    -1.133881     1.685431            7     13
    0.411190    -3.702248     1.685431            7     13
    0.411190    -2.016384     3.371294            7     13
   -2.157176    -2.016384     3.371294            7     13
    0.411190    -2.819745     3.371294            7     13
   -2.157176    -2.819745     3.371294            7     13
    0.411190    -2.016384     0.802928            7     13
    0.411190    -2.819745     0.802928            7     13
   -0.471313    -1.133881     3.371294            7     13
   -1.274674    -1.133881     3.371294            7     13
   -0.471313    -3.702248     3.371294            7     13
   -1.274674    -3.702248     3.371294            7     13
   -0.471313    -1.133881     0.802928            7     13
   -1.274674    -1.133881     0.802928            7     13
   -0.471313    -3.702248     0.802928            7     13
   -0.137011    -1.682082     3.628623            7     13
   -1.608976    -1.682082     3.628623            7     13
   -0.137011    -3.154047     3.628623            7     13
   -1.608976    -3.154047     3.628623            7     13
   -0.137011    -1.682082     0.545599            7     13
   -0.137011    -3.154047     0.545599            7     13
   -0.137011    -0.876552     2.823094            7     13
   -1.608976    -0.876552     2.823094            7     13
   -0.137011    -3.959577     2.823094            7     13
   -0.137011    -0.876552     1.351129            7     13
   -1.608976    -0.876552     1.351129            7     13
   -0.137011    -3.959577     1.351129            7     13
    0.668519    -1.682082     2.823094            7     13
   -2.414505    -1.682082     2.823094            7     13
    0.668519    -3.154047     2.823094            7     13
    0.668519    -1.682082     1.351129            7     13
    0.668519    -3.154047     1.351129            7     13
    0.016773    -0.784689     2.087111            7     13
   -1.762760    -0.784689     2.087111            7     13
    0.016773    -4.051440     2.087111            7     13
    0.760382    -1.528298     2.087111            7     13
    0.760382    -3.307831     2.087111            7     13
    0.016773    -2.418065     3.720487            7     13
   -1.762760    -2.418065     3.720487            7     13
    0.016773    -2.418065     0.453736            7     13
    0.760382    -2.418065     2.976878            7     13
    0.760382    -2.418065     1.197345            7     13
   -0.872993    -1.528298     3.720487            7     13
   -0.872993    -3.307831     3.720487            7     13
   -0.872993    -1.528298     0.453736            7     13
   -0.872993    -3.307831     0.453736            7     13
   -0.872993    -0.784689     2.976878            7     13
   -0.872993    -4.051440     2.976878            7     13
   -0.872993    -0.784689     1.197345            7     13
   -0.872993    -4.051440     1.197345            7     13
    0.637284    -2.991985     2.920889            1     14
   -0.682716    -4.311985     2.920889            1     14
   -0.682716    -2.991985     4.240889            1     14
    0.079386    -2.229883     3.682992            1     14
   -1.444819    -2.229883     3.682992            1     14
    0.079386    -3.754088     3.682992            1     14
   -1.444819    -3.754088     3.682992            1     14
    0.079386    -3.754088     2.158787            1     14
   -0.438364    -2.747633     4.194853            1     14
   -0.927069    -2.747633     4.194853            1     14
   -0.438364    -3.236338     4.194853            1     14
   -0.927069    -3.236338     4.194853            1     14
   -0.438364    -4.265949     3.165242            1     14
   -0.927069    -4.265949     3.165242            1     14
   -0.438364    -4.265949     2.676537            1     14
   -0.927069    -4.265949     2.676537            1     14
    0.591247    -2.747633     3.165242            1     14
    0.591247    -3.236338     3.165242            1     14
    0.591247    -2.747633     2.676537            1     14
    0.591247    -3.236338     2.676537            1     14
    0.228639    -2.080629     3.205953            1     14
    0.228639    -3.903341     3.205953            1     14
    0.228639    -3.903341     2.635826            1     14
    0.228639    -2.706922     3.832245            1     14
   -1.594072    -2.706922     3.832245            1     14
    0.228639    -3.277049     3.832245            1     14
   -1.594072    -3.277049     3.832245            1     14
   -0.397653    -2.080629     3.832245            1     14
   -0.967780    -2.080629     3.832245            1     14
   -0.397653    -3.903341     3.832245            1     14
   -0.967780    -3.903341     3.832245            1     14
   -0.397653    -3.903341     2.009533            1     14
   -0.160406    -2.469675     4.014866            1     14
   -1.205027    -2.469675     4.014866            1     14
   -0.160406    -3.514295     4.014866            1     14
   -1.205027    -3.514295     4.014866            1     14
   -0.160406    -1.898009     3.443199            1     14
   -0.160406    -4.085962     3.443199            1     14
   -1.205027    -4.085962     3.443199            1     14
   -0.160406    -4.085962     2.398579            1     14
    0.411260    -2.469675     3.443199            1     14
   -1.776693    -2.469675     3.443199            1     14
    0.411260    -3.514295     3.443199            1     14
   -1.776693    -3.514295     3.443199            1     14
    0.411260    -3.514295     2.398579            1     14
   -0.051269    -4.151155     2.920889            1     14
   -1.314164    -4.151155     2.920889            1     14
    0.476453    -2.360538     2.920889            1     14
    0.476453    -3.623432     2.920889            1     14
   -0.051269    -2.991985     4.080059            1     14
   -1.314164    -2.991985     4.080059            1     14
    0.476453    -2.991985     3.552336            1     14
   -1.841886    -2.991985     3.552336            1     14
   -0.682716    -2.360538     4.080059            1     14
   -0.682716    -3.623432     4.080059            1     14
   -0.682716    -1.832815     3.552336            1     14
   -0.682716    -4.151155     3.552336            1     14
   -0.682716    -4.151155     2.289442            1     14
