# Atoms array:
     x           y            z                   Z     indx
   -3.790139    -1.773335     1.772672            6      0
   -5.310272    -2.433502     2.583101           16      1
   -4.002128    -1.397846     0.759329            1      2
   -3.358127    -0.939684     2.348329            1      3
   -3.011950    -2.547227     1.681748            1      4

# Gridpoints array:
     x           y            z                   Z     indx
   -1.750139    -1.773335     1.772672            6      0
   -3.790139     0.266665     1.772672            6      0
   -3.790139    -3.813336     1.772672            6      0
   -3.790139    -1.773335     3.812672            6      0
   -3.790139    -1.773335    -0.267328            6      0
   -2.612345    -0.595541     2.950467            6      0
   -4.967934    -0.595541     2.950467            6      0
   -2.612345    -2.951130     2.950467            6      0
   -2.612345    -0.595541     0.594878            6      0
   -4.967934    -0.595541     0.594878            6      0
   -2.612345    -2.951130     0.594878            6      0
   -4.967934    -2.951130     0.594878            6      0
   -3.412503    -1.395700     3.741525            6      0
   -4.167775    -1.395700     3.741525            6      0
   -3.412503    -2.150971     3.741525            6      0
   -3.412503    -1.395700    -0.196181            6      0
   -4.167775    -1.395700    -0.196181            6      0
   -3.412503    -2.150971    -0.196181            6      0
   -4.167775    -2.150971    -0.196181            6      0
   -3.412503     0.195518     2.150308            6      0
   -4.167775     0.195518     2.150308            6      0
   -3.412503    -3.742189     2.150308            6      0
   -4.167775    -3.742189     2.150308            6      0
   -3.412503     0.195518     1.395037            6      0
   -4.167775     0.195518     1.395037            6      0
   -3.412503    -3.742189     1.395037            6      0
   -4.167775    -3.742189     1.395037            6      0
   -1.821286    -1.395700     2.150308            6      0
   -1.821286    -2.150971     2.150308            6      0
   -1.821286    -1.395700     1.395037            6      0
   -1.821286    -2.150971     1.395037            6      0
   -2.381680    -0.364877     2.213225            6      0
   -5.198598    -0.364877     2.213225            6      0
   -2.381680    -3.181794     2.213225            6      0
   -2.381680    -0.364877     1.332120            6      0
   -5.198598    -0.364877     1.332120            6      0
   -2.381680    -3.181794     1.332120            6      0
   -2.381680    -1.332783     3.181131            6      0
   -2.381680    -2.213888     3.181131            6      0
   -2.381680    -1.332783     0.364214            6      0
   -5.198598    -1.332783     0.364214            6      0
   -2.381680    -2.213888     0.364214            6      0
   -5.198598    -2.213888     0.364214            6      0
   -3.349586    -0.364877     3.181131            6      0
   -4.230692    -0.364877     3.181131            6      0
   -3.349586    -3.181794     3.181131            6      0
   -3.349586    -0.364877     0.364214            6      0
   -4.230692    -0.364877     0.364214            6      0
   -3.349586    -3.181794     0.364214            6      0
   -4.230692    -3.181794     0.364214            6      0
   -2.982933    -0.966129     3.463363            6      0
   -4.597346    -0.966129     3.463363            6      0
   -2.982933    -2.580542     3.463363            6      0
   -2.982933    -0.966129     0.081982            6      0
   -4.597346    -0.966129     0.081982            6      0
   -2.982933    -2.580542     0.081982            6      0
   -4.597346    -2.580542     0.081982            6      0
   -2.982933    -0.082645     2.579879            6      0
   -4.597346    -0.082645     2.579879            6      0
   -2.982933    -3.464026     2.579879            6      0
   -2.982933    -0.082645     0.965466            6      0
   -4.597346    -0.082645     0.965466            6      0
   -2.982933    -3.464026     0.965466            6      0
   -4.597346    -3.464026     0.965466            6      0
   -2.099448    -0.966129     2.579879            6      0
   -2.099448    -2.580542     2.579879            6      0
   -2.099448    -0.966129     0.965466            6      0
   -5.480830    -0.966129     0.965466            6      0
   -2.099448    -2.580542     0.965466            6      0
   -5.480830    -2.580542     0.965466            6      0
   -2.814266     0.018109     1.772672            6      0
   -4.766012     0.018109     1.772672            6      0
   -2.814266    -3.564780     1.772672            6      0
   -1.998695    -0.797463     1.772672            6      0
   -5.581583    -0.797463     1.772672            6      0
   -1.998695    -2.749208     1.772672            6      0
   -2.814266    -1.773335     3.564117            6      0
   -2.814266    -1.773335    -0.018772            6      0
   -4.766012    -1.773335    -0.018772            6      0
   -1.998695    -1.773335     2.748545            6      0
   -1.998695    -1.773335     0.796800            6      0
   -5.581583    -1.773335     0.796800            6      0
   -3.790139    -0.797463     3.564117            6      0
   -3.790139    -2.749208     3.564117            6      0
   -3.790139    -0.797463    -0.018772            6      0
   -3.790139    -2.749208    -0.018772            6      0
   -3.790139     0.018109     2.748545            6      0
   -3.790139    -3.564780     2.748545            6      0
   -3.790139     0.018109     0.796800            6      0
   -3.790139    -3.564780     0.796800            6      0
   -7.470272    -2.433502     2.583101           16      1
   -5.310272    -0.273502     2.583101           16      1
   -5.310272    -4.593502     2.583101           16      1
   -5.310272    -2.433502     4.743101           16      1
   -5.310272    -2.433502     0.423101           16      1
   -4.063196    -1.186426     3.830178           16      1
   -6.557349    -1.186426     3.830178           16      1
   -4.063196    -3.680579     3.830178           16      1
   -6.557349    -3.680579     3.830178           16      1
   -6.557349    -1.186426     1.336025           16      1
   -4.063196    -3.680579     1.336025           16      1
   -6.557349    -3.680579     1.336025           16      1
   -4.910423    -2.033653     4.667769           16      1
   -5.710122    -2.033653     4.667769           16      1
   -4.910423    -2.833352     4.667769           16      1
   -5.710122    -2.833352     4.667769           16      1
   -4.910423    -2.033653     0.498433           16      1
   -5.710122    -2.033653     0.498433           16      1
   -4.910423    -2.833352     0.498433           16      1
   -5.710122    -2.833352     0.498433           16      1
   -4.910423    -0.348834     2.982951           16      1
   -5.710122    -0.348834     2.982951           16      1
   -4.910423    -4.518170     2.982951           16      1
   -5.710122    -4.518170     2.982951           16      1
   -4.910423    -0.348834     2.183251           16      1
   -5.710122    -0.348834     2.183251           16      1
   -4.910423    -4.518170     2.183251           16      1
   -5.710122    -4.518170     2.183251           16      1
   -7.394940    -2.033653     2.982951           16      1
   -3.225604    -2.833352     2.982951           16      1
   -7.394940    -2.833352     2.982951           16      1
   -7.394940    -2.033653     2.183251           16      1
   -7.394940    -2.833352     2.183251           16      1
   -6.801582    -0.942193     3.049569           16      1
   -3.818963    -3.924812     3.049569           16      1
   -6.801582    -3.924812     3.049569           16      1
   -6.801582    -0.942193     2.116633           16      1
   -3.818963    -3.924812     2.116633           16      1
   -6.801582    -3.924812     2.116633           16      1
   -3.818963    -1.967035     4.074411           16      1
   -6.801582    -1.967035     4.074411           16      1
   -3.818963    -2.899970     4.074411           16      1
   -6.801582    -2.899970     4.074411           16      1
   -6.801582    -1.967035     1.091792           16      1
   -6.801582    -2.899970     1.091792           16      1
   -4.843805    -0.942193     4.074411           16      1
   -5.776740    -0.942193     4.074411           16      1
   -4.843805    -3.924812     4.074411           16      1
   -5.776740    -3.924812     4.074411           16      1
   -5.776740    -0.942193     1.091792           16      1
   -4.843805    -3.924812     1.091792           16      1
   -5.776740    -3.924812     1.091792           16      1
   -4.455583    -1.578813     4.373244           16      1
   -6.164962    -1.578813     4.373244           16      1
   -4.455583    -3.288192     4.373244           16      1
   -6.164962    -3.288192     4.373244           16      1
   -6.164962    -1.578813     0.792958           16      1
   -4.455583    -3.288192     0.792958           16      1
   -6.164962    -3.288192     0.792958           16      1
   -4.455583    -0.643359     3.437790           16      1
   -6.164962    -0.643359     3.437790           16      1
   -4.455583    -4.223646     3.437790           16      1
   -6.164962    -4.223646     3.437790           16      1
   -6.164962    -0.643359     1.728412           16      1
   -4.455583    -4.223646     1.728412           16      1
   -6.164962    -4.223646     1.728412           16      1
   -3.520129    -1.578813     3.437790           16      1
   -7.100415    -1.578813     3.437790           16      1
   -3.520129    -3.288192     3.437790           16      1
   -7.100415    -3.288192     3.437790           16      1
   -7.100415    -1.578813     1.728412           16      1
   -7.100415    -3.288192     1.728412           16      1
   -6.343549    -0.536679     2.583101           16      1
   -4.276995    -4.330326     2.583101           16      1
   -6.343549    -4.330326     2.583101           16      1
   -7.207096    -1.400225     2.583101           16      1
   -3.413449    -3.466779     2.583101           16      1
   -7.207096    -3.466779     2.583101           16      1
   -4.276995    -2.433502     4.479924           16      1
   -6.343549    -2.433502     4.479924           16      1
   -6.343549    -2.433502     0.686278           16      1
   -3.413449    -2.433502     3.616378           16      1
   -7.207096    -2.433502     3.616378           16      1
   -7.207096    -2.433502     1.549824           16      1
   -5.310272    -1.400225     4.479924           16      1
   -5.310272    -3.466779     4.479924           16      1
   -5.310272    -1.400225     0.686278           16      1
   -5.310272    -3.466779     0.686278           16      1
   -5.310272    -0.536679     3.616378           16      1
   -5.310272    -4.330326     3.616378           16      1
   -5.310272    -0.536679     1.549824           16      1
   -5.310272    -4.330326     1.549824           16      1
   -5.322128    -1.397846     0.759329            1      2
   -4.002128    -0.077846     0.759329            1      2
   -4.002128    -1.397846    -0.560671            1      2
   -3.240026    -0.635743    -0.002774            1      2
   -4.764231    -0.635743    -0.002774            1      2
   -3.240026    -2.159948    -0.002774            1      2
   -4.764231    -2.159948    -0.002774            1      2
   -3.757776    -1.153493    -0.514635            1      2
   -4.246481    -1.153493    -0.514635            1      2
   -3.757776    -1.642198    -0.514635            1      2
   -4.246481    -1.642198    -0.514635            1      2
   -3.757776    -0.123882     1.003681            1      2
   -4.246481    -0.123882     1.003681            1      2
   -3.757776    -0.123882     0.514976            1      2
   -4.246481    -0.123882     0.514976            1      2
   -5.276092    -1.153493     1.003681            1      2
   -2.728164    -1.153493     0.514976            1      2
   -5.276092    -1.153493     0.514976            1      2
   -5.276092    -1.642198     0.514976            1      2
   -4.913484    -0.486490     1.044392            1      2
   -3.090772    -0.486490     0.474265            1      2
   -4.913484    -0.486490     0.474265            1      2
   -4.913484    -2.309202     0.474265            1      2
   -3.090772    -1.112782    -0.152027            1      2
   -4.913484    -1.112782    -0.152027            1      2
   -3.090772    -1.682909    -0.152027            1      2
   -4.913484    -1.682909    -0.152027            1      2
   -3.717065    -0.486490    -0.152027            1      2
   -4.287192    -0.486490    -0.152027            1      2
   -3.717065    -2.309202    -0.152027            1      2
   -4.287192    -2.309202    -0.152027            1      2
   -3.479818    -0.875536    -0.334648            1      2
   -4.524438    -0.875536    -0.334648            1      2
   -3.479818    -1.920156    -0.334648            1      2
   -4.524438    -1.920156    -0.334648            1      2
   -4.524438    -0.303869     1.281639            1      2
   -3.479818    -0.303869     0.237018            1      2
   -4.524438    -0.303869     0.237018            1      2
   -3.479818    -2.491822     0.237018            1      2
   -4.524438    -2.491822     0.237018            1      2
   -2.908152    -0.875536     0.237018            1      2
   -5.096105    -0.875536     0.237018            1      2
   -2.908152    -1.920156     0.237018            1      2
   -5.096105    -1.920156     0.237018            1      2
   -3.370681    -0.238676     0.759329            1      2
   -4.633575    -0.238676     0.759329            1      2
   -2.842958    -0.766399     0.759329            1      2
   -5.161298    -0.766399     0.759329            1      2
   -3.370681    -1.397846    -0.399841            1      2
   -4.633575    -1.397846    -0.399841            1      2
   -2.842958    -1.397846     0.127881            1      2
   -5.161298    -1.397846     0.127881            1      2
   -4.002128    -0.766399    -0.399841            1      2
   -4.002128    -2.029293    -0.399841            1      2
   -4.002128    -0.238676     0.127881            1      2
   -4.002128    -2.557016     0.127881            1      2
   -2.038127    -0.939684     2.348329            1      3
   -3.358127     0.380316     2.348329            1      3
   -3.358127    -0.939684     3.668329            1      3
   -2.596024    -0.177582     3.110431            1      3
   -4.120229    -0.177582     3.110431            1      3
   -2.596024    -1.701787     3.110431            1      3
   -2.596024    -0.177582     1.586226            1      3
   -3.113774    -0.695332     3.622292            1      3
   -3.602479    -0.695332     3.622292            1      3
   -3.113774    -1.184037     3.622292            1      3
   -3.602479    -1.184037     3.622292            1      3
   -3.113774     0.334280     2.592681            1      3
   -3.602479     0.334280     2.592681            1      3
   -3.113774     0.334280     2.103976            1      3
   -3.602479     0.334280     2.103976            1      3
   -2.084163    -0.695332     2.592681            1      3
   -2.084163    -1.184037     2.592681            1      3
   -2.084163    -0.695332     2.103976            1      3
   -2.084163    -1.184037     2.103976            1      3
   -2.446771    -0.028328     2.633392            1      3
   -4.269483    -0.028328     2.633392            1      3
   -2.446771    -0.028328     2.063265            1      3
   -4.269483    -0.028328     2.063265            1      3
   -2.446771    -0.654621     3.259684            1      3
   -4.269483    -0.654621     3.259684            1      3
   -2.446771    -1.224748     3.259684            1      3
   -2.446771    -0.654621     1.436973            1      3
   -3.073063    -0.028328     3.259684            1      3
   -3.643190    -0.028328     3.259684            1      3
   -3.073063    -0.028328     1.436973            1      3
   -3.643190    -0.028328     1.436973            1      3
   -2.835817    -0.417374     3.442305            1      3
   -3.880437    -0.417374     3.442305            1      3
   -2.835817    -1.461994     3.442305            1      3
   -2.835817    -0.417374     1.254352            1      3
   -2.835817     0.154292     2.870639            1      3
   -3.880437     0.154292     2.870639            1      3
   -2.835817     0.154292     1.826019            1      3
   -3.880437     0.154292     1.826019            1      3
   -2.264150    -0.417374     2.870639            1      3
   -4.452103    -0.417374     2.870639            1      3
   -2.264150    -1.461994     2.870639            1      3
   -2.264150    -0.417374     1.826019            1      3
   -2.726680     0.219486     2.348329            1      3
   -3.989574     0.219486     2.348329            1      3
   -2.198957    -0.308237     2.348329            1      3
   -4.517297    -0.308237     2.348329            1      3
   -2.198957    -1.571131     2.348329            1      3
   -2.726680    -0.939684     3.507498            1      3
   -3.989574    -0.939684     3.507498            1      3
   -2.198957    -0.939684     2.979776            1      3
   -2.198957    -0.939684     1.716882            1      3
   -3.358127    -0.308237     3.507498            1      3
   -3.358127    -1.571131     3.507498            1      3
   -3.358127     0.219486     2.979776            1      3
   -3.358127     0.219486     1.716882            1      3
   -1.691950    -2.547227     1.681748            1      4
   -3.011950    -3.867227     1.681748            1      4
   -2.249847    -3.309330     2.443851            1      4
   -2.249847    -1.785125     0.919646            1      4
   -2.249847    -3.309330     0.919646            1      4
   -3.774052    -3.309330     0.919646            1      4
   -2.767597    -2.791580     2.955712            1      4
   -2.767597    -2.302875     0.407784            1      4
   -2.767597    -2.791580     0.407784            1      4
   -3.256302    -2.791580     0.407784            1      4
   -2.767597    -3.821191     1.926101            1      4
   -3.256302    -3.821191     1.926101            1      4
   -2.767597    -3.821191     1.437396            1      4
   -3.256302    -3.821191     1.437396            1      4
   -1.737986    -2.302875     1.926101            1      4
   -1.737986    -2.791580     1.926101            1      4
   -1.737986    -2.302875     1.437396            1      4
   -1.737986    -2.791580     1.437396            1      4
   -2.100594    -1.635871     1.966812            1      4
   -2.100594    -3.458583     1.966812            1      4
   -2.100594    -1.635871     1.396685            1      4
   -2.100594    -3.458583     1.396685            1      4
   -3.923305    -3.458583     1.396685            1      4
   -2.100594    -2.262164     2.593104            1      4
   -2.100594    -2.832291     2.593104            1      4
   -2.100594    -2.262164     0.770392            1      4
   -2.100594    -2.832291     0.770392            1      4
   -2.726886    -3.458583     2.593104            1      4
   -3.297013    -3.458583     2.593104            1      4
   -2.726886    -3.458583     0.770392            1      4
   -3.297013    -3.458583     0.770392            1      4
   -2.489639    -3.069537     2.775725            1      4
   -2.489639    -2.024917     0.587772            1      4
   -2.489639    -3.069537     0.587772            1      4
   -3.534260    -3.069537     0.587772            1      4
   -2.489639    -3.641204     2.204058            1      4
   -3.534260    -3.641204     2.204058            1      4
   -2.489639    -3.641204     1.159438            1      4
   -3.534260    -3.641204     1.159438            1      4
   -1.917973    -2.024917     2.204058            1      4
   -1.917973    -3.069537     2.204058            1      4
   -1.917973    -2.024917     1.159438            1      4
   -1.917973    -3.069537     1.159438            1      4
   -2.380502    -3.706397     1.681748            1      4
   -3.643397    -3.706397     1.681748            1      4
   -1.852780    -1.915780     1.681748            1      4
   -1.852780    -3.178674     1.681748            1      4
   -2.380502    -2.547227     2.840918            1      4
   -2.380502    -2.547227     0.522578            1      4
   -1.852780    -2.547227     2.313195            1      4
   -1.852780    -2.547227     1.050301            1      4
   -3.011950    -3.178674     2.840918            1      4
   -3.011950    -3.178674     0.522578            1      4
   -3.011950    -3.706397     2.313195            1      4
   -3.011950    -3.706397     1.050301            1      4
