$hessian                                                                        
        0.3401928801   0.1549954646  -0.2317076034  -0.0649101212  -0.0608578586
       -0.0075809423   0.0026551712  -0.0038987305   0.0032025027   0.0016831629
       -0.0011682986  -0.0028189285  -0.0000102475  -0.0180686120  -0.0096407581
        0.0006642783   0.0142908496   0.0083087794  -0.0027228284   0.0122133835
        0.0047305042   0.0022695864  -0.0048135927   0.0042642865  -0.0271768200
       -0.0203283508   0.0240026104  -0.0010267199  -0.0023314793   0.0003824305
       -0.1232474390   0.0362126947   0.1347777894  -0.1282384055  -0.1066185771
        0.0708961149  -0.0002529739   0.0002209633   0.0007371411   0.0003700895
       -0.0001903386  -0.0006192898  -0.0002496132   0.0003424825   0.0010653629
        0.1549954646   0.5863925884   0.1068895264  -0.0202116590  -0.2841882809
       -0.1291414164  -0.0045827985  -0.0008096520   0.0012545416   0.0132849083
       -0.0104341386  -0.0248510798  -0.0468971742  -0.0523525600   0.0288239194
       -0.0001541787  -0.0073922972  -0.0045870208   0.0119999574  -0.0235452775
       -0.0282036023  -0.0043339608  -0.0007959964   0.0003646674   0.0086356848
        0.0364331157   0.0116654824  -0.0016531192   0.0016759192   0.0031250566
       -0.0044124484  -0.0933409267  -0.0277755863  -0.1065998915  -0.1504243968
        0.0635185939  -0.0005147227  -0.0000502871   0.0004913068   0.0004132219
       -0.0006170620  -0.0001347528   0.0000307161  -0.0005507480  -0.0014396362
       -0.2317076034   0.1068895264   0.4779844021   0.0186629128  -0.0740742512
       -0.1145111229   0.0027807717   0.0003116831   0.0033353504   0.0065013443
       -0.0052496119  -0.0120663231  -0.0282669101  -0.0102490870   0.0331202201
       -0.0010061466  -0.0241510404  -0.0141952738   0.0046433556  -0.0284705990
       -0.0296345800   0.0045714327   0.0010357022   0.0021627006   0.0427007472
        0.0508954148  -0.0247653617   0.0007760568   0.0040057572   0.0018483825
        0.1085403037  -0.0828098979  -0.2414376743   0.0709072621   0.0635383257
       -0.0801180993   0.0002515711  -0.0004534319  -0.0004992189   0.0010090341
       -0.0010382624  -0.0008845337  -0.0003641320  -0.0001802276  -0.0003388679
       -0.0649101212  -0.0202116590   0.0186629128   0.3483980264   0.1555615456
       -0.2248719681  -0.0002267032  -0.0001862274   0.0000536765   0.0026965688
       -0.0001217499   0.0056760685  -0.1642510529  -0.1450613342   0.0789981673
       -0.0953246570   0.0255948743   0.1016500594  -0.0270632096   0.0081607581
        0.0351913133  -0.0037983163  -0.0023884669   0.0013460919  -0.0095116312
       -0.0171414131  -0.0017449929   0.0048319076  -0.0000006128   0.0019320721
        0.0146011986   0.0136304598  -0.0100253379  -0.0051657334  -0.0184860374
       -0.0077444490   0.0000540758   0.0002774491   0.0001704199  -0.0003657682
        0.0002002891   0.0002552716   0.0000354158   0.0001721246   0.0004506947
       -0.0608578586  -0.2841882809  -0.0740742512   0.1555615456   0.5987574366
        0.1056646494   0.0000900303  -0.0006807776  -0.0005134788  -0.0008583055
        0.0020993752  -0.0019378766  -0.1053112499  -0.2010240403   0.0367386444
        0.0259430218  -0.0584801176  -0.0519085940  -0.0173103101   0.0369454625
        0.0504397202  -0.0177564937  -0.0225420695   0.0105647946  -0.0214958797
       -0.0431492022   0.0029649377   0.0031511709   0.0004543969  -0.0080108611
        0.0434068518  -0.0086900083  -0.0648554139  -0.0037655710  -0.0212619178
       -0.0072808466  -0.0000734851   0.0004883704   0.0005393531  -0.0008794505
        0.0009371053   0.0004125258   0.0001559839   0.0003342672   0.0012566971
       -0.0075809423  -0.1291414164  -0.1145111229  -0.2248719681   0.1056646494
        0.4809906653   0.0002459886  -0.0001258837  -0.0005041546   0.0051910299
       -0.0029483426  -0.0020013693   0.1046553933   0.0905965800  -0.1201407236
        0.1018664768  -0.0514474580  -0.2036567190   0.0187643921   0.0159201753
       -0.0200530584  -0.0085691321  -0.0102570996   0.0033391514  -0.0045383920
       -0.0029125305   0.0016385562   0.0039908185  -0.0036972739  -0.0015513598
        0.0091697794  -0.0245407164  -0.0275550130   0.0017570484   0.0126599608
        0.0037128781  -0.0001375221  -0.0000540440   0.0001060980  -0.0001550475
        0.0001504249   0.0000056684   0.0002120770   0.0001329747   0.0001805032
        0.0026551712  -0.0045827985   0.0027807717  -0.0002267032   0.0000900303
        0.0002459886   0.4778393123   0.0159083397   0.0166688402  -0.0010343143
        0.0021042235  -0.0009932056   0.0043227466  -0.0022979299   0.0018850724
       -0.0007700710   0.0004832430  -0.0007645789   0.0025165103   0.0027046043
        0.0019415323  -0.0006162428   0.0000370968  -0.0007531718  -0.0975763263
        0.0154203157   0.0638461767   0.0001271294  -0.0013123989  -0.0017426594
       -0.0150421329   0.0023186250   0.0196938887  -0.0001263294  -0.0000339264
        0.0012416014  -0.1172591598  -0.1027615028   0.0312763015  -0.1191774534
        0.1044973056  -0.0231468159  -0.1356321366  -0.0325752273  -0.1121797418
       -0.0038987305  -0.0008096520   0.0003116831  -0.0001862274  -0.0006807776
       -0.0001258837   0.0159083397   0.5102898583  -0.0035891805   0.0004921080
        0.0011976339   0.0018951633  -0.0023917492  -0.0034149346  -0.0033482330
        0.0005134426  -0.0000005404   0.0003188674   0.0101162740  -0.0099728447
       -0.0218567483   0.0010600174  -0.0008326185  -0.0011987018   0.0139117852
       -0.0744024518  -0.0295660942   0.0023783110  -0.0009131096  -0.0034908043
       -0.0084001969   0.0036652493   0.0147807679  -0.0009490417   0.0001500744
        0.0008684661  -0.1029501013  -0.1885913619   0.0472242287   0.1051668366
       -0.1846035178   0.0307894901  -0.0307710674  -0.0510810071  -0.0330130207
        0.0032025027   0.0012545416   0.0033353504   0.0000536765  -0.0005134788
       -0.0005041546   0.0166688402  -0.0035891805   0.4575469290  -0.0020375458
       -0.0002885148  -0.0002089389   0.0018167662  -0.0034694608   0.0021086689
       -0.0007493201   0.0003561492  -0.0003309257   0.0067283207  -0.0118311240
       -0.0140586594  -0.0001044822   0.0001840388  -0.0009514641   0.0628733168
       -0.0316292627  -0.1633865972   0.0006507488   0.0015223895  -0.0004137435
        0.0127863521   0.0002657851  -0.0187717210   0.0006438194  -0.0003667062
       -0.0003225413   0.0311679164   0.0469866658  -0.0573340625  -0.0258916946
        0.0345468059  -0.0449084920  -0.1078092172  -0.0334286479  -0.1617996481
        0.0016831629   0.0132849083   0.0065013443   0.0026965688  -0.0008583055
        0.0051910299  -0.0010343143   0.0004921080  -0.0020375458   0.0410405524
        0.0367306145  -0.0001335630  -0.0000820141  -0.0001037662   0.0002252618
        0.0000665435   0.0006629333   0.0005393125   0.0035431783  -0.0029142638
        0.0055110928  -0.0009555283   0.0003651203  -0.0007405394  -0.0024653839
       -0.0196000656  -0.0068776742  -0.0014980129  -0.0018014552  -0.0004489452
       -0.0416000883  -0.0278389518  -0.0065259937  -0.0009771011   0.0012863119
       -0.0011508279   0.0000683096   0.0001930991  -0.0001133232  -0.0007060018
        0.0004197837   0.0002669171   0.0002201290  -0.0003180709  -0.0002065461
       -0.0011682986  -0.0104341386  -0.0052496119  -0.0001217499   0.0020993752
       -0.0029483426   0.0021042235   0.0011976339  -0.0002885148   0.0367306145
        0.2662114748   0.1068532240  -0.0000774054   0.0010106995   0.0006647130
        0.0002082727  -0.0009612431  -0.0010009689  -0.0032643185   0.0032509795
        0.0007329800   0.0004264124  -0.0007008394   0.0000632555  -0.0059247538
       -0.0258534489  -0.0098064719  -0.0020804624  -0.0041742562   0.0007338685
       -0.0274399353  -0.2324552793  -0.0914045074   0.0008065716   0.0007150408
        0.0009322357   0.0002585336   0.0000919151  -0.0002242346  -0.0004879100
        0.0000515517   0.0000011322   0.0000302055  -0.0000494650   0.0009412432
       -0.0028189285  -0.0248510798  -0.0120663231   0.0056760685  -0.0019378766
       -0.0020013693  -0.0009932056   0.0018951633  -0.0002089389  -0.0001335630
        0.1068532240   0.0925754254   0.0002295735   0.0006769500   0.0002563786
        0.0002491987  -0.0016121806  -0.0012251390   0.0052815162   0.0002266203
        0.0020000824  -0.0006985717   0.0001564767  -0.0006286008   0.0019468365
        0.0087236202   0.0047815160  -0.0006226431   0.0003762673   0.0001203242
       -0.0062939858  -0.0908596707  -0.0832556657  -0.0014494006   0.0002959310
       -0.0002834687  -0.0000713339  -0.0001278883  -0.0001026547  -0.0001813110
        0.0002141505   0.0004268252  -0.0001202503  -0.0000297073  -0.0003883915
       -0.0000102475  -0.0468971742  -0.0282669101  -0.1642510529  -0.1053112499
        0.1046553933   0.0043227466  -0.0023917492   0.0018167662  -0.0000820141
       -0.0000774054   0.0002295735   0.3498311261   0.1835680989  -0.2260840163
       -0.0116942338  -0.0105528278   0.0105415318  -0.1060570022  -0.0045587320
        0.0702672745  -0.0403858017  -0.0307219972  -0.0046190805   0.0128294479
        0.0370112092   0.0033227375  -0.0273797755  -0.0129114291   0.0438095286
       -0.0219357086  -0.0038705240   0.0237098026   0.0039076465  -0.0017192614
        0.0020737816  -0.0000349667  -0.0008272610  -0.0006085968   0.0013575152
       -0.0008653806  -0.0012957188  -0.0004176791   0.0001256838   0.0004479329
       -0.0180686120  -0.0523525600  -0.0102490870  -0.1450613342  -0.2010240403
        0.0905965800  -0.0022979299  -0.0034149346  -0.0034694608  -0.0001037662
        0.0010106995   0.0006769500   0.1835680989   0.5826163441   0.0656431887
        0.0038380265   0.0041327088  -0.0032340101   0.0311131865  -0.0941446318
       -0.0692545446  -0.0306122865  -0.2326332497  -0.0898799028   0.0163741865
       -0.0014883534  -0.0216272255  -0.0267991249   0.0032081605   0.0312034964
       -0.0100223925  -0.0019489101   0.0139789219  -0.0022210990  -0.0033381479
       -0.0031980864  -0.0003484126  -0.0002466412   0.0002621481  -0.0000219327
       -0.0000122568  -0.0002391969   0.0006633921  -0.0003641872  -0.0012097712
       -0.0096407581   0.0288239194   0.0331202201   0.0789981673   0.0367386444
       -0.1201407236   0.0018850724  -0.0033482330   0.0021086689   0.0002252618
        0.0006647130   0.0002563786  -0.2260840163   0.0656431887   0.4441032396
        0.0198187913   0.0162543412  -0.0152606582   0.0932133617  -0.0209831606
       -0.1918813295  -0.0045131875  -0.0897216886  -0.0808833205  -0.0099918500
       -0.0495753848  -0.0208009342   0.0348435053   0.0123860156  -0.0281216401
        0.0197351986   0.0056528303  -0.0256707252   0.0017492023  -0.0038773804
        0.0013880388  -0.0002296015   0.0009829191   0.0009536618   0.0000697214
        0.0001197482  -0.0006629501  -0.0000788687   0.0002395273   0.0014920735
        0.0006642783  -0.0001541787  -0.0010061466  -0.0953246570   0.0259430218
        0.1018664768  -0.0007700710   0.0005134426  -0.0007493201   0.0000665435
        0.0002082727   0.0002491987  -0.0116942338   0.0038380265   0.0198187913
        0.1025000516  -0.0244181576  -0.1229900179   0.0049120048  -0.0043412128
        0.0024080805  -0.0015074367   0.0011691397  -0.0017401325   0.0002600778
       -0.0005516451  -0.0002036401  -0.0027378854  -0.0010536513   0.0019283931
        0.0046605923  -0.0019423402   0.0020107017  -0.0008631205   0.0007086321
       -0.0016650553  -0.0000239206  -0.0000703292  -0.0000246894  -0.0002512039
        0.0001922736   0.0001955158   0.0001089806  -0.0000412940  -0.0000981559
        0.0142908496  -0.0073922972  -0.0241510404   0.0255948743  -0.0584801176
       -0.0514474580   0.0004832430  -0.0000005404   0.0003561492   0.0006629333
       -0.0009612431  -0.0016121806  -0.0105528278   0.0041327088   0.0162543412
       -0.0244181576   0.0671762072   0.0613602564  -0.0041650014  -0.0011071426
       -0.0007334723   0.0007326951   0.0005327589   0.0015069726  -0.0004981025
       -0.0000824534   0.0003824385  -0.0004886455  -0.0000624492   0.0011653714
       -0.0027797867  -0.0039343240  -0.0033343208   0.0011041545   0.0002658272
        0.0002621891   0.0000296099   0.0000145327  -0.0000402502   0.0000591761
       -0.0000931557  -0.0000779707  -0.0000550141  -0.0000083117   0.0001089746
        0.0083087794  -0.0045870208  -0.0141952738   0.1016500594  -0.0519085940
       -0.2036567190  -0.0007645789   0.0003188674  -0.0003309257   0.0005393125
       -0.0010009689  -0.0012251390   0.0105415318  -0.0032340101  -0.0152606582
       -0.1229900179   0.0613602564   0.2295028806   0.0025108383  -0.0004781411
        0.0050192855  -0.0020216879   0.0009013306  -0.0000136348  -0.0001690013
        0.0004592779   0.0008962305   0.0022925696   0.0019236101  -0.0026691187
        0.0014786394  -0.0044678466   0.0021862650  -0.0014121609   0.0007899403
       -0.0000088596   0.0000468275   0.0000986969   0.0000070026   0.0000135385
       -0.0000715197   0.0000969327  -0.0000246495  -0.0001038784  -0.0003482681
       -0.0027228284   0.0119999574   0.0046433556  -0.0270632096  -0.0173103101
        0.0187643921   0.0025165103   0.0101162740   0.0067283207   0.0035431783
       -0.0032643185   0.0052815162  -0.1060570022   0.0311131865   0.0932133617
        0.0049120048  -0.0041650014   0.0025108383   0.3822724784   0.1648473889
       -0.2091730999   0.0033010554  -0.0036466751  -0.0040217893  -0.0658172957
       -0.0347405922  -0.0059170782  -0.1884167683  -0.1434161952   0.0932166402
       -0.0032850600  -0.0170668352  -0.0127654227   0.0016085424   0.0013339114
       -0.0005780606  -0.0005852857   0.0009488095   0.0023249117  -0.0028441747
        0.0022874955   0.0031755532  -0.0013621450   0.0009629046   0.0025965608
        0.0122133835  -0.0235452775  -0.0284705990   0.0081607581   0.0369454625
        0.0159201753   0.0027046043  -0.0099728447  -0.0118311240  -0.0029142638
        0.0032509795   0.0002266203  -0.0045587320  -0.0941446318  -0.0209831606
       -0.0043412128  -0.0011071426  -0.0004781411   0.1648473889   0.5507244815
        0.0354767219   0.0132178797  -0.0126067467  -0.0272901266  -0.0022114557
       -0.1928493869  -0.0868145191  -0.1446109330  -0.2157080024   0.0898888138
       -0.0410375311  -0.0425539986   0.0311421880   0.0014641652   0.0013947323
       -0.0014253034  -0.0019078538  -0.0000816713   0.0022510123  -0.0008428166
        0.0002026135   0.0005458317  -0.0001833808   0.0000514330   0.0018416105
        0.0047305042  -0.0282036023  -0.0296345800   0.0351913133   0.0504397202
       -0.0200530584   0.0019415323  -0.0218567483  -0.0140586594   0.0055110928
        0.0007329800   0.0020000824   0.0702672745  -0.0692545446  -0.1918813295
        0.0024080805  -0.0007334723   0.0050192855  -0.2091730999   0.0354767219
        0.4558489125   0.0067908740  -0.0045255629  -0.0101422407   0.0150668056
       -0.0427374188  -0.1016035772   0.0924737569   0.0882884440  -0.1197759549
       -0.0281954442  -0.0013468415   0.0327099217  -0.0004962107  -0.0012426060
        0.0003858948   0.0004137844  -0.0017481201  -0.0010740576   0.0016561802
       -0.0015160419  -0.0031573294   0.0014135563  -0.0017729074  -0.0045833097
        0.0022695864  -0.0043339608   0.0045714327  -0.0037983163  -0.0177564937
       -0.0085691321  -0.0006162428   0.0010600174  -0.0001044822  -0.0009555283
        0.0004264124  -0.0006985717  -0.0403858017  -0.0306122865  -0.0045131875
       -0.0015074367   0.0007326951  -0.0020216879   0.0033010554   0.0132178797
        0.0067908740   0.0396725343   0.0390230721   0.0010481989   0.0029371771
       -0.0011699148   0.0055864312  -0.0005205185   0.0006666734  -0.0027099097
       -0.0004460210   0.0000309655   0.0003801313   0.0002000348  -0.0014214534
        0.0001517471   0.0000788280   0.0000214453  -0.0000377308  -0.0002005127
        0.0001851643   0.0002676346  -0.0000288381  -0.0000702159  -0.0001417478
       -0.0048135927  -0.0007959964   0.0010357022  -0.0023884669  -0.0225420695
       -0.0102570996   0.0000370968  -0.0008326185   0.0001840388   0.0003651203
       -0.0007008394   0.0001564767  -0.0307219972  -0.2326332497  -0.0897216886
        0.0011691397   0.0005327589   0.0009013306  -0.0036466751  -0.0126067467
       -0.0045255629   0.0390230721   0.2661697132   0.1048675360  -0.0002162007
        0.0018211537  -0.0034523299   0.0019815660   0.0026978395   0.0008583975
       -0.0001128803   0.0010071215   0.0009173843  -0.0009914897  -0.0018521635
       -0.0004840964   0.0000467857   0.0001305224   0.0000022182   0.0003044300
       -0.0003182902  -0.0002431271  -0.0000359080  -0.0000771354  -0.0002391797
        0.0042642865   0.0003646674   0.0021627006   0.0013460919   0.0105647946
        0.0033391514  -0.0007531718  -0.0011987018  -0.0009514641  -0.0007405394
        0.0000632555  -0.0006286008  -0.0046190805  -0.0898799028  -0.0808833205
       -0.0017401325   0.0015069726  -0.0000136348  -0.0040217893  -0.0272901266
       -0.0101422407   0.0010481989   0.1048675360   0.0880898957   0.0061854911
       -0.0021880983  -0.0021743107  -0.0018790387   0.0026261799   0.0014101952
        0.0002834212   0.0007246524  -0.0000978591   0.0004366327   0.0000979213
        0.0004641911  -0.0000323463   0.0000130247   0.0001017879   0.0001229925
       -0.0000790391  -0.0001275033   0.0000989837  -0.0001931357  -0.0005489880
       -0.0271768200   0.0086356848   0.0427007472  -0.0095116312  -0.0214958797
       -0.0045383920  -0.0975763263   0.0139117852   0.0628733168  -0.0024653839
       -0.0059247538   0.0019468365   0.0128294479   0.0163741865  -0.0099918500
        0.0002600778  -0.0004981025  -0.0001690013  -0.0658172957  -0.0022114557
        0.0150668056   0.0029371771  -0.0002162007   0.0061854911   0.3694963695
        0.1670997154  -0.2202923997  -0.0096361781  -0.0415119774  -0.0003650759
       -0.1631975150  -0.1390294338   0.0769716424   0.0023126809  -0.0008823849
        0.0045974065  -0.0118886816   0.0003359993   0.0176961363  -0.0110546092
        0.0078917816   0.0173355555   0.0104886877  -0.0024789643  -0.0100172191
       -0.0203283508   0.0364331157   0.0508954148  -0.0171414131  -0.0431492022
       -0.0029125305   0.0154203157  -0.0744024518  -0.0316292627  -0.0196000656
       -0.0258534489   0.0087236202   0.0370112092  -0.0014883534  -0.0495753848
       -0.0005516451  -0.0000824534   0.0004592779  -0.0347405922  -0.1928493869
       -0.0427374188  -0.0011699148   0.0018211537  -0.0021880983   0.1670997154
        0.5539059665   0.0488596750  -0.0307055466  -0.0571208954  -0.0016106576
       -0.0997248979  -0.1943509103   0.0356242216  -0.0003234462   0.0010493423
       -0.0028410124  -0.0120157986   0.0054840128   0.0192111169   0.0140033895
       -0.0073969753  -0.0212787932   0.0027670410  -0.0019995133  -0.0090001680
        0.0240026104   0.0116654824  -0.0247653617  -0.0017449929   0.0029649377
        0.0016385562   0.0638461767  -0.0295660942  -0.1633865972  -0.0068776742
       -0.0098064719   0.0047815160   0.0033227375  -0.0216272255  -0.0208009342
       -0.0002036401   0.0003824385   0.0008962305  -0.0059170782  -0.0868145191
       -0.1016035772   0.0055864312  -0.0034523299  -0.0021743107  -0.2202923997
        0.0488596750   0.4572559283   0.0065980503   0.0130140969   0.0093122953
        0.1023514362   0.0888796975  -0.1214601874   0.0049600308  -0.0020809471
       -0.0019296619   0.0097213675   0.0024360581  -0.0106183159   0.0039661738
       -0.0057849767  -0.0000945970   0.0106807706  -0.0090698217  -0.0270509832
       -0.0010267199  -0.0016531192   0.0007760568   0.0048319076   0.0031511709
        0.0039908185   0.0001271294   0.0023783110   0.0006507488  -0.0014980129
       -0.0020804624  -0.0006226431  -0.0273797755  -0.0267991249   0.0348435053
       -0.0027378854  -0.0004886455   0.0022925696  -0.1884167683  -0.1446109330
        0.0924737569  -0.0005205185   0.0019815660  -0.0018790387  -0.0096361781
       -0.0307055466   0.0065980503   0.2204422169   0.1995316891  -0.1355681783
        0.0061279679   0.0000692748  -0.0000358965  -0.0016661839  -0.0005070994
       -0.0000299349   0.0002576825   0.0005457208  -0.0019646213   0.0005279466
       -0.0008883396  -0.0004295493   0.0005671916   0.0000755381  -0.0010956441
       -0.0023314793   0.0016759192   0.0040057572  -0.0000006128   0.0004543969
       -0.0036972739  -0.0013123989  -0.0009131096   0.0015223895  -0.0018014552
       -0.0041742562   0.0003762673  -0.0129114291   0.0032081605   0.0123860156
       -0.0010536513  -0.0000624492   0.0019236101  -0.1434161952  -0.2157080024
        0.0882884440   0.0006666734   0.0026978395   0.0026261799  -0.0415119774
       -0.0571208954   0.0130140969   0.1995316891   0.2720990014  -0.1111687446
        0.0039158417  -0.0003350259  -0.0094581640  -0.0005636834  -0.0010922802
        0.0009852712   0.0007768010   0.0000831058  -0.0000860719   0.0004349165
       -0.0004194933  -0.0002053013  -0.0004230390  -0.0003929111  -0.0005124760
        0.0003824305   0.0031250566   0.0018483825   0.0019320721  -0.0080108611
       -0.0015513598  -0.0017426594  -0.0034908043  -0.0004137435  -0.0004489452
        0.0007338685   0.0001203242   0.0438095286   0.0312034964  -0.0281216401
        0.0019283931   0.0011653714  -0.0026691187   0.0932166402   0.0898888138
       -0.1197759549  -0.0027099097   0.0008583975   0.0014101952  -0.0003650759
       -0.0016106576   0.0093122953  -0.1355681783  -0.1111687446   0.1374318850
        0.0024351929  -0.0042240687   0.0000695929  -0.0000703366   0.0009021160
       -0.0007425519  -0.0017590896   0.0002999734   0.0011638731  -0.0008517513
       -0.0000025943   0.0009690606  -0.0001883115   0.0003306371   0.0009487600
       -0.1232474390  -0.0044124484   0.1085403037   0.0146011986   0.0434068518
        0.0091697794  -0.0150421329  -0.0084001969   0.0127863521  -0.0416000883
       -0.0274399353  -0.0062939858  -0.0219357086  -0.0100223925   0.0197351986
        0.0046605923  -0.0027797867   0.0014786394  -0.0032850600  -0.0410375311
       -0.0281954442  -0.0004460210  -0.0001128803   0.0002834212  -0.1631975150
       -0.0997248979   0.1023514362   0.0061279679   0.0039158417   0.0024351929
        0.3557631565   0.1461605720  -0.2396811622  -0.0123974332   0.0032596471
        0.0163864996  -0.0016515918   0.0001641525   0.0031199625   0.0015099964
       -0.0019120084  -0.0002752930   0.0001400782  -0.0010649875  -0.0018409006
        0.0362126947  -0.0933409267  -0.0828098979   0.0136304598  -0.0086900083
       -0.0245407164   0.0023186250   0.0036652493   0.0002657851  -0.0278389518
       -0.2324552793  -0.0908596707  -0.0038705240  -0.0019489101   0.0056528303
       -0.0019423402  -0.0039343240  -0.0044678466  -0.0170668352  -0.0425539986
       -0.0013468415   0.0000309655   0.0010071215   0.0007246524  -0.1390294338
       -0.1943509103   0.0888796975   0.0000692748  -0.0003350259  -0.0042240687
        0.1461605720   0.5706725617   0.0996883440  -0.0112567226   0.0025600820
        0.0180898860   0.0008075506  -0.0003024210  -0.0017313149   0.0014704158
       -0.0002325357  -0.0013599058   0.0003042495   0.0002393254  -0.0019609329
        0.1347777894  -0.0277755863  -0.2414376743  -0.0100253379  -0.0648554139
       -0.0275550130   0.0196938887   0.0147807679  -0.0187717210  -0.0065259937
       -0.0914045074  -0.0832556657   0.0237098026   0.0139789219  -0.0256707252
        0.0020107017  -0.0033343208   0.0021862650  -0.0127654227   0.0311421880
        0.0327099217   0.0003801313   0.0009173843  -0.0000978591   0.0769716424
        0.0356242216  -0.1214601874  -0.0000358965  -0.0094581640   0.0000695929
       -0.2396811622   0.0996883440   0.4982185087   0.0070070563  -0.0015777853
       -0.0123962173   0.0036019475  -0.0008044978  -0.0047320867  -0.0004279616
        0.0019122324   0.0006495933   0.0013088146   0.0011662154   0.0015432681
       -0.1282384055  -0.1065998915   0.0709072621  -0.0051657334  -0.0037655710
        0.0017570484  -0.0001263294  -0.0009490417   0.0006438194  -0.0009771011
        0.0008065716  -0.0014494006   0.0039076465  -0.0022210990   0.0017492023
       -0.0008631205   0.0011041545  -0.0014121609   0.0016085424   0.0014641652
       -0.0004962107   0.0002000348  -0.0009914897   0.0004366327   0.0023126809
       -0.0003234462   0.0049600308  -0.0016661839  -0.0005636834  -0.0000703366
       -0.0123974332  -0.0112567226   0.0070070563   0.1416892283   0.1231689148
       -0.0844377500  -0.0002298228   0.0000275092   0.0002935543  -0.0000406384
        0.0000796534  -0.0000750258  -0.0000133646   0.0000199764   0.0001862785
       -0.1066185771  -0.1504243968   0.0635383257  -0.0184860374  -0.0212619178
        0.0126599608  -0.0000339264   0.0001500744  -0.0003667062   0.0012863119
        0.0007150408   0.0002959310  -0.0017192614  -0.0033381479  -0.0038773804
        0.0007086321   0.0002658272   0.0007899403   0.0013339114   0.0013947323
       -0.0012426060  -0.0014214534  -0.0018521635   0.0000979213  -0.0008823849
        0.0010493423  -0.0020809471  -0.0005070994  -0.0010922802   0.0009021160
        0.0032596471   0.0025600820  -0.0015777853   0.1231689148   0.1717700905
       -0.0693315111  -0.0000202642  -0.0000314034   0.0000118784  -0.0001453911
        0.0000860539   0.0000641801   0.0000769779   0.0000090662   0.0001166824
        0.0708961149   0.0635185939  -0.0801180993  -0.0077444490  -0.0072808466
        0.0037128781   0.0012416014   0.0008684661  -0.0003225413  -0.0011508279
        0.0009322357  -0.0002834687   0.0020737816  -0.0031980864   0.0013880388
       -0.0016650553   0.0002621891  -0.0000088596  -0.0005780606  -0.0014253034
        0.0003858948   0.0001517471  -0.0004840964   0.0004641911   0.0045974065
       -0.0028410124  -0.0019296619  -0.0000299349   0.0009852712  -0.0007425519
        0.0163864996   0.0180898860  -0.0123962173  -0.0844377500  -0.0693315111
        0.0903054543   0.0002650839  -0.0000379749  -0.0004131680   0.0000748377
       -0.0000483085  -0.0000520893  -0.0000809950  -0.0000095022   0.0000102003
       -0.0002529739  -0.0005147227   0.0002515711   0.0000540758  -0.0000734851
       -0.0001375221  -0.1172591598  -0.1029501013   0.0311679164   0.0000683096
        0.0002585336  -0.0000713339  -0.0000349667  -0.0003484126  -0.0002296015
       -0.0000239206   0.0000296099   0.0000468275  -0.0005852857  -0.0019078538
        0.0004137844   0.0000788280   0.0000467857  -0.0000323463  -0.0118886816
       -0.0120157986   0.0097213675   0.0002576825   0.0007768010  -0.0017590896
       -0.0016515918   0.0008075506   0.0036019475  -0.0002298228  -0.0000202642
        0.0002650839   0.1370631279   0.1209721351  -0.0412072140   0.0098067541
        0.0149616471  -0.0049886456  -0.0154023751  -0.0200224246   0.0029572549
        0.0002209633  -0.0000502871  -0.0004534319   0.0002774491   0.0004883704
       -0.0000540440  -0.1027615028  -0.1885913619   0.0469866658   0.0001930991
        0.0000919151  -0.0001278883  -0.0008272610  -0.0002466412   0.0009829191
       -0.0000703292   0.0000145327   0.0000986969   0.0009488095  -0.0000816713
       -0.0017481201   0.0000214453   0.0001305224   0.0000130247   0.0003359993
        0.0054840128   0.0024360581   0.0005457208   0.0000831058   0.0002999734
        0.0001641525  -0.0003024210  -0.0008044978   0.0000275092  -0.0000314034
       -0.0000379749   0.1209721351   0.2167451719  -0.0560542030  -0.0136158917
       -0.0263119012   0.0078916141  -0.0064322985  -0.0074219439   0.0005712078
        0.0007371411   0.0004913068  -0.0004992189   0.0001704199   0.0005393531
        0.0001060980   0.0312763015   0.0472242287  -0.0573340625  -0.0001133232
       -0.0002242346  -0.0001026547  -0.0006085968   0.0002621481   0.0009536618
       -0.0000246894  -0.0000402502   0.0000070026   0.0023249117   0.0022510123
       -0.0010740576  -0.0000377308   0.0000022182   0.0001017879   0.0176961363
        0.0192111169  -0.0106183159  -0.0019646213  -0.0000860719   0.0011638731
        0.0031199625  -0.0017313149  -0.0047320867   0.0002935543   0.0000118784
       -0.0004131680  -0.0412072140  -0.0560542030   0.0689247635   0.0031712730
        0.0071075924  -0.0013963256  -0.0148335246  -0.0189647804   0.0049127030
        0.0003700895   0.0004132219   0.0010090341  -0.0003657682  -0.0008794505
       -0.0001550475  -0.1191774534   0.1051668366  -0.0258916946  -0.0007060018
       -0.0004879100  -0.0001813110   0.0013575152  -0.0000219327   0.0000697214
       -0.0002512039   0.0000591761   0.0000135385  -0.0028441747  -0.0008428166
        0.0016561802  -0.0002005127   0.0003044300   0.0001229925  -0.0110546092
        0.0140033895   0.0039661738   0.0005279466   0.0004349165  -0.0008517513
        0.0015099964   0.0014704158  -0.0004279616  -0.0000406384  -0.0001453911
        0.0000748377   0.0098067541  -0.0136158917   0.0031712730   0.1379412463
       -0.1252496879   0.0262255342  -0.0168731858   0.0193906940  -0.0088015195
       -0.0001903386  -0.0006170620  -0.0010382624   0.0002002891   0.0009371053
        0.0001504249   0.1044973056  -0.1846035178   0.0345468059   0.0004197837
        0.0000515517   0.0002141505  -0.0008653806  -0.0000122568   0.0001197482
        0.0001922736  -0.0000931557  -0.0000715197   0.0022874955   0.0002026135
       -0.0015160419   0.0001851643  -0.0003182902  -0.0000790391   0.0078917816
       -0.0073969753  -0.0057849767  -0.0008883396  -0.0004194933  -0.0000025943
       -0.0019120084  -0.0002325357   0.0019122324   0.0000796534   0.0000860539
       -0.0000483085   0.0149616471  -0.0263119012   0.0071075924  -0.1252496879
        0.2153692764  -0.0356468830  -0.0016096389   0.0033585873   0.0001366714
       -0.0006192898  -0.0001347528  -0.0008845337   0.0002552716   0.0004125258
        0.0000056684  -0.0231468159   0.0307894901  -0.0449084920   0.0002669171
        0.0000011322   0.0004268252  -0.0012957188  -0.0002391969  -0.0006629501
        0.0001955158  -0.0000779707   0.0000969327   0.0031755532   0.0005458317
       -0.0031573294   0.0002676346  -0.0002431271  -0.0001275033   0.0173355555
       -0.0212787932  -0.0000945970  -0.0004295493  -0.0002053013   0.0009690606
       -0.0002752930  -0.0013599058   0.0006495933  -0.0000750258   0.0000641801
       -0.0000520893  -0.0049886456   0.0078916141  -0.0013963256   0.0262255342
       -0.0356468830   0.0559763004  -0.0168916436   0.0194811566  -0.0068405601
       -0.0002496132   0.0000307161  -0.0003641320   0.0000354158   0.0001559839
        0.0002120770  -0.1356321366  -0.0307710674  -0.1078092172   0.0002201290
        0.0000302055  -0.0001202503  -0.0004176791   0.0006633921  -0.0000788687
        0.0001089806  -0.0000550141  -0.0000246495  -0.0013621450  -0.0001833808
        0.0014135563  -0.0000288381  -0.0000359080   0.0000989837   0.0104886877
        0.0027670410   0.0106807706   0.0005671916  -0.0004230390  -0.0001883115
        0.0001400782   0.0003042495   0.0013088146  -0.0000133646   0.0000769779
       -0.0000809950  -0.0154023751  -0.0064322985  -0.0148335246  -0.0168731858
       -0.0016096389  -0.0168916436   0.1584188545   0.0354817806   0.1266773903
        0.0003424825  -0.0005507480  -0.0001802276   0.0001721246   0.0003342672
        0.0001329747  -0.0325752273  -0.0510810071  -0.0334286479  -0.0003180709
       -0.0000494650  -0.0000297073   0.0001256838  -0.0003641872   0.0002395273
       -0.0000412940  -0.0000083117  -0.0001038784   0.0009629046   0.0000514330
       -0.0017729074  -0.0000702159  -0.0000771354  -0.0001931357  -0.0024789643
       -0.0019995133  -0.0090698217   0.0000755381  -0.0003929111   0.0003306371
       -0.0010649875   0.0002393254   0.0011662154   0.0000199764   0.0000090662
       -0.0000095022  -0.0200224246  -0.0074219439  -0.0189647804   0.0193906940
        0.0033585873   0.0194811566   0.0354817806   0.0579525437   0.0424020976
        0.0010653629  -0.0014396362  -0.0003388679   0.0004506947   0.0012566971
        0.0001805032  -0.1121797418  -0.0330130207  -0.1617996481  -0.0002065461
        0.0009412432  -0.0003883915   0.0004479329  -0.0012097712   0.0014920735
       -0.0000981559   0.0001089746  -0.0003482681   0.0025965608   0.0018416105
       -0.0045833097  -0.0001417478  -0.0002391797  -0.0005489880  -0.0100172191
       -0.0090001680  -0.0270509832  -0.0010956441  -0.0005124760   0.0009487600
       -0.0018409006  -0.0019609329   0.0015432681   0.0001862785   0.0001166824
        0.0000102003   0.0029572549   0.0005712078   0.0049127030  -0.0088015195
        0.0001366714  -0.0068405601   0.1266773903   0.0424020976   0.1928115085
