           1           2   1.40930900800638     
           2           5   1.48403297925982     
           2           6  0.970567267008763     
           5           7   1.25952825163430     
           5           8  0.971050185840078     
           3           9   1.01842294665288     
           7           9   1.22408078195222     
           5          10  0.100813630654327     
           7          10   1.36019695413553     
           1          11   1.39696652623320     
           4          11  0.969364082318038     
           9          11   1.48060649458532     
           1          12  0.972655523588532     
           3          13  0.984465161195673     
           3          14  0.978666889050437     
           3          15  0.978680311119598     
