# Atoms array:
     x           y            z                   Z     indx
   -0.163273    -0.813049     1.584558            6      0
   -0.432540    -0.736378    -1.441902            6      1
   -1.758056    -1.303986     1.752692           17      2
    0.596931    -1.566442     1.564931            1      3
    0.053467     0.232431     1.659689            1      4
   -0.761593     0.358304    -1.395527            8      5
   -0.102224    -1.829785    -1.508670            8      6

# Gridpoints array:
     x           y            z                   Z     indx
    1.876727    -0.813049     1.584558            6      0
   -0.163273     1.226951     1.584558            6      0
   -0.163273    -2.853049     1.584558            6      0
   -0.163273    -0.813049     3.624558            6      0
    1.014522     0.364745     2.762353            6      0
   -1.341067     0.364745     2.762353            6      0
    1.014522    -1.990844     2.762353            6      0
    1.014522     0.364745     0.406764            6      0
   -1.341067     0.364745     0.406764            6      0
    1.014522    -1.990844     0.406764            6      0
   -1.341067    -1.990844     0.406764            6      0
    0.214363    -0.435414     3.553411            6      0
   -0.540909    -0.435414     3.553411            6      0
    0.214363    -1.190685     3.553411            6      0
   -0.540909    -1.190685     3.553411            6      0
    0.214363     1.155804     1.962194            6      0
   -0.540909     1.155804     1.962194            6      0
    0.214363    -2.781902     1.962194            6      0
   -0.540909    -2.781902     1.962194            6      0
    0.214363     1.155804     1.206922            6      0
   -0.540909     1.155804     1.206922            6      0
    0.214363    -2.781902     1.206922            6      0
   -0.540909    -2.781902     1.206922            6      0
    1.805580    -0.435414     1.962194            6      0
    1.805580    -1.190685     1.962194            6      0
    1.805580    -0.435414     1.206922            6      0
    1.805580    -1.190685     1.206922            6      0
    1.245186     0.595409     2.025111            6      0
   -1.571732     0.595409     2.025111            6      0
    1.245186    -2.221508     2.025111            6      0
    1.245186     0.595409     1.144005            6      0
   -1.571732     0.595409     1.144005            6      0
    1.245186    -2.221508     1.144005            6      0
    1.245186    -0.372497     2.993017            6      0
   -1.571732    -0.372497     2.993017            6      0
    1.245186    -1.253602     2.993017            6      0
    1.245186    -0.372497     0.176099            6      0
   -1.571732    -0.372497     0.176099            6      0
    1.245186    -1.253602     0.176099            6      0
   -1.571732    -1.253602     0.176099            6      0
    0.277280     0.595409     2.993017            6      0
   -0.603826     0.595409     2.993017            6      0
    0.277280    -2.221508     2.993017            6      0
   -0.603826    -2.221508     2.993017            6      0
    0.277280     0.595409     0.176099            6      0
   -0.603826     0.595409     0.176099            6      0
    0.277280    -2.221508     0.176099            6      0
   -0.603826    -2.221508     0.176099            6      0
    0.643934    -0.005843     3.275249            6      0
   -0.970479    -0.005843     3.275249            6      0
    0.643934    -1.620256     3.275249            6      0
   -0.970479    -1.620256     3.275249            6      0
    0.643934    -0.005843    -0.106132            6      0
    0.643934    -1.620256    -0.106132            6      0
   -0.970479    -1.620256    -0.106132            6      0
    0.643934     0.877641     2.391765            6      0
   -0.970479     0.877641     2.391765            6      0
    0.643934    -2.503740     2.391765            6      0
   -0.970479    -2.503740     2.391765            6      0
    0.643934     0.877641     0.777352            6      0
   -0.970479     0.877641     0.777352            6      0
    0.643934    -2.503740     0.777352            6      0
   -0.970479    -2.503740     0.777352            6      0
    1.527418    -0.005843     2.391765            6      0
    1.527418    -1.620256     2.391765            6      0
    1.527418    -0.005843     0.777352            6      0
   -1.853964    -0.005843     0.777352            6      0
    1.527418    -1.620256     0.777352            6      0
    0.812600     0.978395     1.584558            6      0
   -1.139146     0.978395     1.584558            6      0
    0.812600    -2.604494     1.584558            6      0
    1.628171     0.162823     1.584558            6      0
    1.628171    -1.788922     1.584558            6      0
    0.812600    -0.813049     3.376003            6      0
   -1.139146    -0.813049     3.376003            6      0
    0.812600    -0.813049    -0.206886            6      0
    1.628171    -0.813049     2.560431            6      0
    1.628171    -0.813049     0.608686            6      0
   -0.163273     0.162823     3.376003            6      0
   -0.163273    -1.788922     3.376003            6      0
   -0.163273     0.978395     2.560431            6      0
   -0.163273    -2.604494     2.560431            6      0
   -0.163273     0.978395     0.608686            6      0
   -0.163273    -2.604494     0.608686            6      0
    1.607460    -0.736378    -1.441902            6      1
   -2.472540    -0.736378    -1.441902            6      1
   -0.432540    -0.736378    -3.481902            6      1
    0.745255     0.441417    -0.264107            6      1
   -1.610334     0.441417    -0.264107            6      1
    0.745255    -1.914173    -0.264107            6      1
   -1.610334    -1.914173    -0.264107            6      1
    0.745255     0.441417    -2.619696            6      1
   -1.610334     0.441417    -2.619696            6      1
    0.745255    -1.914173    -2.619696            6      1
   -1.610334    -1.914173    -2.619696            6      1
   -0.054904    -0.358742    -3.410755            6      1
   -0.810176    -0.358742    -3.410755            6      1
   -0.054904    -1.114014    -3.410755            6      1
   -0.810176    -1.114014    -3.410755            6      1
    1.536313    -0.358742    -1.064266            6      1
   -2.401393    -0.358742    -1.064266            6      1
    1.536313    -1.114014    -1.064266            6      1
   -2.401393    -1.114014    -1.064266            6      1
    1.536313    -0.358742    -1.819538            6      1
   -2.401393    -0.358742    -1.819538            6      1
    1.536313    -1.114014    -1.819538            6      1
   -2.401393    -1.114014    -1.819538            6      1
    0.975919     0.672081    -1.001349            6      1
   -1.840999    -2.144837    -1.001349            6      1
    0.975919     0.672081    -1.882455            6      1
   -1.840999    -2.144837    -1.882455            6      1
    0.975919    -0.295825    -0.033443            6      1
   -1.840999    -0.295825    -0.033443            6      1
    0.975919    -1.176931    -0.033443            6      1
   -1.840999    -1.176931    -0.033443            6      1
    0.975919    -0.295825    -2.850361            6      1
   -1.840999    -0.295825    -2.850361            6      1
    0.975919    -1.176931    -2.850361            6      1
   -1.840999    -1.176931    -2.850361            6      1
    0.008013     0.672081    -0.033443            6      1
   -0.873093     0.672081    -0.033443            6      1
    0.008013    -2.144837    -0.033443            6      1
   -0.873093    -2.144837    -0.033443            6      1
    0.008013     0.672081    -2.850361            6      1
   -0.873093     0.672081    -2.850361            6      1
    0.008013    -2.144837    -2.850361            6      1
   -0.873093    -2.144837    -2.850361            6      1
    0.374667     0.070829     0.248789            6      1
   -1.239746     0.070829     0.248789            6      1
    0.374667    -1.543585     0.248789            6      1
    0.374667     0.070829    -3.132592            6      1
   -1.239746     0.070829    -3.132592            6      1
    0.374667    -1.543585    -3.132592            6      1
   -1.239746    -1.543585    -3.132592            6      1
    0.374667     0.954313    -0.634695            6      1
   -1.239746    -2.427069    -0.634695            6      1
    0.374667     0.954313    -2.249108            6      1
   -1.239746    -2.427069    -2.249108            6      1
    1.258151     0.070829    -0.634695            6      1
   -2.123230     0.070829    -0.634695            6      1
    1.258151    -1.543585    -0.634695            6      1
   -2.123230    -1.543585    -0.634695            6      1
    1.258151     0.070829    -2.249108            6      1
   -2.123230     0.070829    -2.249108            6      1
    1.258151    -1.543585    -2.249108            6      1
   -2.123230    -1.543585    -2.249108            6      1
    0.543333     1.055066    -1.441902            6      1
   -1.408412    -2.527822    -1.441902            6      1
    1.358905     0.239495    -1.441902            6      1
   -2.223984     0.239495    -1.441902            6      1
    1.358905    -1.712251    -1.441902            6      1
   -2.223984    -1.712251    -1.441902            6      1
    0.543333    -0.736378    -3.233346            6      1
   -1.408412    -0.736378    -3.233346            6      1
    1.358905    -0.736378    -0.466029            6      1
   -2.223984    -0.736378    -0.466029            6      1
    1.358905    -0.736378    -2.417774            6      1
   -2.223984    -0.736378    -2.417774            6      1
   -0.432540     0.239495     0.349543            6      1
   -0.432540     0.239495    -3.233346            6      1
   -0.432540    -1.712251    -3.233346            6      1
   -0.432540    -2.527822    -0.466029            6      1
   -3.858056    -1.303986     1.752692           17      2
   -1.758056     0.796014     1.752692           17      2
   -1.758056    -3.403986     1.752692           17      2
   -1.758056    -1.303986     3.852692           17      2
   -1.758056    -1.303986    -0.347308           17      2
   -0.545621    -0.091550     2.965128           17      2
   -2.970492    -0.091550     2.965128           17      2
   -0.545621    -2.516421     2.965128           17      2
   -2.970492    -2.516421     2.965128           17      2
   -2.970492    -0.091550     0.540256           17      2
   -0.545621    -2.516421     0.540256           17      2
   -2.970492    -2.516421     0.540256           17      2
   -1.369313    -0.915243     3.779453           17      2
   -2.146799    -0.915243     3.779453           17      2
   -1.369313    -1.692728     3.779453           17      2
   -2.146799    -1.692728     3.779453           17      2
   -2.146799    -0.915243    -0.274068           17      2
   -1.369313    -1.692728    -0.274068           17      2
   -2.146799    -1.692728    -0.274068           17      2
   -1.369313     0.722775     2.141435           17      2
   -2.146799     0.722775     2.141435           17      2
   -1.369313    -3.330746     2.141435           17      2
   -2.146799    -3.330746     2.141435           17      2
   -1.369313     0.722775     1.363949           17      2
   -2.146799     0.722775     1.363949           17      2
   -1.369313    -3.330746     1.363949           17      2
   -2.146799    -3.330746     1.363949           17      2
   -3.784817    -0.915243     2.141435           17      2
   -3.784817    -1.692728     2.141435           17      2
   -3.784817    -0.915243     1.363949           17      2
   -3.784817    -1.692728     1.363949           17      2
   -3.207940     0.145899     2.206202           17      2
   -0.308172    -2.753870     2.206202           17      2
   -3.207940    -2.753870     2.206202           17      2
   -3.207940     0.145899     1.299182           17      2
   -0.308172    -2.753870     1.299182           17      2
   -3.207940    -2.753870     1.299182           17      2
   -0.308172    -0.850475     3.202576           17      2
   -3.207940    -0.850475     3.202576           17      2
   -0.308172    -1.757496     3.202576           17      2
   -3.207940    -1.757496     3.202576           17      2
   -3.207940    -0.850475     0.302808           17      2
   -0.308172    -1.757496     0.302808           17      2
   -3.207940    -1.757496     0.302808           17      2
   -1.304546     0.145899     3.202576           17      2
   -2.211566     0.145899     3.202576           17      2
   -1.304546    -2.753870     3.202576           17      2
   -2.211566    -2.753870     3.202576           17      2
   -1.304546     0.145899     0.302808           17      2
   -2.211566     0.145899     0.302808           17      2
   -1.304546    -2.753870     0.302808           17      2
   -2.211566    -2.753870     0.302808           17      2
   -0.927108    -0.473038     3.493109           17      2
   -2.589004    -0.473038     3.493109           17      2
   -0.927108    -2.134934     3.493109           17      2
   -2.589004    -2.134934     3.493109           17      2
   -2.589004    -0.473038     0.012275           17      2
   -0.927108    -2.134934     0.012275           17      2
   -2.589004    -2.134934     0.012275           17      2
   -0.927108     0.436431     2.583640           17      2
   -2.589004     0.436431     2.583640           17      2
   -0.927108    -3.044403     2.583640           17      2
   -2.589004    -3.044403     2.583640           17      2
   -0.927108     0.436431     0.921744           17      2
   -2.589004     0.436431     0.921744           17      2
   -0.927108    -3.044403     0.921744           17      2
   -2.589004    -3.044403     0.921744           17      2
   -3.498473    -0.473038     2.583640           17      2
   -0.017639    -2.134934     2.583640           17      2
   -3.498473    -2.134934     2.583640           17      2
   -3.498473    -0.473038     0.921744           17      2
   -3.498473    -2.134934     0.921744           17      2
   -2.762631     0.540148     1.752692           17      2
   -0.753481    -3.148119     1.752692           17      2
   -2.762631    -3.148119     1.752692           17      2
   -3.602190    -0.299411     1.752692           17      2
   -3.602190    -2.308561     1.752692           17      2
   -0.753481    -1.303986     3.596826           17      2
   -2.762631    -1.303986     3.596826           17      2
   -2.762631    -1.303986    -0.091442           17      2
   -3.602190    -1.303986     2.757267           17      2
   -3.602190    -1.303986     0.748117           17      2
   -1.758056    -0.299411     3.596826           17      2
   -1.758056    -2.308561     3.596826           17      2
   -1.758056    -0.299411    -0.091442           17      2
   -1.758056    -2.308561    -0.091442           17      2
   -1.758056     0.540148     2.757267           17      2
   -1.758056    -3.148119     2.757267           17      2
   -1.758056     0.540148     0.748117           17      2
   -1.758056    -3.148119     0.748117           17      2
    1.916931    -1.566442     1.564931            1      3
    0.596931    -2.886442     1.564931            1      3
    1.359033    -0.804339     2.327034            1      3
    1.359033    -2.328544     2.327034            1      3
    1.359033    -0.804339     0.802829            1      3
    1.359033    -2.328544     0.802829            1      3
   -0.165171    -2.328544     0.802829            1      3
    0.841284    -1.810794     2.838895            1      3
    0.841284    -1.810794     0.290967            1      3
    0.841284    -2.840405     1.809284            1      3
    0.352578    -2.840405     1.809284            1      3
    0.841284    -2.840405     1.320579            1      3
    0.352578    -2.840405     1.320579            1      3
    1.870895    -1.322089     1.809284            1      3
    1.870895    -1.810794     1.809284            1      3
    1.870895    -1.322089     1.320579            1      3
    1.870895    -1.810794     1.320579            1      3
    1.508287    -0.655086     1.849995            1      3
    1.508287    -2.477797     1.849995            1      3
    1.508287    -0.655086     1.279868            1      3
    1.508287    -2.477797     1.279868            1      3
    1.508287    -1.281378     2.476287            1      3
    1.508287    -1.851505     2.476287            1      3
    1.508287    -1.281378     0.653575            1      3
    1.508287    -1.851505     0.653575            1      3
    0.881995    -2.477797     2.476287            1      3
    0.311867    -2.477797     2.476287            1      3
    0.881995    -2.477797     0.653575            1      3
    0.311867    -2.477797     0.653575            1      3
    1.119241    -2.088752     2.658908            1      3
    1.119241    -1.044131     0.470955            1      3
    1.119241    -2.088752     0.470955            1      3
    0.074621    -2.088752     0.470955            1      3
    1.119241    -2.660418     2.087241            1      3
    0.074621    -2.660418     2.087241            1      3
    1.119241    -2.660418     1.042621            1      3
    0.074621    -2.660418     1.042621            1      3
    1.690907    -1.044131     2.087241            1      3
    1.690907    -2.088752     2.087241            1      3
    1.690907    -1.044131     1.042621            1      3
    1.690907    -2.088752     1.042621            1      3
    1.228378    -2.725611     1.564931            1      3
   -0.034516    -2.725611     1.564931            1      3
    1.756101    -0.934994     1.564931            1      3
    1.756101    -2.197889     1.564931            1      3
    1.228378    -1.566442     2.724101            1      3
    1.228378    -1.566442     0.405761            1      3
    1.756101    -1.566442     2.196378            1      3
    1.756101    -1.566442     0.933484            1      3
    0.596931    -2.197889     2.724101            1      3
    0.596931    -2.197889     0.405761            1      3
    0.596931    -2.725611     2.196378            1      3
    0.596931    -2.725611     0.933484            1      3
    1.373467     0.232431     1.659689            1      4
    0.053467     1.552431     1.659689            1      4
    0.815570     0.994533     2.421792            1      4
   -0.708635     0.994533     2.421792            1      4
    0.815570     0.994533     0.897587            1      4
   -0.708635     0.994533     0.897587            1      4
    0.297820     0.476783     2.933653            1      4
   -0.190885     0.476783     2.933653            1      4
    0.297820     0.476783     0.385726            1      4
   -0.190885     0.476783     0.385726            1      4
    0.297820     1.506394     1.904042            1      4
   -0.190885     1.506394     1.904042            1      4
    0.297820     1.506394     1.415337            1      4
   -0.190885     1.506394     1.415337            1      4
    1.327431     0.476783     1.904042            1      4
    1.327431    -0.011922     1.904042            1      4
    1.327431     0.476783     1.415337            1      4
    0.964823     1.143786     1.944753            1      4
   -0.857888     1.143786     1.944753            1      4
    0.964823     1.143786     1.374626            1      4
   -0.857888     1.143786     1.374626            1      4
    0.964823     0.517494     2.571045            1      4
   -0.857888     0.517494     2.571045            1      4
    0.964823     0.517494     0.748334            1      4
   -0.857888     0.517494     0.748334            1      4
    0.338531     1.143786     2.571045            1      4
   -0.231596     1.143786     2.571045            1      4
    0.338531     1.143786     0.748334            1      4
   -0.231596     1.143786     0.748334            1      4
    0.575777     0.754741     2.753666            1      4
   -0.468843     0.754741     2.753666            1      4
    0.575777     0.754741     0.565713            1      4
   -0.468843     0.754741     0.565713            1      4
    0.575777     1.326407     2.182000            1      4
   -0.468843     1.326407     2.182000            1      4
    0.575777     1.326407     1.137379            1      4
   -0.468843     1.326407     1.137379            1      4
    1.147444     0.754741     2.182000            1      4
   -1.040509     0.754741     2.182000            1      4
    1.147444     0.754741     1.137379            1      4
   -1.040509     0.754741     1.137379            1      4
    0.684914     1.391600     1.659689            1      4
   -0.577980     1.391600     1.659689            1      4
    1.212637     0.863878     1.659689            1      4
   -1.105702     0.863878     1.659689            1      4
    0.684914     0.232431     2.818859            1      4
    0.684914     0.232431     0.500520            1      4
    1.212637     0.232431     2.291137            1      4
    1.212637     0.232431     1.028242            1      4
    0.053467     0.863878     2.818859            1      4
    0.053467     0.863878     0.500520            1      4
    0.053467     1.391600     2.291137            1      4
    0.053467     1.391600     1.028242            1      4
    1.062407     0.358304    -1.395527            8      5
   -2.585593     0.358304    -1.395527            8      5
   -0.761593     2.182304    -1.395527            8      5
   -0.761593     0.358304     0.428473            8      5
   -0.761593     0.358304    -3.219527            8      5
    0.291494     1.411391    -0.342440            8      5
   -1.814680     1.411391    -0.342440            8      5
   -1.814680    -0.694783    -0.342440            8      5
    0.291494     1.411391    -2.448614            8      5
   -1.814680     1.411391    -2.448614            8      5
   -1.814680    -0.694783    -2.448614            8      5
   -0.423942     0.695955     0.364859            8      5
   -1.099244     0.695955     0.364859            8      5
   -1.099244     0.020653     0.364859            8      5
   -0.423942     0.695955    -3.155913            8      5
   -1.099244     0.695955    -3.155913            8      5
   -0.423942     0.020653    -3.155913            8      5
   -1.099244     0.020653    -3.155913            8      5
   -0.423942     2.118690    -1.057876            8      5
   -1.099244     2.118690    -1.057876            8      5
   -0.423942     2.118690    -1.733178            8      5
   -1.099244     2.118690    -1.733178            8      5
    0.998793     0.695955    -1.057876            8      5
   -2.521979     0.695955    -1.057876            8      5
    0.998793     0.020653    -1.057876            8      5
   -2.521979     0.020653    -1.057876            8      5
    0.998793     0.695955    -1.733178            8      5
   -2.521979     0.695955    -1.733178            8      5
    0.998793     0.020653    -1.733178            8      5
   -2.521979     0.020653    -1.733178            8      5
    0.497735     1.617632    -1.001621            8      5
   -2.020921     1.617632    -1.001621            8      5
   -2.020921    -0.901024    -1.001621            8      5
    0.497735     1.617632    -1.789433            8      5
   -2.020921     1.617632    -1.789433            8      5
   -2.020921    -0.901024    -1.789433            8      5
    0.497735     0.752210    -0.136199            8      5
   -2.020921     0.752210    -0.136199            8      5
    0.497735    -0.035602    -0.136199            8      5
   -2.020921    -0.035602    -0.136199            8      5
    0.497735     0.752210    -2.654855            8      5
   -2.020921     0.752210    -2.654855            8      5
    0.497735    -0.035602    -2.654855            8      5
   -2.020921    -0.035602    -2.654855            8      5
   -0.367687     1.617632    -0.136199            8      5
   -1.155499     1.617632    -0.136199            8      5
   -0.367687     1.617632    -2.654855            8      5
   -1.155499     1.617632    -2.654855            8      5
   -0.039855     1.080042     0.116149            8      5
   -1.483331     1.080042     0.116149            8      5
   -1.483331    -0.363434     0.116149            8      5
   -0.039855     1.080042    -2.907203            8      5
   -1.483331     1.080042    -2.907203            8      5
   -1.483331    -0.363434    -2.907203            8      5
   -0.039855     1.869980    -0.673789            8      5
   -1.483331     1.869980    -0.673789            8      5
   -0.039855     1.869980    -2.117265            8      5
   -1.483331     1.869980    -2.117265            8      5
    0.750084     1.080042    -0.673789            8      5
   -2.273269     1.080042    -0.673789            8      5
   -2.273269    -0.363434    -0.673789            8      5
    0.750084     1.080042    -2.117265            8      5
   -2.273269     1.080042    -2.117265            8      5
   -2.273269    -0.363434    -2.117265            8      5
    0.110952     1.960066    -1.395527            8      5
   -1.634138     1.960066    -1.395527            8      5
    0.840169     1.230849    -1.395527            8      5
   -2.363355     1.230849    -1.395527            8      5
   -2.363355    -0.514241    -1.395527            8      5
    0.110952     0.358304     0.206235            8      5
   -1.634138     0.358304     0.206235            8      5
    0.110952     0.358304    -2.997289            8      5
   -1.634138     0.358304    -2.997289            8      5
    0.840169     0.358304    -0.522982            8      5
   -2.363355     0.358304    -0.522982            8      5
    0.840169     0.358304    -2.268072            8      5
   -2.363355     0.358304    -2.268072            8      5
   -0.761593     1.230849     0.206235            8      5
   -0.761593     1.230849    -2.997289            8      5
   -0.761593    -0.514241    -2.997289            8      5
   -0.761593     1.960066    -0.522982            8      5
   -0.761593     1.960066    -2.268072            8      5
    1.721776    -1.829785    -1.508670            8      6
   -1.926224    -1.829785    -1.508670            8      6
   -0.102224    -3.653785    -1.508670            8      6
   -0.102224    -1.829785    -3.332670            8      6
    0.950863    -0.776698    -0.455584            8      6
    0.950863    -2.882872    -0.455584            8      6
   -1.155311    -2.882872    -0.455584            8      6
    0.950863    -0.776698    -2.561757            8      6
    0.950863    -2.882872    -2.561757            8      6
   -1.155311    -2.882872    -2.561757            8      6
    0.235427    -2.167436     0.251716            8      6
   -0.439875    -2.167436     0.251716            8      6
    0.235427    -1.492134    -3.269057            8      6
   -0.439875    -1.492134    -3.269057            8      6
    0.235427    -2.167436    -3.269057            8      6
   -0.439875    -2.167436    -3.269057            8      6
    0.235427    -3.590171    -1.171019            8      6
   -0.439875    -3.590171    -1.171019            8      6
    0.235427    -3.590171    -1.846321            8      6
   -0.439875    -3.590171    -1.846321            8      6
    1.658163    -1.492134    -1.171019            8      6
   -1.862610    -1.492134    -1.171019            8      6
    1.658163    -2.167436    -1.171019            8      6
   -1.862610    -2.167436    -1.171019            8      6
    1.658163    -1.492134    -1.846321            8      6
   -1.862610    -1.492134    -1.846321            8      6
    1.658163    -2.167436    -1.846321            8      6
   -1.862610    -2.167436    -1.846321            8      6
    1.157104    -0.570457    -1.114764            8      6
    1.157104    -3.089113    -1.114764            8      6
   -1.361552    -3.089113    -1.114764            8      6
    1.157104    -0.570457    -1.902577            8      6
    1.157104    -3.089113    -1.902577            8      6
   -1.361552    -3.089113    -1.902577            8      6
    1.157104    -1.435879    -0.249342            8      6
   -1.361552    -1.435879    -0.249342            8      6
    1.157104    -2.223691    -0.249342            8      6
   -1.361552    -2.223691    -0.249342            8      6
    1.157104    -1.435879    -2.767998            8      6
   -1.361552    -1.435879    -2.767998            8      6
    1.157104    -2.223691    -2.767998            8      6
   -1.361552    -2.223691    -2.767998            8      6
    0.291682    -3.089113    -0.249342            8      6
   -0.496130    -3.089113    -0.249342            8      6
    0.291682    -3.089113    -2.767998            8      6
   -0.496130    -3.089113    -2.767998            8      6
    0.619514    -1.108047     0.003006            8      6
    0.619514    -2.551522     0.003006            8      6
   -0.823961    -2.551522     0.003006            8      6
    0.619514    -1.108047    -3.020347            8      6
   -0.823961    -1.108047    -3.020347            8      6
    0.619514    -2.551522    -3.020347            8      6
   -0.823961    -2.551522    -3.020347            8      6
    0.619514    -3.341461    -0.786933            8      6
   -0.823961    -3.341461    -0.786933            8      6
    0.619514    -3.341461    -2.230408            8      6
   -0.823961    -3.341461    -2.230408            8      6
    1.409453    -1.108047    -0.786933            8      6
    1.409453    -2.551522    -0.786933            8      6
   -1.613900    -2.551522    -0.786933            8      6
    1.409453    -1.108047    -2.230408            8      6
    1.409453    -2.551522    -2.230408            8      6
   -1.613900    -2.551522    -2.230408            8      6
    0.770321    -3.431547    -1.508670            8      6
   -0.974769    -3.431547    -1.508670            8      6
    1.499538    -0.957240    -1.508670            8      6
    1.499538    -2.702330    -1.508670            8      6
   -1.703986    -2.702330    -1.508670            8      6
    0.770321    -1.829785     0.093091            8      6
   -0.974769    -1.829785     0.093091            8      6
    0.770321    -1.829785    -3.110432            8      6
   -0.974769    -1.829785    -3.110432            8      6
    1.499538    -1.829785    -0.636125            8      6
   -1.703986    -1.829785    -0.636125            8      6
    1.499538    -1.829785    -2.381216            8      6
   -1.703986    -1.829785    -2.381216            8      6
   -0.102224    -2.702330     0.093091            8      6
   -0.102224    -0.957240    -3.110432            8      6
   -0.102224    -2.702330    -3.110432            8      6
   -0.102224    -3.431547    -0.636125            8      6
   -0.102224    -3.431547    -2.381216            8      6
