$hessian                                                                        
        0.4031840150   0.2298482303   0.0617059555  -0.4031840150  -0.2298482302
       -0.0617059555
        0.2298482303   0.1301631138   0.0352821162  -0.2298482302  -0.1301631138
       -0.0352821162
        0.0617059555   0.0352821162   0.0096130680  -0.0617059554  -0.0352821162
       -0.0096130681
       -0.4031840150  -0.2298482302  -0.0617059554   0.4031840149   0.2298482302
        0.0617059554
       -0.2298482302  -0.1301631138  -0.0352821162   0.2298482302   0.1301631139
        0.0352821161
       -0.0617059555  -0.0352821162  -0.0096130681   0.0617059554   0.0352821161
        0.0096130682
