# Atoms array:
     x           y            z                   Z     indx
   -3.760217    -3.324978     0.356941            6      0
   -5.256020    -3.655071     0.783567            6      1
   -5.559636    -5.159989     0.369648            6      2
   -5.455168    -3.450559     2.041294            8      3
   -2.886986    -4.091478     0.985313            9      4
   -3.590165    -3.481696    -0.954212            9      5
   -3.503305    -2.058284     0.647445            9      6
   -4.763252    -6.012975     0.988806            9      7
   -5.420962    -5.332644    -0.943236            9      8
   -6.815139    -5.443909     0.682371            9      9
   -5.892339    -3.035816     0.104268            1     10

# Gridpoints array:
     x           y            z                   Z     indx
   -1.720217    -3.324978     0.356941            6      0
   -3.760217    -3.324978     2.396941            6      0
   -2.582422    -2.147184     1.534736            6      0
   -4.938011    -2.147184     1.534736            6      0
   -2.582422    -2.147184    -0.820853            6      0
   -4.938011    -2.147184    -0.820853            6      0
   -2.582422    -4.502773    -0.820853            6      0
   -3.382581    -2.947342     2.325794            6      0
   -4.137853    -2.947342     2.325794            6      0
   -3.382581    -3.702614     2.325794            6      0
   -3.382581    -5.293831    -0.020694            6      0
   -1.791364    -2.947342     0.734577            6      0
   -1.791364    -2.947342    -0.020694            6      0
   -1.791364    -3.702614    -0.020694            6      0
   -5.168676    -1.916519     0.797494            6      0
   -2.351758    -1.916519    -0.083611            6      0
   -5.168676    -1.916519    -0.083611            6      0
   -2.351758    -4.733437    -0.083611            6      0
   -2.351758    -2.884425     1.765400            6      0
   -2.351758    -2.884425    -1.051518            6      0
   -5.168676    -2.884425    -1.051518            6      0
   -2.351758    -3.765531    -1.051518            6      0
   -5.168676    -3.765531    -1.051518            6      0
   -4.200770    -1.916519     1.765400            6      0
   -4.200770    -4.733437     1.765400            6      0
   -3.319664    -1.916519    -1.051518            6      0
   -4.200770    -1.916519    -1.051518            6      0
   -3.319664    -4.733437    -1.051518            6      0
   -2.953010    -2.517772     2.047632            6      0
   -4.567423    -2.517772    -1.333749            6      0
   -4.567423    -1.634287     1.164148            6      0
   -2.953010    -1.634287    -0.450265            6      0
   -4.567423    -1.634287    -0.450265            6      0
   -2.953010    -5.015669    -0.450265            6      0
   -2.069526    -2.517772     1.164148            6      0
   -2.069526    -2.517772    -0.450265            6      0
   -2.069526    -4.132185    -0.450265            6      0
   -4.736090    -1.533534     0.356941            6      0
   -1.968773    -2.349105     0.356941            6      0
   -2.784344    -3.324978     2.148386            6      0
   -4.736090    -3.324978    -1.434503            6      0
   -1.968773    -3.324978     1.332814            6      0
   -1.968773    -3.324978    -0.618931            6      0
   -3.760217    -2.349105     2.148386            6      0
   -3.760217    -4.300851     2.148386            6      0
   -3.760217    -2.349105    -1.434503            6      0
   -3.760217    -1.533534    -0.618931            6      0
   -3.760217    -5.116422    -0.618931            6      0
   -7.296020    -3.655071     0.783567            6      1
   -5.256020    -1.615071     0.783567            6      1
   -5.256020    -3.655071    -1.256433            6      1
   -4.078225    -2.477276     1.961362            6      1
   -6.433814    -2.477276     1.961362            6      1
   -4.078225    -4.832865     1.961362            6      1
   -6.433814    -4.832865     1.961362            6      1
   -6.433814    -2.477276    -0.394227            6      1
   -4.878384    -3.277435    -1.185286            6      1
   -5.633656    -3.277435    -1.185286            6      1
   -5.633656    -4.032707    -1.185286            6      1
   -4.878384    -1.686218     1.161203            6      1
   -5.633656    -1.686218     1.161203            6      1
   -4.878384    -1.686218     0.405932            6      1
   -5.633656    -1.686218     0.405932            6      1
   -7.224873    -3.277435     1.161203            6      1
   -7.224873    -4.032707     1.161203            6      1
   -7.224873    -3.277435     0.405932            6      1
   -7.224873    -4.032707     0.405932            6      1
   -6.664479    -2.246612     1.224120            6      1
   -6.664479    -2.246612     0.343015            6      1
   -3.847561    -3.214518     2.192026            6      1
   -3.847561    -4.095624     2.192026            6      1
   -6.664479    -4.095624     2.192026            6      1
   -6.664479    -3.214518    -0.624891            6      1
   -6.664479    -4.095624    -0.624891            6      1
   -4.815467    -2.246612     2.192026            6      1
   -4.815467    -5.063530     2.192026            6      1
   -5.696573    -5.063530     2.192026            6      1
   -4.815467    -2.246612    -0.624891            6      1
   -5.696573    -2.246612    -0.624891            6      1
   -4.448813    -4.462277     2.474258            6      1
   -6.063226    -2.847864    -0.907123            6      1
   -4.448813    -1.964380     1.590774            6      1
   -6.063226    -1.964380     1.590774            6      1
   -6.063226    -1.964380    -0.023639            6      1
   -6.946711    -2.847864     1.590774            6      1
   -6.946711    -4.462277     1.590774            6      1
   -6.946711    -2.847864    -0.023639            6      1
   -6.231893    -1.863626     0.783567            6      1
   -7.047464    -2.679198     0.783567            6      1
   -4.280147    -3.655071     2.575012            6      1
   -6.231893    -3.655071    -1.007877            6      1
   -7.047464    -3.655071     1.759440            6      1
   -7.047464    -3.655071    -0.192305            6      1
   -5.256020    -4.630944     2.575012            6      1
   -5.256020    -2.679198    -1.007877            6      1
   -5.256020    -1.863626     1.759440            6      1
   -5.256020    -1.863626    -0.192305            6      1
   -5.559636    -7.199989     0.369648            6      2
   -5.559636    -5.159989     2.409648            6      2
   -6.737431    -6.337783     1.547443            6      2
   -6.737431    -3.982194    -0.808146            6      2
   -4.381842    -6.337783    -0.808146            6      2
   -6.737431    -6.337783    -0.808146            6      2
   -5.182000    -4.782353     2.338501            6      2
   -5.937272    -4.782353     2.338501            6      2
   -5.182000    -5.537625     2.338501            6      2
   -5.937272    -5.537625     2.338501            6      2
   -5.937272    -7.128842     0.747284            6      2
   -5.182000    -7.128842    -0.007988            6      2
   -5.937272    -7.128842    -0.007988            6      2
   -3.590783    -5.537625    -0.007988            6      2
   -6.968095    -3.751530     0.810201            6      2
   -6.968095    -3.751530    -0.070905            6      2
   -4.151177    -6.568448    -0.070905            6      2
   -6.968095    -6.568448    -0.070905            6      2
   -4.151177    -4.719436     1.778107            6      2
   -6.968095    -4.719436     1.778107            6      2
   -6.968095    -4.719436    -1.038811            6      2
   -4.151177    -5.600542    -1.038811            6      2
   -6.968095    -5.600542    -1.038811            6      2
   -6.000189    -6.568448     1.778107            6      2
   -5.119083    -3.751530    -1.038811            6      2
   -6.000189    -3.751530    -1.038811            6      2
   -5.119083    -6.568448    -1.038811            6      2
   -6.000189    -6.568448    -1.038811            6      2
   -6.366843    -5.967195     2.060339            6      2
   -6.366843    -4.352782    -1.321043            6      2
   -6.366843    -6.850680     1.176855            6      2
   -4.752430    -6.850680    -0.437558            6      2
   -6.366843    -6.850680    -0.437558            6      2
   -7.250327    -4.352782     1.176855            6      2
   -7.250327    -4.352782    -0.437558            6      2
   -3.868945    -5.967195    -0.437558            6      2
   -7.250327    -5.967195    -0.437558            6      2
   -6.535509    -6.951433     0.369648            6      2
   -7.351080    -4.184116     0.369648            6      2
   -4.583763    -5.159989     2.161092            6      2
   -6.535509    -5.159989     2.161092            6      2
   -3.768192    -5.159989    -0.606225            6      2
   -7.351080    -5.159989    -0.606225            6      2
   -5.559636    -6.135862     2.161092            6      2
   -5.559636    -4.184116    -1.421796            6      2
   -5.559636    -6.951433     1.345521            6      2
   -5.559636    -6.951433    -0.606225            6      2
   -7.279168    -3.450559     2.041294            8      3
   -5.455168    -1.626559     2.041294            8      3
   -5.455168    -3.450559     3.865294            8      3
   -4.402081    -2.397472     3.094381            8      3
   -6.508255    -2.397472     3.094381            8      3
   -4.402081    -4.503646     3.094381            8      3
   -6.508255    -4.503646     3.094381            8      3
   -6.508255    -2.397472     0.988207            8      3
   -5.117517    -3.112908     3.801680            8      3
   -5.792819    -3.112908     3.801680            8      3
   -5.117517    -3.788210     3.801680            8      3
   -5.792819    -3.788210     3.801680            8      3
   -5.117517    -1.690173     2.378945            8      3
   -5.792819    -1.690173     2.378945            8      3
   -5.117517    -5.210946     2.378945            8      3
   -5.792819    -5.210946     2.378945            8      3
   -5.117517    -1.690173     1.703643            8      3
   -5.792819    -1.690173     1.703643            8      3
   -3.694782    -3.112908     2.378945            8      3
   -7.215554    -3.112908     2.378945            8      3
   -3.694782    -3.788210     2.378945            8      3
   -7.215554    -3.788210     2.378945            8      3
   -7.215554    -3.112908     1.703643            8      3
   -7.215554    -3.788210     1.703643            8      3
   -4.195840    -2.191231     2.435200            8      3
   -6.714496    -2.191231     2.435200            8      3
   -4.195840    -4.709887     2.435200            8      3
   -6.714496    -4.709887     2.435200            8      3
   -6.714496    -2.191231     1.647388            8      3
   -4.195840    -3.056653     3.300622            8      3
   -6.714496    -3.056653     3.300622            8      3
   -4.195840    -3.844465     3.300622            8      3
   -6.714496    -3.844465     3.300622            8      3
   -5.061262    -2.191231     3.300622            8      3
   -5.849074    -2.191231     3.300622            8      3
   -5.061262    -4.709887     3.300622            8      3
   -5.849074    -4.709887     3.300622            8      3
   -4.733430    -2.728822     3.552970            8      3
   -6.176905    -2.728822     3.552970            8      3
   -4.733430    -4.172297     3.552970            8      3
   -6.176905    -4.172297     3.552970            8      3
   -4.733430    -1.938883     2.763031            8      3
   -6.176905    -1.938883     2.763031            8      3
   -4.733430    -4.962236     2.763031            8      3
   -6.176905    -4.962236     2.763031            8      3
   -4.733430    -1.938883     1.319556            8      3
   -6.176905    -1.938883     1.319556            8      3
   -3.943491    -2.728822     2.763031            8      3
   -6.966844    -2.728822     2.763031            8      3
   -3.943491    -4.172297     2.763031            8      3
   -6.966844    -4.172297     2.763031            8      3
   -6.966844    -2.728822     1.319556            8      3
   -6.966844    -4.172297     1.319556            8      3
   -4.582623    -1.848797     2.041294            8      3
   -6.327713    -1.848797     2.041294            8      3
   -4.582623    -5.052321     2.041294            8      3
   -6.327713    -5.052321     2.041294            8      3
   -3.853406    -2.578014     2.041294            8      3
   -7.056930    -2.578014     2.041294            8      3
   -3.853406    -4.323104     2.041294            8      3
   -7.056930    -4.323104     2.041294            8      3
   -4.582623    -3.450559     3.643055            8      3
   -6.327713    -3.450559     3.643055            8      3
   -3.853406    -3.450559     2.913839            8      3
   -7.056930    -3.450559     2.913839            8      3
   -7.056930    -3.450559     1.168749            8      3
   -5.455168    -2.578014     3.643055            8      3
   -5.455168    -4.323104     3.643055            8      3
   -5.455168    -1.848797     2.913839            8      3
   -5.455168    -5.052321     2.913839            8      3
   -5.455168    -1.848797     1.168749            8      3
   -1.122986    -4.091478     0.985313            9      4
   -2.886986    -5.855478     0.985313            9      4
   -2.886986    -4.091478     2.749313            9      4
   -1.868541    -3.073032     2.003758            9      4
   -1.868541    -5.109924     2.003758            9      4
   -3.905432    -5.109924     2.003758            9      4
   -1.868541    -3.073032    -0.033133            9      4
   -1.868541    -5.109924    -0.033133            9      4
   -2.560443    -3.764934     2.687791            9      4
   -3.213530    -3.764934     2.687791            9      4
   -2.560443    -4.418022     2.687791            9      4
   -3.213530    -4.418022     2.687791            9      4
   -2.560443    -4.418022    -0.717166            9      4
   -2.560443    -5.793957     1.311857            9      4
   -3.213530    -5.793957     1.311857            9      4
   -2.560443    -5.793957     0.658769            9      4
   -3.213530    -5.793957     0.658769            9      4
   -1.184508    -3.764934     1.311857            9      4
   -1.184508    -4.418022     1.311857            9      4
   -1.184508    -3.764934     0.658769            9      4
   -1.184508    -4.418022     0.658769            9      4
   -1.669084    -2.873576     1.366261            9      4
   -1.669084    -5.309381     1.366261            9      4
   -1.669084    -2.873576     0.604364            9      4
   -1.669084    -5.309381     0.604364            9      4
   -1.669084    -3.710530     2.203215            9      4
   -1.669084    -4.472427     2.203215            9      4
   -4.104889    -4.472427     2.203215            9      4
   -1.669084    -3.710530    -0.232590            9      4
   -1.669084    -4.472427    -0.232590            9      4
   -2.506038    -2.873576     2.203215            9      4
   -3.267935    -2.873576     2.203215            9      4
   -2.506038    -5.309381     2.203215            9      4
   -3.267935    -5.309381     2.203215            9      4
   -2.506038    -5.309381    -0.232590            9      4
   -3.267935    -5.309381    -0.232590            9      4
   -2.188990    -3.393482     2.447263            9      4
   -3.584983    -3.393482     2.447263            9      4
   -2.188990    -4.789475     2.447263            9      4
   -3.584983    -4.789475     2.447263            9      4
   -2.188990    -3.393482    -0.476638            9      4
   -2.188990    -4.789475    -0.476638            9      4
   -2.188990    -2.629528     1.683309            9      4
   -2.188990    -5.553429     1.683309            9      4
   -3.584983    -5.553429     1.683309            9      4
   -2.188990    -5.553429     0.287316            9      4
   -3.584983    -5.553429     0.287316            9      4
   -1.425036    -3.393482     1.683309            9      4
   -1.425036    -4.789475     1.683309            9      4
   -1.425036    -3.393482     0.287316            9      4
   -1.425036    -4.789475     0.287316            9      4
   -2.043144    -2.542406     0.985313            9      4
   -2.043144    -5.640551     0.985313            9      4
   -1.337914    -3.247635     0.985313            9      4
   -1.337914    -4.935321     0.985313            9      4
   -2.043144    -4.091478     2.534385            9      4
   -3.730829    -4.091478     2.534385            9      4
   -2.043144    -4.091478    -0.563760            9      4
   -1.337914    -4.091478     1.829156            9      4
   -1.337914    -4.091478     0.141470            9      4
   -2.886986    -3.247635     2.534385            9      4
   -2.886986    -4.935321     2.534385            9      4
   -2.886986    -4.935321    -0.563760            9      4
   -2.886986    -2.542406     1.829156            9      4
   -2.886986    -5.640551     1.829156            9      4
   -2.886986    -5.640551     0.141470            9      4
   -1.826165    -3.481696    -0.954212            9      5
   -3.590165    -1.717696    -0.954212            9      5
   -3.590165    -5.245696    -0.954212            9      5
   -3.590165    -3.481696    -2.718212            9      5
   -2.571720    -2.463250    -1.972658            9      5
   -4.608611    -2.463250    -1.972658            9      5
   -2.571720    -4.500142    -1.972658            9      5
   -4.608611    -4.500142    -1.972658            9      5
   -3.263621    -3.155152    -2.656691            9      5
   -3.916709    -3.155152    -2.656691            9      5
   -3.263621    -3.808240    -2.656691            9      5
   -3.916709    -3.808240    -2.656691            9      5
   -3.263621    -5.184175    -0.627668            9      5
   -3.916709    -5.184175    -0.627668            9      5
   -3.263621    -1.779217    -1.280756            9      5
   -3.916709    -1.779217    -1.280756            9      5
   -3.263621    -5.184175    -1.280756            9      5
   -3.916709    -5.184175    -1.280756            9      5
   -1.887687    -3.155152    -0.627668            9      5
   -1.887687    -3.808240    -0.627668            9      5
   -1.887687    -3.155152    -1.280756            9      5
   -5.292644    -3.155152    -1.280756            9      5
   -1.887687    -3.808240    -1.280756            9      5
   -5.292644    -3.808240    -1.280756            9      5
   -2.372263    -2.263793    -0.573264            9      5
   -4.808068    -2.263793    -0.573264            9      5
   -2.372263    -4.699599    -0.573264            9      5
   -2.372263    -2.263793    -1.335161            9      5
   -4.808068    -2.263793    -1.335161            9      5
   -2.372263    -4.699599    -1.335161            9      5
   -2.372263    -3.100747    -2.172115            9      5
   -4.808068    -3.100747    -2.172115            9      5
   -2.372263    -3.862645    -2.172115            9      5
   -4.808068    -3.862645    -2.172115            9      5
   -3.209217    -2.263793    -2.172115            9      5
   -3.971114    -2.263793    -2.172115            9      5
   -3.209217    -4.699599    -2.172115            9      5
   -3.971114    -4.699599    -2.172115            9      5
   -2.892169    -2.783700    -2.416163            9      5
   -4.288162    -2.783700    -2.416163            9      5
   -2.892169    -4.179692    -2.416163            9      5
   -4.288162    -4.179692    -2.416163            9      5
   -2.892169    -4.943646    -0.256216            9      5
   -2.892169    -2.019746    -1.652209            9      5
   -4.288162    -2.019746    -1.652209            9      5
   -2.892169    -4.943646    -1.652209            9      5
   -4.288162    -4.943646    -1.652209            9      5
   -2.128215    -2.783700    -0.256216            9      5
   -2.128215    -4.179692    -0.256216            9      5
   -2.128215    -2.783700    -1.652209            9      5
   -5.052116    -2.783700    -1.652209            9      5
   -2.128215    -4.179692    -1.652209            9      5
   -5.052116    -4.179692    -1.652209            9      5
   -2.746322    -1.932624    -0.954212            9      5
   -4.434008    -1.932624    -0.954212            9      5
   -2.746322    -5.030768    -0.954212            9      5
   -2.041093    -2.637853    -0.954212            9      5
   -5.139238    -2.637853    -0.954212            9      5
   -2.041093    -4.325539    -0.954212            9      5
   -2.746322    -3.481696    -2.503285            9      5
   -4.434008    -3.481696    -2.503285            9      5
   -2.041093    -3.481696    -0.110369            9      5
   -2.041093    -3.481696    -1.798055            9      5
   -5.139238    -3.481696    -1.798055            9      5
   -3.590165    -2.637853    -2.503285            9      5
   -3.590165    -4.325539    -2.503285            9      5
   -3.590165    -5.030768    -0.110369            9      5
   -3.590165    -1.932624    -1.798055            9      5
   -3.590165    -5.030768    -1.798055            9      5
   -1.739305    -2.058284     0.647445            9      6
   -3.503305    -0.294284     0.647445            9      6
   -3.503305    -2.058284     2.411445            9      6
   -2.484859    -1.039838     1.665890            9      6
   -4.521751    -1.039838     1.665890            9      6
   -2.484859    -1.039838    -0.371001            9      6
   -4.521751    -1.039838    -0.371001            9      6
   -3.176761    -1.731740     2.349923            9      6
   -3.829849    -1.731740     2.349923            9      6
   -3.176761    -2.384828     2.349923            9      6
   -3.829849    -2.384828     2.349923            9      6
   -3.176761    -1.731740    -1.055034            9      6
   -3.829849    -1.731740    -1.055034            9      6
   -3.176761    -0.355805     0.973989            9      6
   -3.829849    -0.355805     0.973989            9      6
   -3.176761    -0.355805     0.320901            9      6
   -3.829849    -0.355805     0.320901            9      6
   -1.800826    -1.731740     0.973989            9      6
   -5.205784    -1.731740     0.973989            9      6
   -1.800826    -2.384828     0.973989            9      6
   -1.800826    -1.731740     0.320901            9      6
   -5.205784    -1.731740     0.320901            9      6
   -1.800826    -2.384828     0.320901            9      6
   -2.285402    -0.840381     1.028393            9      6
   -4.721208    -0.840381     1.028393            9      6
   -2.285402    -0.840381     0.266496            9      6
   -4.721208    -0.840381     0.266496            9      6
   -2.285402    -1.677335     1.865347            9      6
   -4.721208    -1.677335     1.865347            9      6
   -2.285402    -2.439232     1.865347            9      6
   -2.285402    -1.677335    -0.570458            9      6
   -4.721208    -1.677335    -0.570458            9      6
   -2.285402    -2.439232    -0.570458            9      6
   -3.122356    -0.840381     1.865347            9      6
   -3.884254    -0.840381     1.865347            9      6
   -3.122356    -0.840381    -0.570458            9      6
   -3.884254    -0.840381    -0.570458            9      6
   -2.805309    -1.360287     2.109395            9      6
   -4.201301    -1.360287     2.109395            9      6
   -2.805309    -2.756280     2.109395            9      6
   -2.805309    -1.360287    -0.814506            9      6
   -4.201301    -1.360287    -0.814506            9      6
   -2.805309    -0.596333     1.345441            9      6
   -4.201301    -0.596333     1.345441            9      6
   -2.805309    -0.596333    -0.050552            9      6
   -4.201301    -0.596333    -0.050552            9      6
   -2.041355    -1.360287     1.345441            9      6
   -4.965255    -1.360287     1.345441            9      6
   -2.041355    -2.756280     1.345441            9      6
   -2.041355    -1.360287    -0.050552            9      6
   -4.965255    -1.360287    -0.050552            9      6
   -2.041355    -2.756280    -0.050552            9      6
   -2.659462    -0.509211     0.647445            9      6
   -4.347148    -0.509211     0.647445            9      6
   -1.954233    -1.214441     0.647445            9      6
   -5.052377    -1.214441     0.647445            9      6
   -1.954233    -2.902127     0.647445            9      6
   -2.659462    -2.058284     2.196517            9      6
   -4.347148    -2.058284     2.196517            9      6
   -2.659462    -2.058284    -0.901628            9      6
   -4.347148    -2.058284    -0.901628            9      6
   -1.954233    -2.058284     1.491288            9      6
   -5.052377    -2.058284     1.491288            9      6
   -1.954233    -2.058284    -0.196398            9      6
   -5.052377    -2.058284    -0.196398            9      6
   -3.503305    -1.214441     2.196517            9      6
   -3.503305    -2.902127     2.196517            9      6
   -3.503305    -1.214441    -0.901628            9      6
   -3.503305    -0.509211     1.491288            9      6
   -3.503305    -0.509211    -0.196398            9      6
   -2.999252    -6.012975     0.988806            9      7
   -4.763252    -7.776975     0.988806            9      7
   -4.763252    -6.012975     2.752806            9      7
   -3.744806    -4.994529     2.007252            9      7
   -3.744806    -7.031420     2.007252            9      7
   -5.781698    -7.031420     2.007252            9      7
   -3.744806    -7.031420    -0.029640            9      7
   -5.781698    -7.031420    -0.029640            9      7
   -4.436708    -5.686431     2.691285            9      7
   -5.089796    -5.686431     2.691285            9      7
   -4.436708    -6.339519     2.691285            9      7
   -5.089796    -6.339519     2.691285            9      7
   -4.436708    -6.339519    -0.713673            9      7
   -4.436708    -7.715453     1.315350            9      7
   -5.089796    -7.715453     1.315350            9      7
   -4.436708    -7.715453     0.662262            9      7
   -5.089796    -7.715453     0.662262            9      7
   -3.060773    -5.686431     1.315350            9      7
   -3.060773    -6.339519     1.315350            9      7
   -3.060773    -5.686431     0.662262            9      7
   -3.060773    -6.339519     0.662262            9      7
   -3.545349    -7.230877     1.369755            9      7
   -5.981155    -7.230877     1.369755            9      7
   -3.545349    -7.230877     0.607857            9      7
   -5.981155    -7.230877     0.607857            9      7
   -3.545349    -5.632026     2.206709            9      7
   -5.981155    -5.632026     2.206709            9      7
   -3.545349    -6.393923     2.206709            9      7
   -5.981155    -6.393923     2.206709            9      7
   -3.545349    -5.632026    -0.229097            9      7
   -3.545349    -6.393923    -0.229097            9      7
   -4.382304    -4.795072     2.206709            9      7
   -4.382304    -7.230877     2.206709            9      7
   -5.144201    -7.230877     2.206709            9      7
   -4.382304    -7.230877    -0.229097            9      7
   -5.144201    -7.230877    -0.229097            9      7
   -4.065256    -5.314978     2.450756            9      7
   -5.461248    -5.314978     2.450756            9      7
   -4.065256    -6.710971     2.450756            9      7
   -5.461248    -6.710971     2.450756            9      7
   -4.065256    -6.710971    -0.473144            9      7
   -5.461248    -6.710971    -0.473144            9      7
   -4.065256    -7.474925     1.686802            9      7
   -5.461248    -7.474925     1.686802            9      7
   -4.065256    -7.474925     0.290810            9      7
   -5.461248    -7.474925     0.290810            9      7
   -3.301302    -5.314978     1.686802            9      7
   -3.301302    -6.710971     1.686802            9      7
   -6.225202    -6.710971     1.686802            9      7
   -3.301302    -5.314978     0.290810            9      7
   -3.301302    -6.710971     0.290810            9      7
   -3.919409    -7.562047     0.988806            9      7
   -5.607095    -7.562047     0.988806            9      7
   -3.214180    -6.856818     0.988806            9      7
   -6.312325    -6.856818     0.988806            9      7
   -3.919409    -6.012975     2.537878            9      7
   -5.607095    -6.012975     2.537878            9      7
   -3.919409    -6.012975    -0.560266            9      7
   -3.214180    -6.012975     1.832649            9      7
   -6.312325    -6.012975     1.832649            9      7
   -3.214180    -6.012975     0.144963            9      7
   -4.763252    -5.169132     2.537878            9      7
   -4.763252    -6.856818     2.537878            9      7
   -4.763252    -6.856818    -0.560266            9      7
   -4.763252    -7.562047     1.832649            9      7
   -4.763252    -7.562047     0.144963            9      7
   -3.656962    -5.332644    -0.943236            9      8
   -7.184962    -5.332644    -0.943236            9      8
   -5.420962    -7.096644    -0.943236            9      8
   -5.420962    -5.332644    -2.707236            9      8
   -4.402516    -4.314198    -1.961682            9      8
   -6.439408    -4.314198    -1.961682            9      8
   -4.402516    -6.351090    -1.961682            9      8
   -6.439408    -6.351090    -1.961682            9      8
   -5.094418    -5.006100    -2.645715            9      8
   -5.747506    -5.006100    -2.645715            9      8
   -5.094418    -5.659188    -2.645715            9      8
   -5.747506    -5.659188    -2.645715            9      8
   -5.094418    -7.035123    -0.616692            9      8
   -5.747506    -7.035123    -0.616692            9      8
   -5.094418    -3.630165    -1.269780            9      8
   -5.747506    -3.630165    -1.269780            9      8
   -5.094418    -7.035123    -1.269780            9      8
   -5.747506    -7.035123    -1.269780            9      8
   -3.718483    -5.006100    -0.616692            9      8
   -3.718483    -5.659188    -0.616692            9      8
   -3.718483    -5.006100    -1.269780            9      8
   -7.123441    -5.006100    -1.269780            9      8
   -3.718483    -5.659188    -1.269780            9      8
   -7.123441    -5.659188    -1.269780            9      8
   -6.638865    -4.114741    -0.562287            9      8
   -4.203059    -6.550547    -0.562287            9      8
   -6.638865    -6.550547    -0.562287            9      8
   -6.638865    -4.114741    -1.324185            9      8
   -4.203059    -6.550547    -1.324185            9      8
   -6.638865    -6.550547    -1.324185            9      8
   -4.203059    -4.951695    -2.161139            9      8
   -6.638865    -4.951695    -2.161139            9      8
   -4.203059    -5.713592    -2.161139            9      8
   -6.638865    -5.713592    -2.161139            9      8
   -5.040013    -4.114741    -2.161139            9      8
   -5.801911    -4.114741    -2.161139            9      8
   -5.040013    -6.550547    -2.161139            9      8
   -5.801911    -6.550547    -2.161139            9      8
   -4.722966    -4.634648    -2.405186            9      8
   -6.118958    -4.634648    -2.405186            9      8
   -4.722966    -6.030640    -2.405186            9      8
   -6.118958    -6.030640    -2.405186            9      8
   -4.722966    -6.794594    -0.245240            9      8
   -6.118958    -6.794594    -0.245240            9      8
   -4.722966    -3.870694    -1.641232            9      8
   -6.118958    -3.870694    -1.641232            9      8
   -4.722966    -6.794594    -1.641232            9      8
   -6.118958    -6.794594    -1.641232            9      8
   -3.959012    -6.030640    -0.245240            9      8
   -3.959012    -4.634648    -1.641232            9      8
   -6.882912    -4.634648    -1.641232            9      8
   -3.959012    -6.030640    -1.641232            9      8
   -6.882912    -6.030640    -1.641232            9      8
   -6.264805    -3.783571    -0.943236            9      8
   -4.577119    -6.881716    -0.943236            9      8
   -6.264805    -6.881716    -0.943236            9      8
   -6.970034    -4.488801    -0.943236            9      8
   -3.871890    -6.176487    -0.943236            9      8
   -6.970034    -6.176487    -0.943236            9      8
   -4.577119    -5.332644    -2.492308            9      8
   -6.264805    -5.332644    -2.492308            9      8
   -3.871890    -5.332644    -0.099393            9      8
   -3.871890    -5.332644    -1.787079            9      8
   -6.970034    -5.332644    -1.787079            9      8
   -5.420962    -4.488801    -2.492308            9      8
   -5.420962    -6.176487    -2.492308            9      8
   -5.420962    -6.881716    -0.099393            9      8
   -5.420962    -3.783571    -1.787079            9      8
   -5.420962    -6.881716    -1.787079            9      8
   -8.579139    -5.443909     0.682371            9      9
   -6.815139    -7.207909     0.682371            9      9
   -6.815139    -5.443909     2.446371            9      9
   -7.833584    -4.425463     1.700817            9      9
   -7.833584    -6.462355     1.700817            9      9
   -7.833584    -4.425463    -0.336075            9      9
   -7.833584    -6.462355    -0.336075            9      9
   -6.488595    -5.117365     2.384850            9      9
   -7.141683    -5.117365     2.384850            9      9
   -6.488595    -5.770453     2.384850            9      9
   -7.141683    -5.770453     2.384850            9      9
   -7.141683    -5.117365    -1.020108            9      9
   -7.141683    -5.770453    -1.020108            9      9
   -7.141683    -3.741430     1.008915            9      9
   -6.488595    -7.146388     1.008915            9      9
   -7.141683    -7.146388     1.008915            9      9
   -7.141683    -3.741430     0.355827            9      9
   -6.488595    -7.146388     0.355827            9      9
   -7.141683    -7.146388     0.355827            9      9
   -8.517617    -5.117365     1.008915            9      9
   -8.517617    -5.770453     1.008915            9      9
   -8.517617    -5.117365     0.355827            9      9
   -8.517617    -5.770453     0.355827            9      9
   -8.033041    -4.226006     1.063320            9      9
   -8.033041    -6.661812     1.063320            9      9
   -8.033041    -4.226006     0.301422            9      9
   -8.033041    -6.661812     0.301422            9      9
   -8.033041    -5.062961     1.900274            9      9
   -8.033041    -5.824858     1.900274            9      9
   -8.033041    -5.062961    -0.535532            9      9
   -8.033041    -5.824858    -0.535532            9      9
   -7.196087    -4.226006     1.900274            9      9
   -6.434190    -6.661812     1.900274            9      9
   -7.196087    -6.661812     1.900274            9      9
   -7.196087    -4.226006    -0.535532            9      9
   -6.434190    -6.661812    -0.535532            9      9
   -7.196087    -6.661812    -0.535532            9      9
   -6.117142    -4.745913     2.144321            9      9
   -7.513135    -4.745913     2.144321            9      9
   -6.117142    -6.141905     2.144321            9      9
   -7.513135    -6.141905     2.144321            9      9
   -7.513135    -4.745913    -0.779579            9      9
   -7.513135    -6.141905    -0.779579            9      9
   -7.513135    -3.981959     1.380367            9      9
   -6.117142    -6.905859     1.380367            9      9
   -7.513135    -6.905859     1.380367            9      9
   -7.513135    -3.981959    -0.015625            9      9
   -6.117142    -6.905859    -0.015625            9      9
   -7.513135    -6.905859    -0.015625            9      9
   -8.277089    -4.745913     1.380367            9      9
   -8.277089    -6.141905     1.380367            9      9
   -8.277089    -4.745913    -0.015625            9      9
   -8.277089    -6.141905    -0.015625            9      9
   -7.658981    -3.894837     0.682371            9      9
   -5.971296    -6.992982     0.682371            9      9
   -7.658981    -6.992982     0.682371            9      9
   -8.364211    -4.600066     0.682371            9      9
   -8.364211    -6.287752     0.682371            9      9
   -5.971296    -5.443909     2.231443            9      9
   -7.658981    -5.443909     2.231443            9      9
   -7.658981    -5.443909    -0.866701            9      9
   -8.364211    -5.443909     1.526214            9      9
   -8.364211    -5.443909    -0.161472            9      9
   -6.815139    -4.600066     2.231443            9      9
   -6.815139    -6.287752     2.231443            9      9
   -6.815139    -4.600066    -0.866701            9      9
   -6.815139    -6.287752    -0.866701            9      9
   -6.815139    -3.894837     1.526214            9      9
   -6.815139    -6.992982     1.526214            9      9
   -6.815139    -3.894837    -0.161472            9      9
   -6.815139    -6.992982    -0.161472            9      9
   -7.212339    -3.035816     0.104268            1     10
   -5.892339    -1.715816     0.104268            1     10
   -5.892339    -3.035816    -1.215732            1     10
   -6.654441    -2.273713     0.866370            1     10
   -5.130237    -2.273713    -0.657835            1     10
   -6.654441    -2.273713    -0.657835            1     10
   -6.654441    -3.797918    -0.657835            1     10
   -5.647986    -2.791463    -1.169696            1     10
   -6.136692    -2.791463    -1.169696            1     10
   -5.647986    -3.280168    -1.169696            1     10
   -6.136692    -3.280168    -1.169696            1     10
   -5.647986    -1.761852     0.348620            1     10
   -6.136692    -1.761852     0.348620            1     10
   -5.647986    -1.761852    -0.140085            1     10
   -6.136692    -1.761852    -0.140085            1     10
   -7.166303    -2.791463     0.348620            1     10
   -7.166303    -3.280168     0.348620            1     10
   -7.166303    -2.791463    -0.140085            1     10
   -7.166303    -3.280168    -0.140085            1     10
   -6.803695    -2.124460     0.389331            1     10
   -6.803695    -2.124460    -0.180796            1     10
   -6.803695    -3.947171    -0.180796            1     10
   -6.803695    -2.750752     1.015623            1     10
   -6.803695    -2.750752    -0.807088            1     10
   -6.803695    -3.320879    -0.807088            1     10
   -6.177403    -2.124460     1.015623            1     10
   -5.607275    -2.124460    -0.807088            1     10
   -6.177403    -2.124460    -0.807088            1     10
   -5.370029    -2.513505    -0.989709            1     10
   -6.414649    -2.513505    -0.989709            1     10
   -5.370029    -3.558126    -0.989709            1     10
   -6.414649    -3.558126    -0.989709            1     10
   -5.370029    -1.941839     0.626578            1     10
   -6.414649    -1.941839     0.626578            1     10
   -5.370029    -1.941839    -0.418043            1     10
   -6.414649    -1.941839    -0.418043            1     10
   -6.986315    -2.513505     0.626578            1     10
   -6.986315    -3.558126     0.626578            1     10
   -6.986315    -2.513505    -0.418043            1     10
   -6.986315    -3.558126    -0.418043            1     10
   -5.260892    -1.876646     0.104268            1     10
   -6.523786    -1.876646     0.104268            1     10
   -7.051509    -2.404368     0.104268            1     10
   -7.051509    -3.667263     0.104268            1     10
   -5.260892    -3.035816    -1.054902            1     10
   -6.523786    -3.035816    -1.054902            1     10
   -7.051509    -3.035816     0.735715            1     10
   -7.051509    -3.035816    -0.527180            1     10
   -5.892339    -2.404368    -1.054902            1     10
   -5.892339    -3.667263    -1.054902            1     10
   -5.892339    -1.876646     0.735715            1     10
   -5.892339    -1.876646    -0.527180            1     10
