# Atoms array:
     x           y            z                   Z     indx
   -7.153736    -3.690264    -3.311677            6      0
   -8.185965    -3.605070    -4.235220            6      1
   -5.942200    -0.263865    -3.030312            7      2
   -5.646348    -2.630430    -2.219346            1      3
   -8.477624    -2.369594    -4.808143            6      4
   -8.744422    -4.487260    -4.521140            1      5
   -7.739849    -1.225388    -4.453554            6      6
   -9.269187    -2.283081    -5.544265            1      7
   -6.731048    -1.261279    -3.478896            6      8
   -7.960622    -0.306589    -4.982796            1      9
   -6.455121    -2.535703    -2.944147            6     10
   -6.883907    -4.645008    -2.873569            1     11
   -6.081501     1.068521    -3.220504            6     12
   -7.234315     1.792438    -3.550114            6     13
   -3.998315     3.776333    -2.832267            1     14
   -4.024746     1.330517    -2.638478            1     15
   -7.217923     3.192114    -3.701377            6     16
   -8.184050     1.286641    -3.678624            1     17
   -6.053990     3.914747    -3.453886            6     18
   -8.128600     3.705112    -3.990148            1     19
   -4.909739     3.235393    -3.062887            6     20
   -6.047593     4.993798    -3.553217            1     21
   -4.935332     1.840248    -2.952406            6     22

# Gridpoints array:
     x           y            z                   Z     indx
   -5.113736    -3.690264    -3.311677            6      0
   -7.153736    -5.730264    -3.311677            6      0
   -7.153736    -3.690264    -1.271677            6      0
   -8.331531    -2.512469    -2.133882            6      0
   -5.975941    -4.868059    -2.133882            6      0
   -8.331531    -4.868059    -2.133882            6      0
   -5.975941    -2.512469    -4.489472            6      0
   -5.975941    -4.868059    -4.489472            6      0
   -6.776100    -3.312628    -1.342824            6      0
   -7.531372    -3.312628    -1.342824            6      0
   -6.776100    -4.067900    -1.342824            6      0
   -7.531372    -4.067900    -1.342824            6      0
   -6.776100    -3.312628    -5.280530            6      0
   -6.776100    -4.067900    -5.280530            6      0
   -6.776100    -5.659117    -2.934041            6      0
   -7.531372    -5.659117    -2.934041            6      0
   -6.776100    -5.659117    -3.689313            6      0
   -7.531372    -5.659117    -3.689313            6      0
   -9.122589    -3.312628    -2.934041            6      0
   -5.184883    -4.067900    -2.934041            6      0
   -9.122589    -4.067900    -2.934041            6      0
   -5.184883    -3.312628    -3.689313            6      0
   -5.184883    -4.067900    -3.689313            6      0
   -8.562195    -2.281805    -2.871124            6      0
   -5.745277    -5.098723    -2.871124            6      0
   -8.562195    -5.098723    -2.871124            6      0
   -5.745277    -5.098723    -3.752230            6      0
   -8.562195    -3.249711    -1.903218            6      0
   -5.745277    -4.130817    -1.903218            6      0
   -8.562195    -4.130817    -1.903218            6      0
   -5.745277    -3.249711    -4.720136            6      0
   -5.745277    -4.130817    -4.720136            6      0
   -7.594289    -2.281805    -1.903218            6      0
   -6.713183    -5.098723    -1.903218            6      0
   -7.594289    -5.098723    -1.903218            6      0
   -6.713183    -5.098723    -4.720136            6      0
   -7.594289    -5.098723    -4.720136            6      0
   -7.960943    -2.883057    -1.620986            6      0
   -6.346530    -4.497471    -1.620986            6      0
   -7.960943    -4.497471    -1.620986            6      0
   -6.346530    -2.883057    -5.002368            6      0
   -6.346530    -4.497471    -5.002368            6      0
   -6.346530    -5.380955    -2.504470            6      0
   -7.960943    -5.380955    -2.504470            6      0
   -6.346530    -5.380955    -4.118884            6      0
   -7.960943    -5.380955    -4.118884            6      0
   -8.844427    -2.883057    -2.504470            6      0
   -5.463045    -4.497471    -2.504470            6      0
   -8.844427    -4.497471    -2.504470            6      0
   -5.463045    -2.883057    -4.118884            6      0
   -5.463045    -4.497471    -4.118884            6      0
   -6.177863    -5.481708    -3.311677            6      0
   -8.129609    -5.481708    -3.311677            6      0
   -5.362292    -4.666137    -3.311677            6      0
   -8.945180    -4.666137    -3.311677            6      0
   -6.177863    -3.690264    -1.520233            6      0
   -8.129609    -3.690264    -1.520233            6      0
   -6.177863    -3.690264    -5.103121            6      0
   -5.362292    -3.690264    -2.335804            6      0
   -8.945180    -3.690264    -2.335804            6      0
   -5.362292    -3.690264    -4.287550            6      0
   -7.153736    -2.714391    -1.520233            6      0
   -7.153736    -4.666137    -1.520233            6      0
   -7.153736    -4.666137    -5.103121            6      0
   -7.153736    -5.481708    -2.335804            6      0
   -7.153736    -5.481708    -4.287550            6      0
  -10.225965    -3.605070    -4.235220            6      1
   -8.185965    -5.645070    -4.235220            6      1
   -8.185965    -3.605070    -6.275220            6      1
   -9.363760    -2.427275    -3.057425            6      1
   -9.363760    -4.782865    -3.057425            6      1
   -7.008170    -4.782865    -5.413015            6      1
   -9.363760    -4.782865    -5.413015            6      1
   -8.563601    -3.227434    -2.266367            6      1
   -8.563601    -3.982706    -2.266367            6      1
   -7.808329    -3.227434    -6.204073            6      1
   -8.563601    -3.227434    -6.204073            6      1
   -7.808329    -3.982706    -6.204073            6      1
   -8.563601    -3.982706    -6.204073            6      1
   -7.808329    -5.573923    -3.857584            6      1
   -8.563601    -5.573923    -3.857584            6      1
   -7.808329    -5.573923    -4.612856            6      1
   -8.563601    -5.573923    -4.612856            6      1
  -10.154818    -3.227434    -3.857584            6      1
  -10.154818    -3.982706    -3.857584            6      1
   -6.217112    -3.227434    -4.612856            6      1
  -10.154818    -3.227434    -4.612856            6      1
   -6.217112    -3.982706    -4.612856            6      1
  -10.154818    -3.982706    -4.612856            6      1
   -9.594424    -2.196611    -3.794667            6      1
   -9.594424    -5.013529    -3.794667            6      1
   -6.777506    -5.013529    -4.675773            6      1
   -9.594424    -5.013529    -4.675773            6      1
   -9.594424    -3.164517    -2.826761            6      1
   -9.594424    -4.045623    -2.826761            6      1
   -6.777506    -3.164517    -5.643679            6      1
   -6.777506    -4.045623    -5.643679            6      1
   -9.594424    -4.045623    -5.643679            6      1
   -8.626518    -2.196611    -2.826761            6      1
   -8.626518    -5.013529    -2.826761            6      1
   -7.745412    -5.013529    -5.643679            6      1
   -8.626518    -5.013529    -5.643679            6      1
   -8.993172    -2.797863    -2.544529            6      1
   -8.993172    -4.412277    -2.544529            6      1
   -7.378759    -2.797863    -5.925911            6      1
   -7.378759    -4.412277    -5.925911            6      1
   -8.993172    -4.412277    -5.925911            6      1
   -8.993172    -5.295761    -3.428013            6      1
   -7.378759    -5.295761    -5.042427            6      1
   -8.993172    -5.295761    -5.042427            6      1
   -9.876656    -2.797863    -3.428013            6      1
   -9.876656    -4.412277    -3.428013            6      1
   -6.495274    -2.797863    -5.042427            6      1
   -6.495274    -4.412277    -5.042427            6      1
   -9.876656    -4.412277    -5.042427            6      1
   -7.210092    -5.396514    -4.235220            6      1
   -9.161838    -5.396514    -4.235220            6      1
   -9.977409    -2.629197    -4.235220            6      1
   -9.977409    -4.580943    -4.235220            6      1
   -9.161838    -3.605070    -2.443776            6      1
   -7.210092    -3.605070    -6.026664            6      1
   -9.161838    -3.605070    -6.026664            6      1
   -9.977409    -3.605070    -3.259347            6      1
   -6.394521    -3.605070    -5.211093            6      1
   -9.977409    -3.605070    -5.211093            6      1
   -8.185965    -2.629197    -2.443776            6      1
   -8.185965    -4.580943    -2.443776            6      1
   -8.185965    -4.580943    -6.026664            6      1
   -8.185965    -5.396514    -3.259347            6      1
   -8.185965    -5.396514    -5.211093            6      1
   -4.082200    -0.263865    -3.030312            7      2
   -5.942200    -0.263865    -1.170312            7      2
   -5.942200    -0.263865    -4.890312            7      2
   -4.868329    -1.337737    -1.956441            7      2
   -4.868329    -1.337737    -4.104184            7      2
   -5.597885     0.080450    -1.235181            7      2
   -6.286515     0.080450    -1.235181            7      2
   -5.597885    -0.608180    -1.235181            7      2
   -6.286515    -0.608180    -1.235181            7      2
   -5.597885     0.080450    -4.825443            7      2
   -6.286515     0.080450    -4.825443            7      2
   -5.597885    -0.608180    -4.825443            7      2
   -4.147069     0.080450    -2.685997            7      2
   -7.737331     0.080450    -2.685997            7      2
   -4.147069    -0.608180    -2.685997            7      2
   -4.147069     0.080450    -3.374627            7      2
   -4.147069    -0.608180    -3.374627            7      2
   -4.658017    -1.548048    -2.628631            7      2
   -4.658017    -1.548048    -3.431993            7      2
   -4.658017     0.137816    -1.746129            7      2
   -7.226383     0.137816    -1.746129            7      2
   -4.658017    -0.665546    -1.746129            7      2
   -7.226383    -0.665546    -1.746129            7      2
   -4.658017     0.137816    -4.314495            7      2
   -4.658017    -0.665546    -4.314495            7      2
   -5.540519    -1.548048    -1.746129            7      2
   -5.206218     0.472117    -1.488800            7      2
   -6.678182     0.472117    -1.488800            7      2
   -5.206218    -0.999847    -1.488800            7      2
   -6.678182    -0.999847    -1.488800            7      2
   -5.206218     0.472117    -4.571824            7      2
   -5.206218    -0.999847    -4.571824            7      2
   -7.483712     0.472117    -2.294330            7      2
   -4.400688    -0.999847    -2.294330            7      2
   -4.400688     0.472117    -3.766294            7      2
   -4.400688    -0.999847    -3.766294            7      2
   -4.308824    -1.153631    -3.030312            7      2
   -5.052434    -0.263865    -1.396936            7      2
   -6.831966    -0.263865    -1.396936            7      2
   -5.052434    -0.263865    -4.663688            7      2
   -4.308824    -0.263865    -2.140546            7      2
   -7.575576    -0.263865    -2.140546            7      2
   -4.308824    -0.263865    -3.920078            7      2
   -5.942200     0.625901    -1.396936            7      2
   -5.942200    -1.153631    -1.396936            7      2
   -4.326348    -2.630430    -2.219346            1      3
   -5.646348    -2.630430    -0.899346            1      3
   -4.884246    -1.868328    -1.457244            1      3
   -4.884246    -3.392532    -1.457244            1      3
   -6.408450    -3.392532    -1.457244            1      3
   -4.884246    -3.392532    -2.981448            1      3
   -5.401995    -2.386077    -0.945382            1      3
   -5.890701    -2.386077    -0.945382            1      3
   -5.401995    -2.874783    -0.945382            1      3
   -5.890701    -2.874783    -0.945382            1      3
   -5.401995    -3.904394    -1.974993            1      3
   -5.401995    -3.904394    -2.463699            1      3
   -4.372384    -2.386077    -1.974993            1      3
   -4.372384    -2.874783    -1.974993            1      3
   -4.372384    -2.386077    -2.463699            1      3
   -4.372384    -2.874783    -2.463699            1      3
   -4.734992    -1.719074    -1.934282            1      3
   -4.734992    -3.541786    -1.934282            1      3
   -4.734992    -1.719074    -2.504410            1      3
   -4.734992    -3.541786    -2.504410            1      3
   -4.734992    -2.345366    -1.307990            1      3
   -4.734992    -2.915494    -1.307990            1      3
   -4.734992    -2.345366    -3.130702            1      3
   -4.734992    -2.915494    -3.130702            1      3
   -5.361284    -1.719074    -1.307990            1      3
   -5.931412    -1.719074    -1.307990            1      3
   -5.361284    -3.541786    -1.307990            1      3
   -5.931412    -3.541786    -1.307990            1      3
   -5.124038    -2.108120    -1.125370            1      3
   -6.168658    -2.108120    -1.125370            1      3
   -5.124038    -3.152740    -1.125370            1      3
   -6.168658    -3.152740    -1.125370            1      3
   -5.124038    -1.536454    -1.697036            1      3
   -5.124038    -3.724406    -1.697036            1      3
   -5.124038    -3.724406    -2.741656            1      3
   -4.552372    -2.108120    -1.697036            1      3
   -4.552372    -3.152740    -1.697036            1      3
   -4.552372    -2.108120    -2.741656            1      3
   -4.552372    -3.152740    -2.741656            1      3
   -5.014901    -1.471260    -2.219346            1      3
   -5.014901    -3.789600    -2.219346            1      3
   -4.487178    -1.998983    -2.219346            1      3
   -4.487178    -3.261877    -2.219346            1      3
   -5.014901    -2.630430    -1.060176            1      3
   -6.277795    -2.630430    -1.060176            1      3
   -4.487178    -2.630430    -1.587899            1      3
   -4.487178    -2.630430    -2.850793            1      3
   -5.646348    -1.998983    -1.060176            1      3
   -5.646348    -3.261877    -1.060176            1      3
   -5.646348    -1.471260    -1.587899            1      3
   -5.646348    -3.789600    -1.587899            1      3
  -10.517624    -2.369594    -4.808143            6      4
   -8.477624    -2.369594    -2.768143            6      4
   -8.477624    -2.369594    -6.848143            6      4
   -9.655419    -1.191799    -3.630348            6      4
   -9.655419    -3.547389    -3.630348            6      4
   -7.299829    -1.191799    -5.985938            6      4
   -9.655419    -1.191799    -5.985938            6      4
   -7.299829    -3.547389    -5.985938            6      4
   -9.655419    -3.547389    -5.985938            6      4
   -8.855260    -1.991958    -2.839290            6      4
   -8.855260    -2.747230    -2.839290            6      4
   -8.099988    -1.991958    -6.776996            6      4
   -8.855260    -1.991958    -6.776996            6      4
   -8.099988    -2.747230    -6.776996            6      4
   -8.855260    -2.747230    -6.776996            6      4
  -10.446477    -1.991958    -4.430507            6      4
  -10.446477    -2.747230    -4.430507            6      4
   -6.508771    -1.991958    -5.185779            6      4
  -10.446477    -1.991958    -5.185779            6      4
   -6.508771    -2.747230    -5.185779            6      4
  -10.446477    -2.747230    -5.185779            6      4
   -9.886083    -0.961135    -4.367590            6      4
   -9.886083    -3.778053    -4.367590            6      4
   -9.886083    -0.961135    -5.248696            6      4
   -9.886083    -3.778053    -5.248696            6      4
   -9.886083    -1.929041    -3.399684            6      4
   -9.886083    -2.810147    -3.399684            6      4
   -7.069165    -1.929041    -6.216602            6      4
   -9.886083    -1.929041    -6.216602            6      4
   -7.069165    -2.810147    -6.216602            6      4
   -9.886083    -2.810147    -6.216602            6      4
   -8.918177    -0.961135    -3.399684            6      4
   -8.037071    -0.961135    -6.216602            6      4
   -8.918177    -0.961135    -6.216602            6      4
   -8.037071    -3.778053    -6.216602            6      4
   -8.918177    -3.778053    -6.216602            6      4
   -9.284831    -1.562387    -3.117452            6      4
   -9.284831    -3.176801    -3.117452            6      4
   -7.670418    -1.562387    -6.498834            6      4
   -9.284831    -1.562387    -6.498834            6      4
   -7.670418    -3.176801    -6.498834            6      4
   -9.284831    -3.176801    -6.498834            6      4
   -9.284831    -0.678903    -4.000936            6      4
   -9.284831    -0.678903    -5.615350            6      4
   -7.670418    -4.060285    -5.615350            6      4
   -9.284831    -4.060285    -5.615350            6      4
  -10.168315    -1.562387    -4.000936            6      4
  -10.168315    -3.176801    -4.000936            6      4
   -6.786933    -1.562387    -5.615350            6      4
  -10.168315    -1.562387    -5.615350            6      4
   -6.786933    -3.176801    -5.615350            6      4
  -10.168315    -3.176801    -5.615350            6      4
   -9.453497    -0.578150    -4.808143            6      4
  -10.269068    -1.393721    -4.808143            6      4
  -10.269068    -3.345467    -4.808143            6      4
   -9.453497    -2.369594    -3.016699            6      4
   -7.501751    -2.369594    -6.599587            6      4
   -9.453497    -2.369594    -6.599587            6      4
  -10.269068    -2.369594    -3.832270            6      4
   -6.686180    -2.369594    -5.784016            6      4
  -10.269068    -2.369594    -5.784016            6      4
   -8.477624    -1.393721    -3.016699            6      4
   -8.477624    -1.393721    -6.599587            6      4
   -8.477624    -3.345467    -6.599587            6      4
   -8.477624    -4.161038    -5.784016            6      4
  -10.064422    -4.487260    -4.521140            1      5
   -8.744422    -5.807260    -4.521140            1      5
   -8.744422    -4.487260    -5.841140            1      5
   -9.506524    -5.249362    -3.759038            1      5
   -7.982320    -5.249362    -5.283242            1      5
   -9.506524    -5.249362    -5.283242            1      5
   -8.988775    -4.242907    -5.795104            1      5
   -8.500069    -4.731613    -5.795104            1      5
   -8.988775    -4.731613    -5.795104            1      5
   -8.500069    -5.761224    -4.276787            1      5
   -8.988775    -5.761224    -4.276787            1      5
   -8.500069    -5.761224    -4.765493            1      5
   -8.988775    -5.761224    -4.765493            1      5
  -10.018386    -4.242907    -4.276787            1      5
  -10.018386    -4.731613    -4.276787            1      5
  -10.018386    -4.242907    -4.765493            1      5
  -10.018386    -4.731613    -4.765493            1      5
   -7.833066    -5.398616    -4.236076            1      5
   -9.655778    -5.398616    -4.236076            1      5
   -7.833066    -5.398616    -4.806204            1      5
   -9.655778    -5.398616    -4.806204            1      5
   -9.655778    -4.202196    -3.609784            1      5
   -9.655778    -4.772324    -3.609784            1      5
   -9.655778    -4.202196    -5.432496            1      5
   -7.833066    -4.772324    -5.432496            1      5
   -9.655778    -4.772324    -5.432496            1      5
   -8.459358    -5.398616    -3.609784            1      5
   -9.029486    -5.398616    -3.609784            1      5
   -8.459358    -5.398616    -5.432496            1      5
   -9.029486    -5.398616    -5.432496            1      5
   -9.266732    -5.009570    -3.427164            1      5
   -9.266732    -3.964950    -5.615116            1      5
   -8.222112    -5.009570    -5.615116            1      5
   -9.266732    -5.009570    -5.615116            1      5
   -8.222112    -5.581236    -3.998830            1      5
   -9.266732    -5.581236    -3.998830            1      5
   -8.222112    -5.581236    -5.043450            1      5
   -9.266732    -5.581236    -5.043450            1      5
   -9.838398    -3.964950    -3.998830            1      5
   -9.838398    -5.009570    -3.998830            1      5
   -9.838398    -3.964950    -5.043450            1      5
   -7.650446    -5.009570    -5.043450            1      5
   -9.838398    -5.009570    -5.043450            1      5
   -8.112975    -5.646430    -4.521140            1      5
   -9.375869    -5.646430    -4.521140            1      5
   -9.903592    -3.855813    -4.521140            1      5
   -9.903592    -5.118707    -4.521140            1      5
   -9.375869    -4.487260    -3.361970            1      5
   -8.112975    -4.487260    -5.680310            1      5
   -9.375869    -4.487260    -5.680310            1      5
   -9.903592    -4.487260    -3.889693            1      5
   -9.903592    -4.487260    -5.152587            1      5
   -8.744422    -5.118707    -3.361970            1      5
   -8.744422    -5.118707    -5.680310            1      5
   -8.744422    -5.646430    -3.889693            1      5
   -8.744422    -5.646430    -5.152587            1      5
   -9.779849    -1.225388    -4.453554            6      6
   -7.739849    -1.225388    -6.493554            6      6
   -8.917644    -0.047593    -3.275759            6      6
   -6.562054    -0.047593    -5.631349            6      6
   -8.917644    -0.047593    -5.631349            6      6
   -6.562054    -2.403183    -5.631349            6      6
   -8.117485    -0.847752    -2.484701            6      6
   -8.117485    -1.603024    -2.484701            6      6
   -7.362213    -0.847752    -6.422407            6      6
   -8.117485    -0.847752    -6.422407            6      6
   -7.362213    -1.603024    -6.422407            6      6
   -8.117485    -1.603024    -6.422407            6      6
   -7.362213     0.743465    -4.831190            6      6
   -8.117485     0.743465    -4.831190            6      6
   -9.708702    -0.847752    -4.075918            6      6
   -9.708702    -1.603024    -4.075918            6      6
   -5.770996    -0.847752    -4.831190            6      6
   -9.708702    -0.847752    -4.831190            6      6
   -5.770996    -1.603024    -4.831190            6      6
   -9.148308     0.183071    -4.013001            6      6
   -6.331390     0.183071    -4.894107            6      6
   -9.148308     0.183071    -4.894107            6      6
   -6.331390    -2.633847    -4.894107            6      6
   -9.148308    -0.784835    -3.045095            6      6
   -9.148308    -1.665941    -3.045095            6      6
   -6.331390    -0.784835    -5.862013            6      6
   -9.148308    -0.784835    -5.862013            6      6
   -6.331390    -1.665941    -5.862013            6      6
   -8.180402     0.183071    -3.045095            6      6
   -7.299296     0.183071    -5.862013            6      6
   -8.180402     0.183071    -5.862013            6      6
   -7.299296    -2.633847    -5.862013            6      6
   -8.547056    -0.418181    -2.762863            6      6
   -8.547056    -2.032595    -2.762863            6      6
   -6.932643    -0.418181    -6.144245            6      6
   -8.547056    -0.418181    -6.144245            6      6
   -6.932643    -2.032595    -6.144245            6      6
   -8.547056     0.465303    -3.646347            6      6
   -6.932643     0.465303    -5.260761            6      6
   -8.547056     0.465303    -5.260761            6      6
   -6.932643    -2.916079    -5.260761            6      6
   -9.430540    -0.418181    -3.646347            6      6
   -9.430540    -2.032595    -3.646347            6      6
   -6.049158    -0.418181    -5.260761            6      6
   -9.430540    -0.418181    -5.260761            6      6
   -6.049158    -2.032595    -5.260761            6      6
   -8.715722     0.566056    -4.453554            6      6
   -9.531293    -0.249515    -4.453554            6      6
   -8.715722    -1.225388    -2.662110            6      6
   -6.763976    -1.225388    -6.244998            6      6
   -8.715722    -1.225388    -6.244998            6      6
   -9.531293    -1.225388    -3.477681            6      6
   -5.948405    -1.225388    -5.429427            6      6
   -9.531293    -1.225388    -5.429427            6      6
   -7.739849    -0.249515    -2.662110            6      6
   -7.739849    -0.249515    -6.244998            6      6
   -7.739849    -2.201261    -6.244998            6      6
   -7.739849     0.566056    -5.429427            6      6
  -10.589187    -2.283081    -5.544265            1      7
   -9.269187    -2.283081    -6.864265            1      7
  -10.031289    -1.520979    -4.782163            1      7
   -8.507085    -1.520979    -6.306367            1      7
  -10.031289    -1.520979    -6.306367            1      7
  -10.031289    -3.045183    -6.306367            1      7
   -9.024834    -2.038728    -6.818229            1      7
   -9.513540    -2.038728    -6.818229            1      7
   -9.024834    -2.527434    -6.818229            1      7
   -9.513540    -2.527434    -6.818229            1      7
   -9.513540    -1.009117    -5.299912            1      7
   -9.513540    -1.009117    -5.788618            1      7
   -9.513540    -3.557045    -5.788618            1      7
  -10.543151    -2.038728    -5.299912            1      7
  -10.543151    -2.527434    -5.299912            1      7
  -10.543151    -2.038728    -5.788618            1      7
  -10.543151    -2.527434    -5.788618            1      7
  -10.180543    -1.371725    -5.259201            1      7
  -10.180543    -3.194437    -5.259201            1      7
  -10.180543    -1.371725    -5.829329            1      7
  -10.180543    -3.194437    -5.829329            1      7
  -10.180543    -1.998017    -4.632909            1      7
  -10.180543    -2.568145    -4.632909            1      7
   -8.357831    -1.998017    -6.455621            1      7
  -10.180543    -1.998017    -6.455621            1      7
  -10.180543    -2.568145    -6.455621            1      7
   -8.984123    -1.371725    -6.455621            1      7
   -9.554251    -1.371725    -6.455621            1      7
   -8.984123    -3.194437    -6.455621            1      7
   -9.554251    -3.194437    -6.455621            1      7
   -8.746877    -1.760771    -6.638241            1      7
   -9.791497    -1.760771    -6.638241            1      7
   -8.746877    -2.805391    -6.638241            1      7
   -9.791497    -2.805391    -6.638241            1      7
   -9.791497    -1.189105    -5.021955            1      7
   -9.791497    -1.189105    -6.066575            1      7
   -9.791497    -3.377057    -6.066575            1      7
  -10.363163    -1.760771    -5.021955            1      7
  -10.363163    -2.805391    -5.021955            1      7
  -10.363163    -1.760771    -6.066575            1      7
  -10.363163    -2.805391    -6.066575            1      7
   -9.900634    -1.123911    -5.544265            1      7
   -9.900634    -3.442251    -5.544265            1      7
  -10.428357    -1.651634    -5.544265            1      7
  -10.428357    -2.914528    -5.544265            1      7
   -8.637740    -2.283081    -6.703435            1      7
   -9.900634    -2.283081    -6.703435            1      7
  -10.428357    -2.283081    -4.912818            1      7
  -10.428357    -2.283081    -6.175712            1      7
   -9.269187    -1.651634    -6.703435            1      7
   -9.269187    -2.914528    -6.703435            1      7
   -9.269187    -1.123911    -6.175712            1      7
   -9.269187    -3.442251    -6.175712            1      7
   -4.691048    -1.261279    -3.478896            6      8
   -6.731048    -1.261279    -1.438896            6      8
   -7.908843    -0.083484    -2.301101            6      8
   -5.553253    -0.083484    -4.656691            6      8
   -5.553253    -2.439074    -4.656691            6      8
   -6.353412    -0.883643    -1.510043            6      8
   -7.108684    -0.883643    -1.510043            6      8
   -6.353412    -1.638915    -1.510043            6      8
   -7.108684    -1.638915    -1.510043            6      8
   -6.353412    -0.883643    -5.447749            6      8
   -6.353412    -1.638915    -5.447749            6      8
   -8.699901    -0.883643    -3.101260            6      8
   -4.762195    -1.638915    -3.101260            6      8
   -8.699901    -1.638915    -3.101260            6      8
   -4.762195    -0.883643    -3.856532            6      8
   -4.762195    -1.638915    -3.856532            6      8
   -8.139507     0.147180    -3.038343            6      8
   -8.139507    -0.820726    -2.070437            6      8
   -8.139507    -1.701832    -2.070437            6      8
   -5.322589    -0.820726    -4.887355            6      8
   -5.322589    -1.701832    -4.887355            6      8
   -7.171601     0.147180    -2.070437            6      8
   -6.290495     0.147180    -4.887355            6      8
   -6.290495    -2.669738    -4.887355            6      8
   -7.538255    -0.454072    -1.788205            6      8
   -7.538255    -2.068486    -1.788205            6      8
   -5.923842    -0.454072    -5.169587            6      8
   -5.923842    -2.068486    -5.169587            6      8
   -8.421739    -0.454072    -2.671689            6      8
   -8.421739    -2.068486    -2.671689            6      8
   -5.040357    -0.454072    -4.286103            6      8
   -5.040357    -2.068486    -4.286103            6      8
   -8.522492    -0.285406    -3.478896            6      8
   -4.939604    -2.237152    -3.478896            6      8
   -5.755175    -1.261279    -1.687452            6      8
   -7.706921    -1.261279    -1.687452            6      8
   -5.755175    -1.261279    -5.270340            6      8
   -4.939604    -1.261279    -2.503023            6      8
   -8.522492    -1.261279    -2.503023            6      8
   -4.939604    -1.261279    -4.454769            6      8
   -6.731048    -0.285406    -1.687452            6      8
   -6.731048    -0.285406    -5.270340            6      8
   -6.731048    -2.237152    -5.270340            6      8
   -9.280622    -0.306589    -4.982796            1      9
   -7.960622    -0.306589    -6.302796            1      9
   -8.722724     0.455513    -4.220694            1      9
   -7.198520     0.455513    -5.744898            1      9
   -8.722724     0.455513    -5.744898            1      9
   -7.716269    -0.062236    -6.256760            1      9
   -8.204975    -0.062236    -6.256760            1      9
   -7.716269    -0.550942    -6.256760            1      9
   -8.204975    -0.550942    -6.256760            1      9
   -7.716269     0.967375    -5.227149            1      9
   -8.204975     0.967375    -5.227149            1      9
   -9.234586    -0.062236    -4.738443            1      9
   -6.686658    -0.062236    -5.227149            1      9
   -9.234586    -0.062236    -5.227149            1      9
   -9.234586    -0.550942    -5.227149            1      9
   -8.871978     0.604767    -4.697732            1      9
   -7.049266     0.604767    -5.267860            1      9
   -8.871978     0.604767    -5.267860            1      9
   -8.871978    -0.021525    -4.071440            1      9
   -7.049266    -0.021525    -5.894152            1      9
   -8.871978    -0.021525    -5.894152            1      9
   -7.049266    -0.591653    -5.894152            1      9
   -8.871978    -0.591653    -5.894152            1      9
   -7.675558     0.604767    -5.894152            1      9
   -8.245686     0.604767    -5.894152            1      9
   -7.438312     0.215721    -6.076772            1      9
   -8.482932     0.215721    -6.076772            1      9
   -7.438312    -0.828899    -6.076772            1      9
   -8.482932    -0.828899    -6.076772            1      9
   -7.438312     0.787387    -5.505106            1      9
   -8.482932     0.787387    -5.505106            1      9
   -9.054598     0.215721    -4.460486            1      9
   -6.866646     0.215721    -5.505106            1      9
   -9.054598     0.215721    -5.505106            1      9
   -7.329175     0.852581    -4.982796            1      9
   -8.592069     0.852581    -4.982796            1      9
   -6.801452     0.324858    -4.982796            1      9
   -9.119792     0.324858    -4.982796            1      9
   -7.329175    -0.306589    -6.141966            1      9
   -8.592069    -0.306589    -6.141966            1      9
   -6.801452    -0.306589    -5.614243            1      9
   -9.119792    -0.306589    -5.614243            1      9
   -7.960622     0.324858    -6.141966            1      9
   -7.960622    -0.938036    -6.141966            1      9
   -7.960622     0.852581    -5.614243            1      9
   -4.415121    -2.535703    -2.944147            6     10
   -6.455121    -2.535703    -0.904147            6     10
   -6.455121    -2.535703    -4.984147            6     10
   -5.277326    -1.357908    -1.766352            6     10
   -7.632916    -1.357908    -1.766352            6     10
   -5.277326    -3.713498    -1.766352            6     10
   -7.632916    -3.713498    -1.766352            6     10
   -5.277326    -1.357908    -4.121942            6     10
   -5.277326    -3.713498    -4.121942            6     10
   -6.077485    -2.158067    -0.975294            6     10
   -6.832757    -2.158067    -0.975294            6     10
   -6.077485    -2.913339    -0.975294            6     10
   -6.832757    -2.913339    -0.975294            6     10
   -6.077485    -2.158067    -4.913000            6     10
   -6.077485    -2.913339    -4.913000            6     10
   -4.486268    -2.158067    -2.566511            6     10
   -8.423974    -2.158067    -2.566511            6     10
   -4.486268    -2.913339    -2.566511            6     10
   -8.423974    -2.913339    -2.566511            6     10
   -4.486268    -2.158067    -3.321783            6     10
   -4.486268    -2.913339    -3.321783            6     10
   -5.046662    -3.944162    -2.503594            6     10
   -5.046662    -3.944162    -3.384700            6     10
   -5.046662    -2.095150    -1.535688            6     10
   -7.863580    -2.095150    -1.535688            6     10
   -5.046662    -2.976256    -1.535688            6     10
   -7.863580    -2.976256    -1.535688            6     10
   -5.046662    -2.095150    -4.352606            6     10
   -5.046662    -2.976256    -4.352606            6     10
   -6.014568    -1.127244    -1.535688            6     10
   -6.895674    -1.127244    -1.535688            6     10
   -6.014568    -3.944162    -1.535688            6     10
   -6.895674    -3.944162    -1.535688            6     10
   -6.014568    -3.944162    -4.352606            6     10
   -5.647915    -1.728496    -1.253456            6     10
   -7.262328    -1.728496    -1.253456            6     10
   -5.647915    -3.342910    -1.253456            6     10
   -7.262328    -3.342910    -1.253456            6     10
   -5.647915    -1.728496    -4.634838            6     10
   -5.647915    -3.342910    -4.634838            6     10
   -5.647915    -4.226394    -2.136940            6     10
   -5.647915    -4.226394    -3.751354            6     10
   -4.764430    -1.728496    -2.136940            6     10
   -8.145812    -1.728496    -2.136940            6     10
   -4.764430    -3.342910    -2.136940            6     10
   -8.145812    -3.342910    -2.136940            6     10
   -4.764430    -1.728496    -3.751354            6     10
   -4.764430    -3.342910    -3.751354            6     10
   -5.479248    -4.327147    -2.944147            6     10
   -4.663677    -1.559830    -2.944147            6     10
   -4.663677    -3.511576    -2.944147            6     10
   -5.479248    -2.535703    -1.152703            6     10
   -7.430994    -2.535703    -1.152703            6     10
   -5.479248    -2.535703    -4.735591            6     10
   -4.663677    -2.535703    -1.968274            6     10
   -8.246565    -2.535703    -1.968274            6     10
   -4.663677    -2.535703    -3.920020            6     10
   -6.455121    -1.559830    -1.152703            6     10
   -6.455121    -3.511576    -1.152703            6     10
   -6.455121    -4.327147    -1.968274            6     10
   -5.563907    -4.645008    -2.873569            1     11
   -6.883907    -5.965008    -2.873569            1     11
   -6.883907    -4.645008    -1.553569            1     11
   -6.121805    -5.407110    -2.111467            1     11
   -7.646009    -5.407110    -2.111467            1     11
   -6.121805    -5.407110    -3.635671            1     11
   -7.646009    -5.407110    -3.635671            1     11
   -6.639554    -4.400655    -1.599605            1     11
   -7.128260    -4.400655    -1.599605            1     11
   -6.639554    -4.889361    -1.599605            1     11
   -7.128260    -4.889361    -1.599605            1     11
   -6.639554    -5.918972    -2.629216            1     11
   -7.128260    -5.918972    -2.629216            1     11
   -6.639554    -5.918972    -3.117922            1     11
   -7.128260    -5.918972    -3.117922            1     11
   -5.609943    -4.400655    -2.629216            1     11
   -5.609943    -4.889361    -2.629216            1     11
   -5.609943    -4.889361    -3.117922            1     11
   -5.972551    -5.556364    -2.588505            1     11
   -7.795263    -5.556364    -2.588505            1     11
   -5.972551    -5.556364    -3.158633            1     11
   -7.795263    -5.556364    -3.158633            1     11
   -5.972551    -4.359944    -1.962213            1     11
   -5.972551    -4.930072    -1.962213            1     11
   -7.795263    -4.930072    -1.962213            1     11
   -5.972551    -4.930072    -3.784925            1     11
   -6.598843    -5.556364    -1.962213            1     11
   -7.168971    -5.556364    -1.962213            1     11
   -6.598843    -5.556364    -3.784925            1     11
   -7.168971    -5.556364    -3.784925            1     11
   -6.361597    -4.122698    -1.779593            1     11
   -6.361597    -5.167318    -1.779593            1     11
   -7.406217    -5.167318    -1.779593            1     11
   -6.361597    -5.167318    -3.967545            1     11
   -6.361597    -5.738984    -2.351259            1     11
   -7.406217    -5.738984    -2.351259            1     11
   -6.361597    -5.738984    -3.395879            1     11
   -7.406217    -5.738984    -3.395879            1     11
   -5.789931    -5.167318    -2.351259            1     11
   -7.977883    -5.167318    -2.351259            1     11
   -5.789931    -5.167318    -3.395879            1     11
   -6.252460    -5.804178    -2.873569            1     11
   -7.515354    -5.804178    -2.873569            1     11
   -5.724737    -5.276455    -2.873569            1     11
   -8.043077    -5.276455    -2.873569            1     11
   -6.252460    -4.645008    -1.714399            1     11
   -7.515354    -4.645008    -1.714399            1     11
   -5.724737    -4.645008    -2.242122            1     11
   -5.724737    -4.645008    -3.505016            1     11
   -6.883907    -5.276455    -1.714399            1     11
   -6.883907    -5.276455    -4.032739            1     11
   -6.883907    -5.804178    -2.242122            1     11
   -6.883907    -5.804178    -3.505016            1     11
   -6.081501     1.068521    -1.180504            6     12
   -6.081501     1.068521    -5.260504            6     12
   -7.259296     2.246316    -2.042709            6     12
   -4.903706    -0.109274    -2.042709            6     12
   -7.259296    -0.109274    -2.042709            6     12
   -4.903706    -0.109274    -4.398299            6     12
   -5.703865     1.446157    -1.251651            6     12
   -6.459137     1.446157    -1.251651            6     12
   -5.703865     0.690885    -1.251651            6     12
   -6.459137     0.690885    -1.251651            6     12
   -5.703865     1.446157    -5.189357            6     12
   -6.459137     1.446157    -5.189357            6     12
   -5.703865     0.690885    -5.189357            6     12
   -6.459137     0.690885    -5.189357            6     12
   -4.673042    -0.339938    -3.661057            6     12
   -7.489960     1.509074    -1.812045            6     12
   -4.673042     0.627968    -1.812045            6     12
   -7.489960     0.627968    -1.812045            6     12
   -4.673042     1.509074    -4.628963            6     12
   -4.673042     0.627968    -4.628963            6     12
   -6.522054     2.476980    -1.812045            6     12
   -5.640948     2.476980    -4.628963            6     12
   -5.640948    -0.339938    -4.628963            6     12
   -6.888708     1.875728    -1.529813            6     12
   -5.274295     0.261314    -1.529813            6     12
   -6.888708     0.261314    -1.529813            6     12
   -5.274295     1.875728    -4.911195            6     12
   -5.274295     0.261314    -4.911195            6     12
   -6.888708     0.261314    -4.911195            6     12
   -4.390810     0.261314    -2.413297            6     12
   -7.772192     0.261314    -2.413297            6     12
   -4.390810     0.261314    -4.027711            6     12
   -4.290057     0.092648    -3.220504            6     12
   -7.872945     0.092648    -3.220504            6     12
   -5.105628     1.068521    -1.429060            6     12
   -7.057374     1.068521    -1.429060            6     12
   -5.105628     1.068521    -5.011948            6     12
   -7.057374     1.068521    -5.011948            6     12
   -7.872945     1.068521    -2.244631            6     12
   -4.290057     1.068521    -4.196377            6     12
   -6.081501     2.044394    -1.429060            6     12
   -6.081501     0.092648    -1.429060            6     12
   -6.081501     2.044394    -5.011948            6     12
   -6.081501     0.092648    -5.011948            6     12
   -9.274315     1.792438    -3.550114            6     13
   -7.234315     1.792438    -1.510114            6     13
   -7.234315     1.792438    -5.590114            6     13
   -8.412110     2.970233    -2.372319            6     13
   -8.412110     0.614643    -2.372319            6     13
   -6.056520     0.614643    -4.727909            6     13
   -8.412110     0.614643    -4.727909            6     13
   -6.856679     2.170074    -1.581261            6     13
   -7.611951     2.170074    -1.581261            6     13
   -6.856679     1.414802    -1.581261            6     13
   -7.611951     1.414802    -1.581261            6     13
   -6.856679     2.170074    -5.518967            6     13
   -7.611951     2.170074    -5.518967            6     13
   -6.856679     1.414802    -5.518967            6     13
   -7.611951     1.414802    -5.518967            6     13
   -9.203168     2.170074    -3.172478            6     13
   -9.203168     1.414802    -3.172478            6     13
   -9.203168     2.170074    -3.927750            6     13
   -9.203168     1.414802    -3.927750            6     13
   -8.642774     0.383979    -3.109561            6     13
   -8.642774     0.383979    -3.990667            6     13
   -8.642774     2.232991    -2.141655            6     13
   -8.642774     1.351885    -2.141655            6     13
   -5.825856     2.232991    -4.958573            6     13
   -8.642774     2.232991    -4.958573            6     13
   -5.825856     1.351885    -4.958573            6     13
   -8.642774     1.351885    -4.958573            6     13
   -7.674868     3.200897    -2.141655            6     13
   -7.674868     0.383979    -2.141655            6     13
   -6.793762     0.383979    -4.958573            6     13
   -6.427109     2.599645    -1.859423            6     13
   -8.041522     2.599645    -1.859423            6     13
   -8.041522     0.985231    -1.859423            6     13
   -6.427109     2.599645    -5.240805            6     13
   -8.041522     2.599645    -5.240805            6     13
   -6.427109     0.985231    -5.240805            6     13
   -8.041522     0.985231    -5.240805            6     13
   -8.041522     0.101747    -2.742907            6     13
   -8.925006     2.599645    -2.742907            6     13
   -8.925006     0.985231    -2.742907            6     13
   -8.925006     2.599645    -4.357321            6     13
   -8.925006     0.985231    -4.357321            6     13
   -8.210188     0.000994    -3.550114            6     13
   -9.025759     2.768311    -3.550114            6     13
   -9.025759     0.816565    -3.550114            6     13
   -6.258442     1.792438    -1.758670            6     13
   -8.210188     1.792438    -1.758670            6     13
   -6.258442     1.792438    -5.341558            6     13
   -8.210188     1.792438    -5.341558            6     13
   -9.025759     1.792438    -2.574241            6     13
   -9.025759     1.792438    -4.525987            6     13
   -7.234315     2.768311    -1.758670            6     13
   -7.234315     0.816565    -1.758670            6     13
   -7.234315     2.768311    -5.341558            6     13
   -7.234315     0.816565    -5.341558            6     13
   -2.678315     3.776333    -2.832267            1     14
   -3.998315     5.096333    -2.832267            1     14
   -3.998315     3.776333    -1.512267            1     14
   -3.236213     4.538435    -2.070165            1     14
   -3.236213     3.014231    -2.070165            1     14
   -3.236213     4.538435    -3.594369            1     14
   -3.236213     3.014231    -3.594369            1     14
   -3.753962     4.020686    -1.558303            1     14
   -4.242668     4.020686    -1.558303            1     14
   -3.753962     3.531980    -1.558303            1     14
   -3.753962     4.020686    -4.106231            1     14
   -3.753962     5.050297    -2.587914            1     14
   -4.242668     5.050297    -2.587914            1     14
   -3.753962     5.050297    -3.076620            1     14
   -4.242668     5.050297    -3.076620            1     14
   -2.724351     4.020686    -2.587914            1     14
   -2.724351     3.531980    -2.587914            1     14
   -2.724351     4.020686    -3.076620            1     14
   -2.724351     3.531980    -3.076620            1     14
   -3.086959     4.687689    -2.547203            1     14
   -3.086959     2.864977    -2.547203            1     14
   -3.086959     4.687689    -3.117331            1     14
   -3.086959     2.864977    -3.117331            1     14
   -3.086959     4.061397    -1.920911            1     14
   -3.086959     3.491269    -1.920911            1     14
   -3.086959     4.061397    -3.743623            1     14
   -3.086959     3.491269    -3.743623            1     14
   -3.713251     4.687689    -1.920911            1     14
   -4.283379     4.687689    -1.920911            1     14
   -3.713251     4.687689    -3.743623            1     14
   -4.283379     4.687689    -3.743623            1     14
   -3.476005     4.298643    -1.738291            1     14
   -4.520625     4.298643    -1.738291            1     14
   -3.476005     3.254023    -1.738291            1     14
   -3.476005     4.298643    -3.926243            1     14
   -3.476005     4.870309    -2.309957            1     14
   -4.520625     4.870309    -2.309957            1     14
   -3.476005     4.870309    -3.354577            1     14
   -2.904339     4.298643    -2.309957            1     14
   -2.904339     3.254023    -2.309957            1     14
   -2.904339     4.298643    -3.354577            1     14
   -2.904339     3.254023    -3.354577            1     14
   -3.366868     4.935503    -2.832267            1     14
   -2.839145     4.407780    -2.832267            1     14
   -2.839145     3.144886    -2.832267            1     14
   -3.366868     3.776333    -1.673097            1     14
   -3.366868     3.776333    -3.991437            1     14
   -2.839145     3.776333    -2.200820            1     14
   -2.839145     3.776333    -3.463714            1     14
   -3.998315     4.407780    -1.673097            1     14
   -3.998315     4.407780    -3.991437            1     14
   -3.998315     4.935503    -2.200820            1     14
   -3.998315     4.935503    -3.463714            1     14
   -2.704746     1.330517    -2.638478            1     15
   -4.024746     0.010517    -2.638478            1     15
   -4.024746     1.330517    -1.318478            1     15
   -3.262644     2.092619    -1.876376            1     15
   -3.262644     0.568415    -1.876376            1     15
   -3.262644     2.092619    -3.400580            1     15
   -3.262644     0.568415    -3.400580            1     15
   -3.780393     1.574870    -1.364514            1     15
   -4.269099     1.574870    -1.364514            1     15
   -3.780393     1.086164    -1.364514            1     15
   -4.269099     1.086164    -1.364514            1     15
   -3.780393     0.056553    -2.394125            1     15
   -4.269099     0.056553    -2.394125            1     15
   -3.780393     0.056553    -2.882831            1     15
   -4.269099     0.056553    -2.882831            1     15
   -2.750782     1.574870    -2.394125            1     15
   -2.750782     1.086164    -2.394125            1     15
   -2.750782     1.574870    -2.882831            1     15
   -2.750782     1.086164    -2.882831            1     15
   -3.113390     2.241873    -2.353414            1     15
   -3.113390     0.419161    -2.353414            1     15
   -3.113390     2.241873    -2.923542            1     15
   -3.113390     0.419161    -2.923542            1     15
   -3.113390     1.615581    -1.727122            1     15
   -3.113390     1.045453    -1.727122            1     15
   -3.113390     1.615581    -3.549834            1     15
   -3.113390     1.045453    -3.549834            1     15
   -3.739682     2.241873    -1.727122            1     15
   -3.739682     0.419161    -1.727122            1     15
   -4.309810     0.419161    -1.727122            1     15
   -3.739682     0.419161    -3.549834            1     15
   -3.502436     1.852827    -1.544502            1     15
   -3.502436     0.808207    -1.544502            1     15
   -4.547056     0.808207    -1.544502            1     15
   -3.502436     0.808207    -3.732454            1     15
   -3.502436     0.236541    -2.116168            1     15
   -4.547056     0.236541    -2.116168            1     15
   -3.502436     0.236541    -3.160788            1     15
   -2.930770     1.852827    -2.116168            1     15
   -2.930770     0.808207    -2.116168            1     15
   -2.930770     1.852827    -3.160788            1     15
   -2.930770     0.808207    -3.160788            1     15
   -3.393299     0.171347    -2.638478            1     15
   -2.865576     1.961964    -2.638478            1     15
   -2.865576     0.699070    -2.638478            1     15
   -3.393299     1.330517    -1.479308            1     15
   -3.393299     1.330517    -3.797648            1     15
   -2.865576     1.330517    -2.007031            1     15
   -2.865576     1.330517    -3.269925            1     15
   -4.024746     1.961964    -1.479308            1     15
   -4.024746     0.699070    -1.479308            1     15
   -4.024746     0.171347    -2.007031            1     15
   -4.024746     0.171347    -3.269925            1     15
   -9.257923     3.192114    -3.701377            6     16
   -7.217923     5.232114    -3.701377            6     16
   -7.217923     3.192114    -1.661377            6     16
   -7.217923     3.192114    -5.741377            6     16
   -8.395718     4.369909    -2.523582            6     16
   -8.395718     2.014319    -2.523582            6     16
   -8.395718     4.369909    -4.879172            6     16
   -6.040128     2.014319    -4.879172            6     16
   -8.395718     2.014319    -4.879172            6     16
   -6.840287     3.569750    -1.732524            6     16
   -7.595559     3.569750    -1.732524            6     16
   -6.840287     2.814478    -1.732524            6     16
   -7.595559     2.814478    -1.732524            6     16
   -6.840287     3.569750    -5.670230            6     16
   -7.595559     3.569750    -5.670230            6     16
   -6.840287     2.814478    -5.670230            6     16
   -7.595559     2.814478    -5.670230            6     16
   -7.595559     5.160967    -3.323741            6     16
   -7.595559     5.160967    -4.079013            6     16
   -9.186776     3.569750    -3.323741            6     16
   -9.186776     2.814478    -3.323741            6     16
   -9.186776     3.569750    -4.079013            6     16
   -9.186776     2.814478    -4.079013            6     16
   -8.626382     4.600573    -3.260824            6     16
   -8.626382     4.600573    -4.141930            6     16
   -8.626382     3.632667    -2.292918            6     16
   -8.626382     2.751561    -2.292918            6     16
   -5.809464     3.632667    -5.109836            6     16
   -8.626382     3.632667    -5.109836            6     16
   -5.809464     2.751561    -5.109836            6     16
   -8.626382     2.751561    -5.109836            6     16
   -6.777370     4.600573    -2.292918            6     16
   -7.658476     4.600573    -2.292918            6     16
   -6.777370     4.600573    -5.109836            6     16
   -7.658476     4.600573    -5.109836            6     16
   -6.777370     1.783655    -5.109836            6     16
   -7.658476     1.783655    -5.109836            6     16
   -8.025130     3.999321    -2.010686            6     16
   -6.410717     2.384907    -2.010686            6     16
   -8.025130     2.384907    -2.010686            6     16
   -6.410717     3.999321    -5.392068            6     16
   -8.025130     3.999321    -5.392068            6     16
   -6.410717     2.384907    -5.392068            6     16
   -8.025130     2.384907    -5.392068            6     16
   -8.025130     4.882805    -2.894170            6     16
   -8.025130     4.882805    -4.508584            6     16
   -8.908614     3.999321    -2.894170            6     16
   -8.908614     2.384907    -2.894170            6     16
   -8.908614     3.999321    -4.508584            6     16
   -5.527232     2.384907    -4.508584            6     16
   -8.908614     2.384907    -4.508584            6     16
   -8.193796     4.983558    -3.701377            6     16
   -9.009367     4.167987    -3.701377            6     16
   -9.009367     2.216241    -3.701377            6     16
   -6.242050     3.192114    -1.909933            6     16
   -8.193796     3.192114    -1.909933            6     16
   -6.242050     3.192114    -5.492821            6     16
   -8.193796     3.192114    -5.492821            6     16
   -9.009367     3.192114    -2.725504            6     16
   -9.009367     3.192114    -4.677250            6     16
   -7.217923     4.167987    -1.909933            6     16
   -7.217923     2.216241    -1.909933            6     16
   -7.217923     4.167987    -5.492821            6     16
   -7.217923     2.216241    -5.492821            6     16
   -7.217923     4.983558    -2.725504            6     16
   -7.217923     4.983558    -4.677250            6     16
   -9.504050     1.286641    -3.678624            1     17
   -8.946152     2.048743    -2.916522            1     17
   -8.946152     0.524539    -2.916522            1     17
   -8.946152     2.048743    -4.440726            1     17
   -8.946152     0.524539    -4.440726            1     17
   -8.428403     1.042288    -2.404660            1     17
   -8.428403     1.530994    -4.952588            1     17
   -7.939697     1.042288    -4.952588            1     17
   -8.428403     1.042288    -4.952588            1     17
   -8.428403     0.012677    -3.434271            1     17
   -9.458014     1.530994    -3.434271            1     17
   -9.458014     1.042288    -3.434271            1     17
   -9.458014     1.530994    -3.922977            1     17
   -9.458014     1.042288    -3.922977            1     17
   -9.095406     2.197997    -3.393560            1     17
   -9.095406     0.375285    -3.393560            1     17
   -9.095406     2.197997    -3.963688            1     17
   -9.095406     0.375285    -3.963688            1     17
   -9.095406     1.571705    -2.767268            1     17
   -9.095406     1.001577    -2.767268            1     17
   -9.095406     1.571705    -4.589980            1     17
   -9.095406     1.001577    -4.589980            1     17
   -7.898986     0.375285    -2.767268            1     17
   -8.469114     0.375285    -2.767268            1     17
   -8.706360     1.808951    -2.584648            1     17
   -8.706360     0.764331    -2.584648            1     17
   -8.706360     1.808951    -4.772600            1     17
   -8.706360     0.764331    -4.772600            1     17
   -8.706360     0.192665    -3.156314            1     17
   -9.278026     1.808951    -3.156314            1     17
   -9.278026     0.764331    -3.156314            1     17
   -9.278026     1.808951    -4.200934            1     17
   -9.278026     0.764331    -4.200934            1     17
   -8.815497     0.127471    -3.678624            1     17
   -9.343220     1.918088    -3.678624            1     17
   -9.343220     0.655194    -3.678624            1     17
   -8.815497     1.286641    -2.519454            1     17
   -8.815497     1.286641    -4.837794            1     17
   -9.343220     1.286641    -3.047177            1     17
   -9.343220     1.286641    -4.310071            1     17
   -8.184050     0.655194    -2.519454            1     17
   -8.184050     0.127471    -3.047177            1     17
   -6.053990     3.914747    -1.413886            6     18
   -6.053990     3.914747    -5.493886            6     18
   -4.876195     5.092542    -2.276091            6     18
   -7.231785     5.092542    -2.276091            6     18
   -4.876195     5.092542    -4.631681            6     18
   -7.231785     5.092542    -4.631681            6     18
   -4.876195     2.736952    -4.631681            6     18
   -5.676354     4.292383    -1.485033            6     18
   -6.431626     4.292383    -1.485033            6     18
   -5.676354     3.537111    -1.485033            6     18
   -6.431626     3.537111    -1.485033            6     18
   -5.676354     4.292383    -5.422739            6     18
   -6.431626     4.292383    -5.422739            6     18
   -5.676354     3.537111    -5.422739            6     18
   -6.431626     3.537111    -5.422739            6     18
   -5.676354     5.883600    -3.076250            6     18
   -6.431626     5.883600    -3.076250            6     18
   -5.676354     5.883600    -3.831522            6     18
   -6.431626     5.883600    -3.831522            6     18
   -4.645531     5.323206    -3.013333            6     18
   -7.462449     5.323206    -3.013333            6     18
   -4.645531     5.323206    -3.894439            6     18
   -7.462449     5.323206    -3.894439            6     18
   -7.462449     4.355300    -2.045427            6     18
   -7.462449     3.474194    -2.045427            6     18
   -4.645531     4.355300    -4.862345            6     18
   -7.462449     4.355300    -4.862345            6     18
   -4.645531     3.474194    -4.862345            6     18
   -5.613437     5.323206    -2.045427            6     18
   -6.494543     5.323206    -2.045427            6     18
   -6.494543     2.506288    -2.045427            6     18
   -5.613437     5.323206    -4.862345            6     18
   -6.494543     5.323206    -4.862345            6     18
   -5.613437     2.506288    -4.862345            6     18
   -5.246784     4.721954    -1.763195            6     18
   -6.861197     4.721954    -1.763195            6     18
   -6.861197     3.107540    -1.763195            6     18
   -5.246784     4.721954    -5.144577            6     18
   -6.861197     4.721954    -5.144577            6     18
   -5.246784     3.107540    -5.144577            6     18
   -5.246784     5.605438    -2.646679            6     18
   -6.861197     5.605438    -2.646679            6     18
   -5.246784     5.605438    -4.261093            6     18
   -6.861197     5.605438    -4.261093            6     18
   -7.744681     4.721954    -2.646679            6     18
   -4.363299     4.721954    -4.261093            6     18
   -7.744681     4.721954    -4.261093            6     18
   -5.078117     5.706191    -3.453886            6     18
   -7.029863     5.706191    -3.453886            6     18
   -4.262546     4.890620    -3.453886            6     18
   -7.845434     4.890620    -3.453886            6     18
   -5.078117     3.914747    -1.662442            6     18
   -7.029863     3.914747    -1.662442            6     18
   -5.078117     3.914747    -5.245330            6     18
   -7.029863     3.914747    -5.245330            6     18
   -7.845434     3.914747    -2.478013            6     18
   -4.262546     3.914747    -4.429759            6     18
   -6.053990     4.890620    -1.662442            6     18
   -6.053990     2.938874    -1.662442            6     18
   -6.053990     4.890620    -5.245330            6     18
   -6.053990     2.938874    -5.245330            6     18
   -6.053990     5.706191    -2.478013            6     18
   -6.053990     5.706191    -4.429759            6     18
   -9.448600     3.705112    -3.990148            1     19
   -8.128600     5.025112    -3.990148            1     19
   -8.128600     3.705112    -5.310148            1     19
   -8.890702     4.467214    -3.228046            1     19
   -8.890702     2.943010    -3.228046            1     19
   -8.890702     4.467214    -4.752250            1     19
   -8.890702     2.943010    -4.752250            1     19
   -7.884247     3.949465    -5.264112            1     19
   -8.372953     3.949465    -5.264112            1     19
   -8.372953     3.460759    -5.264112            1     19
   -7.884247     4.979076    -3.745795            1     19
   -8.372953     4.979076    -3.745795            1     19
   -7.884247     4.979076    -4.234501            1     19
   -8.372953     4.979076    -4.234501            1     19
   -9.402564     3.949465    -3.745795            1     19
   -9.402564     3.460759    -3.745795            1     19
   -9.402564     3.949465    -4.234501            1     19
   -9.402564     3.460759    -4.234501            1     19
   -9.039956     4.616468    -3.705084            1     19
   -9.039956     2.793756    -3.705084            1     19
   -9.039956     4.616468    -4.275212            1     19
   -9.039956     2.793756    -4.275212            1     19
   -9.039956     3.990176    -3.078792            1     19
   -9.039956     3.420048    -3.078792            1     19
   -9.039956     3.990176    -4.901504            1     19
   -9.039956     3.420048    -4.901504            1     19
   -8.413664     4.616468    -3.078792            1     19
   -7.843536     4.616468    -4.901504            1     19
   -8.413664     4.616468    -4.901504            1     19
   -8.413664     2.793756    -4.901504            1     19
   -8.650910     4.227422    -2.896172            1     19
   -7.606290     4.227422    -5.084124            1     19
   -8.650910     4.227422    -5.084124            1     19
   -8.650910     3.182802    -5.084124            1     19
   -8.650910     4.799088    -3.467838            1     19
   -7.606290     4.799088    -4.512458            1     19
   -8.650910     4.799088    -4.512458            1     19
   -9.222576     4.227422    -3.467838            1     19
   -9.222576     3.182802    -3.467838            1     19
   -9.222576     4.227422    -4.512458            1     19
   -9.222576     3.182802    -4.512458            1     19
   -8.760047     4.864282    -3.990148            1     19
   -9.287770     4.336559    -3.990148            1     19
   -9.287770     3.073665    -3.990148            1     19
   -8.760047     3.705112    -2.830978            1     19
   -8.760047     3.705112    -5.149318            1     19
   -9.287770     3.705112    -3.358701            1     19
   -9.287770     3.705112    -4.621595            1     19
   -8.128600     4.336559    -2.830978            1     19
   -8.128600     4.336559    -5.149318            1     19
   -8.128600     3.073665    -5.149318            1     19
   -8.128600     4.864282    -3.358701            1     19
   -8.128600     4.864282    -4.621595            1     19
   -2.869739     3.235393    -3.062887            6     20
   -4.909739     5.275393    -3.062887            6     20
   -4.909739     3.235393    -1.022887            6     20
   -4.909739     3.235393    -5.102887            6     20
   -3.731944     4.413188    -1.885092            6     20
   -6.087534     4.413188    -1.885092            6     20
   -3.731944     2.057598    -1.885092            6     20
   -3.731944     4.413188    -4.240682            6     20
   -3.731944     2.057598    -4.240682            6     20
   -4.532103     3.613029    -1.094034            6     20
   -5.287375     3.613029    -1.094034            6     20
   -4.532103     2.857757    -1.094034            6     20
   -5.287375     2.857757    -1.094034            6     20
   -4.532103     3.613029    -5.031740            6     20
   -5.287375     3.613029    -5.031740            6     20
   -4.532103     2.857757    -5.031740            6     20
   -5.287375     2.857757    -5.031740            6     20
   -4.532103     5.204246    -2.685251            6     20
   -5.287375     5.204246    -2.685251            6     20
   -4.532103     5.204246    -3.440523            6     20
   -2.940886     3.613029    -2.685251            6     20
   -2.940886     2.857757    -2.685251            6     20
   -2.940886     3.613029    -3.440523            6     20
   -2.940886     2.857757    -3.440523            6     20
   -3.501280     4.643852    -2.622334            6     20
   -3.501280     4.643852    -3.503440            6     20
   -3.501280     3.675946    -1.654428            6     20
   -6.318198     3.675946    -1.654428            6     20
   -3.501280     2.794840    -1.654428            6     20
   -6.318198     2.794840    -1.654428            6     20
   -3.501280     3.675946    -4.471346            6     20
   -3.501280     2.794840    -4.471346            6     20
   -4.469186     4.643852    -1.654428            6     20
   -5.350292     4.643852    -1.654428            6     20
   -4.469186     4.643852    -4.471346            6     20
   -4.469186     1.826934    -4.471346            6     20
   -4.102532     4.042600    -1.372196            6     20
   -5.716946     4.042600    -1.372196            6     20
   -4.102532     2.428186    -1.372196            6     20
   -5.716946     2.428186    -1.372196            6     20
   -4.102532     4.042600    -4.753578            6     20
   -4.102532     2.428186    -4.753578            6     20
   -5.716946     2.428186    -4.753578            6     20
   -4.102532     4.926084    -2.255680            6     20
   -5.716946     4.926084    -2.255680            6     20
   -4.102532     4.926084    -3.870094            6     20
   -3.219048     4.042600    -2.255680            6     20
   -3.219048     2.428186    -2.255680            6     20
   -3.219048     4.042600    -3.870094            6     20
   -3.219048     2.428186    -3.870094            6     20
   -3.933866     5.026837    -3.062887            6     20
   -3.118295     4.211266    -3.062887            6     20
   -3.118295     2.259520    -3.062887            6     20
   -3.933866     3.235393    -1.271443            6     20
   -5.885612     3.235393    -1.271443            6     20
   -3.933866     3.235393    -4.854331            6     20
   -3.118295     3.235393    -2.087014            6     20
   -3.118295     3.235393    -4.038760            6     20
   -4.909739     4.211266    -1.271443            6     20
   -4.909739     2.259520    -1.271443            6     20
   -4.909739     4.211266    -4.854331            6     20
   -4.909739     2.259520    -4.854331            6     20
   -4.909739     5.026837    -2.087014            6     20
   -4.909739     5.026837    -4.038760            6     20
   -6.047593     6.313798    -3.553217            1     21
   -5.285491     5.755900    -2.791115            1     21
   -6.809695     5.755900    -2.791115            1     21
   -5.285491     5.755900    -4.315319            1     21
   -6.809695     5.755900    -4.315319            1     21
   -5.803240     5.238151    -2.279253            1     21
   -6.291946     5.238151    -2.279253            1     21
   -5.803240     5.238151    -4.827181            1     21
   -6.291946     5.238151    -4.827181            1     21
   -5.803240     6.267762    -3.308864            1     21
   -6.291946     6.267762    -3.308864            1     21
   -5.803240     6.267762    -3.797570            1     21
   -6.291946     6.267762    -3.797570            1     21
   -4.773629     5.238151    -3.308864            1     21
   -7.321557     5.238151    -3.308864            1     21
   -4.773629     5.238151    -3.797570            1     21
   -7.321557     5.238151    -3.797570            1     21
   -5.136237     5.905154    -3.268153            1     21
   -6.958949     5.905154    -3.268153            1     21
   -5.136237     5.905154    -3.838281            1     21
   -6.958949     5.905154    -3.838281            1     21
   -5.136237     5.278862    -2.641861            1     21
   -6.958949     5.278862    -2.641861            1     21
   -5.136237     5.278862    -4.464573            1     21
   -6.958949     5.278862    -4.464573            1     21
   -5.762529     5.905154    -2.641861            1     21
   -6.332657     5.905154    -2.641861            1     21
   -5.762529     5.905154    -4.464573            1     21
   -6.332657     5.905154    -4.464573            1     21
   -5.525283     5.516108    -2.459241            1     21
   -6.569903     5.516108    -2.459241            1     21
   -5.525283     5.516108    -4.647193            1     21
   -6.569903     5.516108    -4.647193            1     21
   -5.525283     6.087774    -3.030907            1     21
   -6.569903     6.087774    -3.030907            1     21
   -5.525283     6.087774    -4.075527            1     21
   -6.569903     6.087774    -4.075527            1     21
   -4.953617     5.516108    -3.030907            1     21
   -7.141569     5.516108    -3.030907            1     21
   -4.953617     5.516108    -4.075527            1     21
   -7.141569     5.516108    -4.075527            1     21
   -5.416146     6.152968    -3.553217            1     21
   -6.679040     6.152968    -3.553217            1     21
   -4.888423     5.625245    -3.553217            1     21
   -7.206763     5.625245    -3.553217            1     21
   -5.416146     4.993798    -4.712387            1     21
   -6.679040     4.993798    -4.712387            1     21
   -4.888423     4.993798    -4.184664            1     21
   -6.047593     5.625245    -2.394047            1     21
   -6.047593     5.625245    -4.712387            1     21
   -6.047593     6.152968    -2.921770            1     21
   -6.047593     6.152968    -4.184664            1     21
   -2.895332     1.840248    -2.952406            6     22
   -4.935332     1.840248    -0.912406            6     22
   -4.935332     1.840248    -4.992406            6     22
   -3.757537     3.018043    -1.774611            6     22
   -6.113127     3.018043    -1.774611            6     22
   -3.757537     0.662453    -1.774611            6     22
   -3.757537     3.018043    -4.130201            6     22
   -3.757537     0.662453    -4.130201            6     22
   -4.557696     2.217884    -0.983553            6     22
   -5.312968     2.217884    -0.983553            6     22
   -4.557696     1.462612    -0.983553            6     22
   -5.312968     1.462612    -0.983553            6     22
   -4.557696     2.217884    -4.921259            6     22
   -5.312968     2.217884    -4.921259            6     22
   -4.557696     1.462612    -4.921259            6     22
   -5.312968     1.462612    -4.921259            6     22
   -4.557696    -0.128605    -2.574770            6     22
   -4.557696    -0.128605    -3.330042            6     22
   -2.966479     2.217884    -2.574770            6     22
   -2.966479     1.462612    -2.574770            6     22
   -2.966479     2.217884    -3.330042            6     22
   -2.966479     1.462612    -3.330042            6     22
   -3.526873     0.431789    -2.511853            6     22
   -3.526873     0.431789    -3.392959            6     22
   -3.526873     2.280801    -1.543947            6     22
   -6.343791     2.280801    -1.543947            6     22
   -3.526873     1.399695    -1.543947            6     22
   -6.343791     1.399695    -1.543947            6     22
   -3.526873     2.280801    -4.360865            6     22
   -3.526873     1.399695    -4.360865            6     22
   -4.494779     3.248707    -1.543947            6     22
   -5.375885     3.248707    -1.543947            6     22
   -4.494779     0.431789    -1.543947            6     22
   -5.375885     0.431789    -1.543947            6     22
   -4.494779     0.431789    -4.360865            6     22
   -4.128125     2.647455    -1.261715            6     22
   -5.742539     2.647455    -1.261715            6     22
   -4.128125     1.033041    -1.261715            6     22
   -5.742539     1.033041    -1.261715            6     22
   -4.128125     2.647455    -4.643097            6     22
   -5.742539     2.647455    -4.643097            6     22
   -4.128125     1.033041    -4.643097            6     22
   -4.128125     0.149557    -2.145199            6     22
   -4.128125     0.149557    -3.759613            6     22
   -3.244641     2.647455    -2.145199            6     22
   -3.244641     1.033041    -2.145199            6     22
   -3.244641     2.647455    -3.759613            6     22
   -3.244641     1.033041    -3.759613            6     22
   -3.959459     0.048804    -2.952406            6     22
   -3.143888     2.816121    -2.952406            6     22
   -3.143888     0.864375    -2.952406            6     22
   -3.959459     1.840248    -1.160962            6     22
   -5.911205     1.840248    -1.160962            6     22
   -3.959459     1.840248    -4.743850            6     22
   -5.911205     1.840248    -4.743850            6     22
   -3.143888     1.840248    -1.976533            6     22
   -3.143888     1.840248    -3.928279            6     22
   -4.935332     2.816121    -1.160962            6     22
   -4.935332     0.864375    -1.160962            6     22
   -4.935332     2.816121    -4.743850            6     22
   -4.935332     0.864375    -4.743850            6     22
   -4.935332     0.048804    -1.976533            6     22
