$hessian                                                                        
        0.6410534737  -0.0588722373   0.1002880997  -0.3003895400   0.1160341536
        0.0071635513  -0.0022473033  -0.0018653793  -0.0039092174  -0.1033834795
        0.0201020170  -0.0027900055  -0.1694157443  -0.0861776116  -0.0886210814
       -0.0585857689  -0.0427791525  -0.0412681381  -0.0081347069   0.0047528862
        0.0005557187  -0.0285860824   0.0323833154   0.0143028371  -0.0018222895
       -0.0015514964  -0.0033694371   0.0449556767  -0.0102433026   0.0046831486
        0.0002316129   0.0006489412   0.0004792893  -0.0053746004   0.0194250900
        0.0089090867  -0.0000512914   0.0023699778   0.0014545156  -0.0056303002
        0.0034008180   0.0030507164  -0.0026196566   0.0023719806  -0.0009290839
       -0.0588722373   0.5007287925   0.2225898462   0.0502221431  -0.1096973188
       -0.0267355789  -0.0016239155   0.0009242725  -0.0046221844   0.0795432463
       -0.2447803347  -0.1001678792  -0.0855665716  -0.1017786080  -0.0645164918
        0.0081055850   0.0422149840   0.0270351556   0.0250894169  -0.0116523111
       -0.0013361932   0.0298090444  -0.0319566814  -0.0087209546  -0.0022264254
        0.0011466185  -0.0046137910  -0.0537802694  -0.0322265411  -0.0340559921
        0.0006986251  -0.0000334946   0.0004746635   0.0083571084  -0.0142848454
       -0.0023414940  -0.0019199040   0.0011018155  -0.0000222440   0.0009113124
       -0.0003975006  -0.0005212210   0.0012528415   0.0006911527  -0.0024456411
        0.1002880997   0.2225898462   0.2783588496  -0.0350723443  -0.0099046422
       -0.0610913715  -0.0035741233  -0.0048814942   0.0042386382   0.0335536977
       -0.1157578776  -0.1143171343  -0.0880603491  -0.0642842999  -0.0970406481
       -0.0096574532   0.0149638348   0.0080740369   0.0129925392  -0.0062614567
        0.0000523896   0.0127671152  -0.0081152636  -0.0075124907  -0.0038365035
       -0.0044851723   0.0041460877  -0.0213255890  -0.0220165113  -0.0186094753
        0.0005444449   0.0002736753   0.0002239097   0.0026543581  -0.0026718469
        0.0034043061  -0.0015371075   0.0004341684   0.0004513910  -0.0002809244
       -0.0002301207   0.0000321318   0.0005441394   0.0003471607  -0.0004106207
       -0.3003895400   0.0502221431  -0.0350723443   0.6271167500  -0.0571874149
        0.0943972931  -0.0004683788  -0.0005295297  -0.0000306539  -0.0008033338
        0.0768996643   0.0469012079  -0.0234688900   0.0058537145  -0.0023024699
       -0.2127848941  -0.0479028089  -0.0712505508  -0.0553454400   0.0481344642
        0.0240696726   0.0467550818  -0.0590901956  -0.0253224920  -0.0238918416
       -0.0132354305  -0.0140861937  -0.0593573856  -0.0061141645  -0.0166364401
        0.0013477888   0.0025028089  -0.0001454160   0.0007553053  -0.0001711475
        0.0012251791   0.0006179852   0.0002187741  -0.0001382797  -0.0001973081
        0.0003444733  -0.0002934875   0.0001141006   0.0000546493  -0.0013150248
        0.1160341536  -0.1096973188  -0.0099046422  -0.0571874149   0.5247958537
        0.2370494752  -0.0002961117   0.0006118802   0.0005114280   0.0288461315
       -0.0178325954  -0.0024867883  -0.0147473929   0.0042654841  -0.0014088541
       -0.1143620517  -0.1426365181  -0.0874721864   0.0482707449  -0.2262693137
       -0.1057812711  -0.0083920137  -0.0352079730  -0.0246762779   0.0073092524
        0.0046828250   0.0047469321  -0.0083730153   0.0003246981   0.0015203479
        0.0017970193  -0.0023590931  -0.0058487579   0.0016417764  -0.0008863979
       -0.0060080463  -0.0003761576  -0.0001980174  -0.0000104808   0.0016266086
       -0.0007903528  -0.0000831013  -0.0017915289   0.0011968391  -0.0001477769
        0.0071635513  -0.0267355789  -0.0610913715   0.0943972931   0.2370494752
        0.2830830510  -0.0002141820   0.0004501528   0.0000685056   0.0170863406
        0.0092288899   0.0098248410  -0.0152022646   0.0037847337  -0.0009761090
       -0.1119944597  -0.0714294787  -0.1187632595   0.0241055301  -0.1059933376
       -0.0920402159   0.0058972325  -0.0367454187  -0.0196394512  -0.0015436629
       -0.0004479817  -0.0007414264  -0.0183140320   0.0020612709  -0.0088883387
       -0.0005687389  -0.0056821656   0.0044445024  -0.0028552910  -0.0041364176
        0.0041205703  -0.0001837403   0.0002767232  -0.0001818212  -0.0002734985
        0.0003383780  -0.0002559969   0.0024999223  -0.0020192447   0.0010365199
       -0.0022473033  -0.0016239155  -0.0035741233  -0.0004683788  -0.0002961117
       -0.0002141820   0.0685707446  -0.0596644132  -0.0249689592   0.0045628843
       -0.0173327937  -0.0094089029   0.0000821971  -0.0010359769  -0.0006300496
       -0.0047344644   0.0027225357  -0.0015311970  -0.0001184649  -0.0001720388
        0.0003390135  -0.0079570078   0.0251466924   0.0130127759  -0.0006715906
        0.0014009388   0.0006776775  -0.0584227058   0.0518370191   0.0249339230
        0.0005967751   0.0002696796   0.0009698785   0.0006832437  -0.0013260578
       -0.0011365652   0.0001068415   0.0002889731   0.0001398176  -0.0003098318
        0.0000643019   0.0004238891   0.0003270611  -0.0002788331   0.0009670043
       -0.0018653793   0.0009242725  -0.0048814942  -0.0005295297   0.0006118802
        0.0004501528  -0.0596644132   0.2511390827   0.1204825176   0.0018440694
       -0.0170554501  -0.0108679985   0.0000616402  -0.0011816529  -0.0005793437
        0.0034904168   0.0025574646  -0.0024768602  -0.0001515788  -0.0005717116
        0.0007790697   0.0042579669  -0.0119592766  -0.0064323447   0.0003554258
       -0.0007694396  -0.0004635374   0.0523199740  -0.2237521064  -0.0996205972
       -0.0008381225   0.0000531470   0.0014466371   0.0012654043  -0.0006133826
        0.0012552818   0.0000291172   0.0000218065   0.0002405261  -0.0008115991
        0.0004544164   0.0006784244   0.0002366079   0.0001409500  -0.0000104335
       -0.0039092174  -0.0046221844   0.0042386382  -0.0000306539   0.0005114280
        0.0000685056  -0.0249689592   0.1204825176   0.0890656852   0.0021456914
       -0.0160076634  -0.0072571568   0.0000525958  -0.0008098704  -0.0007164446
       -0.0011487435  -0.0029609702   0.0060845673   0.0003712974   0.0007903197
       -0.0013698877   0.0005752902  -0.0014211384  -0.0001547614   0.0000438388
       -0.0002127551   0.0000023095   0.0253040593  -0.0992940127  -0.0869543773
        0.0003161838   0.0017293821  -0.0015713374   0.0018789627   0.0004620076
       -0.0014001394   0.0002949433  -0.0000145044   0.0001749361  -0.0002746008
        0.0000665787   0.0002914532  -0.0006506878   0.0013008654  -0.0005019903
       -0.1033834795   0.0795432463   0.0335536977  -0.0008033338   0.0288461315
        0.0170863406   0.0045628843   0.0018440694   0.0021456914   0.5681160620
       -0.0330684126   0.0914376177   0.0031663126  -0.0185570145  -0.0107203394
       -0.0002031361  -0.0173574868  -0.0091944755  -0.0052383274   0.0036250509
       -0.0008400458  -0.0578636038   0.0070550741  -0.0108069800   0.0006208819
       -0.0004406977   0.0000259590  -0.2039234267  -0.1061031237  -0.1026743237
       -0.0053572721   0.0028221269  -0.0016539585  -0.1574535506   0.0232280792
        0.0123943571  -0.0299751081   0.0025928768  -0.0025770864  -0.0136406325
        0.0075157683   0.0028801786   0.0013757298   0.0184543120  -0.0210566328
        0.0201020170  -0.2447803347  -0.1157578776   0.0768996643  -0.0178325954
        0.0092288899  -0.0173327937  -0.0170554501  -0.0160076634  -0.0330684126
        0.5231304146   0.2115714508   0.0002642817  -0.0155382358  -0.0104993353
       -0.0176184569  -0.0423106390  -0.0265685781   0.0030979491   0.0020097935
       -0.0028454973  -0.0412669623   0.0427965976   0.0161494588  -0.0003546207
       -0.0002206460  -0.0003709199  -0.0468157385  -0.1426980400  -0.0649304885
        0.0037634340   0.0025105242  -0.0031069912   0.0326112821  -0.0612110021
       -0.0114836595  -0.0210757253   0.0025965566  -0.0018275930   0.0185539939
       -0.0090137992  -0.0072752110   0.0222400879  -0.0223831441   0.0237240155
       -0.0027900055  -0.1001678792  -0.1143171343   0.0469012079  -0.0024867883
        0.0098248410  -0.0094089029  -0.0108679985  -0.0072571568   0.0914376177
        0.2115714508   0.3085372800   0.0007991017  -0.0155419801  -0.0075786365
       -0.0087086626  -0.0267437003  -0.0244722817  -0.0017216262  -0.0028884600
        0.0064612941  -0.0400225890   0.0275180208   0.0061717842  -0.0001184531
       -0.0003074600  -0.0001030753  -0.0675918391  -0.0802801899  -0.1148520815
       -0.0013792352  -0.0028414244   0.0060811366   0.0029251158  -0.0079152267
       -0.0507385172  -0.0085355722  -0.0021836148   0.0007344486   0.0239057021
       -0.0120468832  -0.0036248437  -0.0256918593   0.0251821340  -0.0148670576
       -0.1694157443  -0.0855665716  -0.0880603491  -0.0234688900  -0.0147473929
       -0.0152022646   0.0000821971   0.0000616402   0.0000525958   0.0031663126
        0.0002642817   0.0007991017   0.1935934540   0.0950203106   0.1023667195
       -0.0046724086   0.0035492405  -0.0010181374   0.0005766654  -0.0008432775
        0.0003011811   0.0003034751   0.0005560267   0.0004633486  -0.0015594546
       -0.0007316760  -0.0008531043   0.0008709197   0.0019108732  -0.0005696436
       -0.0001887472  -0.0002155340   0.0002938906   0.0004388438   0.0016111903
        0.0007122286   0.0001322766   0.0000117250   0.0001363194  -0.0001083243
        0.0000413215  -0.0002136658   0.0002494247  -0.0009221577   0.0007917796
       -0.0861776116  -0.1017786080  -0.0642842999   0.0058537145   0.0042654841
        0.0037847337  -0.0010359769  -0.0011816529  -0.0008098704  -0.0185570145
       -0.0155382358  -0.0155419801   0.0950203106   0.1143639192   0.0810036188
        0.0027522294   0.0023040113  -0.0028890075   0.0002573034   0.0000356814
        0.0017396607   0.0005330801   0.0000028228   0.0002585876   0.0003123311
        0.0001480647   0.0000770052   0.0023756459  -0.0023898735  -0.0057289982
       -0.0002498434  -0.0005194443   0.0008107949  -0.0026825057  -0.0004238059
        0.0009414142   0.0009663748   0.0003386336  -0.0000889390  -0.0001331976
        0.0004244461   0.0001511549   0.0007651598  -0.0000514428   0.0005761254
       -0.0886210814  -0.0645164918  -0.0970406481  -0.0023024699  -0.0014088541
       -0.0009761090  -0.0006300496  -0.0005793437  -0.0007164446  -0.0107203394
       -0.0104993353  -0.0075786365   0.1023667195   0.0810036188   0.1004713567
       -0.0014171718  -0.0024334753   0.0062016347   0.0009862048   0.0014490404
       -0.0015334787   0.0006592595   0.0000930092  -0.0000765066  -0.0002141147
       -0.0001807301  -0.0000146623  -0.0004847927  -0.0058760311   0.0043776170
        0.0002865475   0.0007978222  -0.0013529885  -0.0005981781   0.0010159758
       -0.0013169971   0.0009830131   0.0003086904  -0.0000248617   0.0002165797
        0.0000809282  -0.0000141973  -0.0005101266   0.0007451765  -0.0004050780
       -0.0585857689   0.0081055850  -0.0096574532  -0.2127848941  -0.1143620517
       -0.1119944597  -0.0047344644   0.0034904168  -0.0011487435  -0.0002031361
       -0.0176184569  -0.0087086626  -0.0046724086   0.0027522294  -0.0014171718
        0.6482217424  -0.0654876354   0.0957129554   0.0041708963   0.0030468293
        0.0027910630  -0.1045480083   0.0854115943   0.0377869327  -0.2677040869
        0.0844650333  -0.0081720672  -0.0016622936   0.0277547209   0.0159311837
        0.0032379475  -0.0186327045  -0.0106056710  -0.0007895505   0.0011184164
       -0.0012402403   0.0002763533   0.0000100443   0.0000400523   0.0002651001
       -0.0000688531   0.0000235481  -0.0004874282   0.0000148319   0.0006587341
       -0.0427791525   0.0422149840   0.0149638348  -0.0479028089  -0.1426365181
       -0.0714294787   0.0027225357   0.0025574646  -0.0029609702  -0.0173574868
       -0.0423106390  -0.0267437003   0.0035492405   0.0023040113  -0.0024334753
       -0.0654876354   0.5138667674   0.2276627555  -0.0174688018  -0.0158985057
       -0.0142608143   0.0188913584  -0.2570754552  -0.1221535639   0.0844042073
       -0.0713690403  -0.0025648978   0.0787945705  -0.0166125643   0.0078114604
        0.0018816098  -0.0149676196  -0.0087225956   0.0000912657  -0.0010270448
        0.0003595924  -0.0000556318   0.0002590679   0.0000362723   0.0000541980
        0.0000780917   0.0001673987   0.0006625313   0.0006170002   0.0002681820
       -0.0412681381   0.0270351556   0.0080740369  -0.0712505508  -0.0874721864
       -0.1187632595  -0.0015311970  -0.0024768602   0.0060845673  -0.0091944755
       -0.0265685781  -0.0244722817  -0.0010181374  -0.0028890075   0.0062016347
        0.0957129554   0.2276627555   0.2754992286  -0.0097072424  -0.0090856346
       -0.0078066409  -0.0030403382  -0.1061098827  -0.1116435193  -0.0080433196
       -0.0026113255  -0.0356729213   0.0471217989  -0.0039588795   0.0100926715
        0.0018828925  -0.0139207035  -0.0077138245  -0.0000131797  -0.0002358506
       -0.0003335694   0.0000446910   0.0001325203   0.0000257529   0.0001263392
        0.0000290947   0.0001254446   0.0001779017   0.0004693823   0.0003026800
       -0.0081347069   0.0250894169   0.0129925392  -0.0553454400   0.0482707449
        0.0241055301  -0.0001184649  -0.0001515788   0.0003712974  -0.0052383274
        0.0030979491  -0.0017216262   0.0005766654   0.0002573034   0.0009862048
        0.0041708963  -0.0174688018  -0.0097072424   0.0659268843  -0.0561734253
       -0.0236811507  -0.0019915636  -0.0016430922  -0.0035406404   0.0005986841
       -0.0010269253   0.0001631839  -0.0004787881  -0.0002460916  -0.0002101902
        0.0000433929  -0.0009915633  -0.0006037763   0.0006504161   0.0007777721
        0.0007723794  -0.0000362213  -0.0001049582   0.0000191323  -0.0004810798
        0.0002610822   0.0002512598  -0.0001423472   0.0000521681  -0.0001969007
        0.0047528862  -0.0116523111  -0.0062614567   0.0481344642  -0.2262693137
       -0.1059933376  -0.0001720388  -0.0005717116   0.0007903197   0.0036250509
        0.0020097935  -0.0028884600  -0.0008432775   0.0000356814   0.0014490404
        0.0030468293  -0.0158985057  -0.0090856346  -0.0561734253   0.2519432332
        0.1254843046  -0.0023565376   0.0012511882  -0.0047741467   0.0000522000
       -0.0000466087   0.0015116321  -0.0001044222   0.0008707180   0.0006304333
        0.0001369808  -0.0010065893  -0.0006043080  -0.0010534091  -0.0002546579
       -0.0001802814   0.0001870089   0.0001299643  -0.0000054433   0.0003907858
       -0.0002327361  -0.0003174679   0.0003769043  -0.0003081446   0.0002448060
        0.0005557187  -0.0013361932   0.0000523896   0.0240696726  -0.1057812711
       -0.0920402159   0.0003390135   0.0007790697  -0.0013698877  -0.0008400458
       -0.0028454973   0.0064612941   0.0003011811   0.0017396607  -0.0015334787
        0.0027910630  -0.0142608143  -0.0078066409  -0.0236811507   0.1254843046
        0.0943156622  -0.0039705852  -0.0046201171   0.0042558986   0.0008257391
        0.0012390645  -0.0015434655  -0.0003027576   0.0004843779  -0.0000136140
        0.0000683577  -0.0009400691  -0.0004482949  -0.0003475978   0.0000506579
       -0.0002330989   0.0001031323   0.0000158283  -0.0000015097   0.0000721187
       -0.0000640701  -0.0001648024   0.0000161405   0.0000550685   0.0000697643
       -0.0285860824   0.0298090444   0.0127671152   0.0467550818  -0.0083920137
        0.0058972325  -0.0079570078   0.0042579669   0.0005752902  -0.0578636038
       -0.0412669623  -0.0400225890   0.0003034751   0.0005330801   0.0006592595
       -0.1045480083   0.0188913584  -0.0030403382  -0.0019915636  -0.0023565376
       -0.0039705852   0.6334973287  -0.0504289938   0.0992053863  -0.0094757185
        0.0251167546   0.0128990518  -0.3025103357   0.1166831552   0.0055007343
       -0.1675273641  -0.0906427225  -0.0885933014  -0.0009101320  -0.0033358354
       -0.0007983807  -0.0008834762   0.0003833816  -0.0002402402   0.0006762246
       -0.0003028240  -0.0004439498   0.0010211822   0.0010511480  -0.0003946852
        0.0323833154  -0.0319566814  -0.0081152636  -0.0590901956  -0.0352079730
       -0.0367454187   0.0251466924  -0.0119592766  -0.0014211384   0.0070550741
        0.0427965976   0.0275180208   0.0005560267   0.0000028228   0.0000930092
        0.0854115943  -0.2570754552  -0.1061098827  -0.0016430922   0.0012511882
       -0.0046201171  -0.0504289938   0.5206962412   0.2341036426   0.0045436445
       -0.0104453057  -0.0051964675   0.0489493329  -0.1104075744  -0.0257570449
       -0.0908360648  -0.1088708757  -0.0687430863   0.0004121104   0.0008862235
       -0.0048293438  -0.0004536579  -0.0002814249   0.0002482201   0.0000670504
       -0.0002536233   0.0002807565  -0.0020728369   0.0008251169  -0.0007058861
        0.0143028371  -0.0087209546  -0.0075124907  -0.0253224920  -0.0246762779
       -0.0196394512   0.0130127759  -0.0064323447  -0.0001547614  -0.0108069800
        0.0161494588   0.0061717842   0.0004633486   0.0002585876  -0.0000765066
        0.0377869327  -0.1221535639  -0.1116435193  -0.0035406404  -0.0047741467
        0.0042558986   0.0992053863   0.2341036426   0.2811568986   0.0003834397
        0.0000044403   0.0000555074  -0.0338614103  -0.0099358445  -0.0598880747
       -0.0886071202  -0.0685338180  -0.0973471090  -0.0039257007  -0.0040849578
        0.0038562151  -0.0013343533   0.0004175781  -0.0001252247  -0.0001668380
        0.0001034279  -0.0001521376   0.0024108146  -0.0017252272   0.0010429712
       -0.0018222895  -0.0022264254  -0.0038365035  -0.0238918416   0.0073092524
       -0.0015436629  -0.0006715906   0.0003554258   0.0000438388   0.0006208819
       -0.0003546207  -0.0001184531  -0.0015594546   0.0003123311  -0.0002141147
       -0.2677040869   0.0844042073  -0.0080433196   0.0005986841   0.0000522000
        0.0008257391  -0.0094757185   0.0045436445   0.0003834397   0.3015905943
       -0.0956672112   0.0120799732   0.0013232915   0.0023787918  -0.0001970420
        0.0007577069  -0.0008515620   0.0003061573   0.0006332819  -0.0002766705
        0.0001725039  -0.0001820279  -0.0001509463  -0.0000424477  -0.0001229435
        0.0001408488   0.0001929379  -0.0000944876   0.0000307344  -0.0000090464
       -0.0015514964   0.0011466185  -0.0044851723  -0.0132354305   0.0046828250
       -0.0004479817   0.0014009388  -0.0007694396  -0.0002127551  -0.0004406977
       -0.0002206460  -0.0003074600  -0.0007316760   0.0001480647  -0.0001807301
        0.0844650333  -0.0713690403  -0.0026113255  -0.0010269253  -0.0000466087
        0.0012390645   0.0251167546  -0.0104453057   0.0000044403  -0.0956672112
        0.0797535288   0.0102661870   0.0016644914  -0.0022306695  -0.0056134103
        0.0002497886  -0.0001915500   0.0014498089  -0.0006360854  -0.0002379530
        0.0007805587   0.0000460971   0.0000574094  -0.0000014607  -0.0000627638
        0.0000382466  -0.0000754415   0.0004091826  -0.0003154802   0.0001956778
       -0.0033694371  -0.0046137910   0.0041460877  -0.0140861937   0.0047469321
       -0.0007414264   0.0006776775  -0.0004635374   0.0000023095   0.0000259590
       -0.0003709199  -0.0001030753  -0.0008531043   0.0000770052  -0.0000146623
       -0.0081720672  -0.0025648978  -0.0356729213   0.0001631839   0.0015116321
       -0.0015434655   0.0128990518  -0.0051964675   0.0000555074   0.0120799732
        0.0102661870   0.0324782484  -0.0006040765  -0.0055119117   0.0042825971
        0.0009678123   0.0011882884  -0.0015282871   0.0006206898   0.0006357111
       -0.0011183569   0.0000876559  -0.0000666749   0.0000433863   0.0000974568
       -0.0000910608  -0.0000149918  -0.0005345812   0.0004535052  -0.0002709497
        0.0449556767  -0.0537802694  -0.0213255890  -0.0593573856  -0.0083730153
       -0.0183140320  -0.0584227058   0.0523199740   0.0253040593  -0.2039234267
       -0.0468157385  -0.0675918391   0.0008709197   0.0023756459  -0.0004847927
       -0.0016622936   0.0787945705   0.0471217989  -0.0004787881  -0.0001044222
       -0.0003027576  -0.3025103357   0.0489493329  -0.0338614103   0.0013232915
        0.0016644914  -0.0006040765   0.6339265216  -0.0710477363   0.0887453551
       -0.0236293289   0.0059363095  -0.0024571101  -0.0213500455  -0.0075093047
       -0.0145710145  -0.0069635407  -0.0006995468  -0.0005563960   0.0001183683
       -0.0016112378  -0.0011884491  -0.0028969270  -0.0000990532   0.0000862536
       -0.0102433026  -0.0322265411  -0.0220165113  -0.0061141645   0.0003246981
        0.0020612709   0.0518370191  -0.2237521064  -0.0992940127  -0.1061031237
       -0.1426980400  -0.0802801899   0.0019108732  -0.0023898735  -0.0058760311
        0.0277547209  -0.0166125643  -0.0039588795  -0.0002460916   0.0008707180
        0.0004843779   0.1166831552  -0.1104075744  -0.0099358445   0.0023787918
       -0.0022306695  -0.0055119117  -0.0710477363   0.5176075556   0.2227246858
       -0.0143310877   0.0045062111  -0.0011362438   0.0014908355   0.0071734828
        0.0013209414   0.0030994251   0.0003097704  -0.0001131497   0.0023433766
        0.0003899374   0.0001181428   0.0005873091  -0.0008650042   0.0014133555
        0.0046831486  -0.0340559921  -0.0186094753  -0.0166364401   0.0015203479
       -0.0088883387   0.0249339230  -0.0996205972  -0.0869543773  -0.1026743237
       -0.0649304885  -0.1148520815  -0.0005696436  -0.0057289982   0.0043776170
        0.0159311837   0.0078114604   0.0100926715  -0.0002101902   0.0006304333
       -0.0000136140   0.0055007343  -0.0257570449  -0.0598880747  -0.0001970420
       -0.0056134103   0.0042825971   0.0887453551   0.2227246858   0.2711252169
       -0.0149735871   0.0037952578  -0.0006221359  -0.0063656234   0.0010238773
       -0.0034758369   0.0010353213   0.0002328809   0.0005858735   0.0014806664
        0.0000393103   0.0009551502  -0.0006834823  -0.0020717224   0.0018848081
        0.0002316129   0.0006986251   0.0005444449   0.0013477888   0.0017970193
       -0.0005687389   0.0005967751  -0.0008381225   0.0003161838  -0.0053572721
        0.0037634340  -0.0013792352  -0.0001887472  -0.0002498434   0.0002865475
        0.0032379475   0.0018816098   0.0018828925   0.0000433929   0.0001369808
        0.0000683577  -0.1675273641  -0.0908360648  -0.0886071202   0.0007577069
        0.0002497886   0.0009678123  -0.0236293289  -0.0143310877  -0.0149735871
        0.1911749262   0.0988754266   0.1020658062   0.0003490291  -0.0013411208
       -0.0006834445  -0.0008058639  -0.0001525424  -0.0000288625  -0.0000896408
        0.0000467475   0.0001952415  -0.0001409624   0.0002991499  -0.0000862982
        0.0006489412  -0.0000334946   0.0002736753   0.0025028089  -0.0023590931
       -0.0056821656   0.0002696796   0.0000531470   0.0017293821   0.0028221269
        0.0025105242  -0.0028414244  -0.0002155340  -0.0005194443   0.0007978222
       -0.0186327045  -0.0149676196  -0.0139207035  -0.0009915633  -0.0010065893
       -0.0009400691  -0.0906427225  -0.1088708757  -0.0685338180  -0.0008515620
       -0.0001915500   0.0011882884   0.0059363095   0.0045062111   0.0037952578
        0.0988754266   0.1208581237   0.0839161924   0.0003897105   0.0000645199
        0.0001425406   0.0000393645  -0.0001053485   0.0000318357  -0.0001075706
        0.0000405212   0.0000449547  -0.0000427108   0.0000209680  -0.0000017686
        0.0004792893   0.0004746635   0.0002239097  -0.0001454160  -0.0058487579
        0.0044445024   0.0009698785   0.0014466371  -0.0015713374  -0.0016539585
       -0.0031069912   0.0060811366   0.0002938906   0.0008107949  -0.0013529885
       -0.0106056710  -0.0087225956  -0.0077138245  -0.0006037763  -0.0006043080
       -0.0004482949  -0.0885933014  -0.0687430863  -0.0973471090   0.0003061573
        0.0014498089  -0.0015282871  -0.0024571101  -0.0011362438  -0.0006221359
        0.1020658062   0.0839161924   0.1001680940   0.0005418326  -0.0000988603
       -0.0002103553  -0.0002456044  -0.0001036120  -0.0000450696  -0.0000541683
        0.0000606340   0.0001174322  -0.0002978485   0.0002057245  -0.0001956726
       -0.0053746004   0.0083571084   0.0026543581   0.0007553053   0.0016417764
       -0.0028552910   0.0006832437   0.0012654043   0.0018789627  -0.1574535506
        0.0326112821   0.0029251158   0.0004388438  -0.0026825057  -0.0005981781
       -0.0007895505   0.0000912657  -0.0000131797   0.0006504161  -0.0010534091
       -0.0003475978  -0.0009101320   0.0004121104  -0.0039257007   0.0006332819
       -0.0006360854   0.0006206898  -0.0213500455   0.0014908355  -0.0063656234
        0.0003490291   0.0003897105   0.0005418326   0.3781135412  -0.0312178190
        0.0259062460  -0.0838584186  -0.0418960534  -0.0126923176  -0.0504273302
        0.0105419153   0.0199041188  -0.0614600332   0.0206844640  -0.0276334355
        0.0194250900  -0.0142848454  -0.0026718469  -0.0001711475  -0.0008863979
       -0.0041364176  -0.0013260578  -0.0006133826   0.0004620076   0.0232280792
       -0.0612110021  -0.0079152267   0.0016111903  -0.0004238059   0.0010159758
        0.0011184164  -0.0010270448  -0.0002358506   0.0007777721  -0.0002546579
        0.0000506579  -0.0033358354   0.0008862235  -0.0040849578  -0.0002766705
       -0.0002379530   0.0006357111  -0.0075093047   0.0071734828   0.0010238773
       -0.0013411208   0.0000645199  -0.0000988603  -0.0312178190   0.3529628717
       -0.0008186390  -0.0269622844  -0.0665252012  -0.0194562352   0.0128644432
       -0.0708672585  -0.0519916793   0.0131152491  -0.1447555485   0.0882214837
        0.0089090867  -0.0023414940   0.0034043061   0.0012251791  -0.0060080463
        0.0041205703  -0.0011365652   0.0012552818  -0.0014001394   0.0123943571
       -0.0114836595  -0.0507385172   0.0007122286   0.0009414142  -0.0013169971
       -0.0012402403   0.0003595924  -0.0003335694   0.0007723794  -0.0001802814
       -0.0002330989  -0.0007983807  -0.0048293438   0.0038562151   0.0001725039
        0.0007805587  -0.0011183569  -0.0145710145   0.0013209414  -0.0034758369
       -0.0006834445   0.0001425406  -0.0002103553   0.0259062460  -0.0008186390
        0.3231361369  -0.0229412340  -0.0304128242  -0.0455148029   0.0101599133
       -0.0339902089  -0.0698156412  -0.0188810149   0.0852641681  -0.1603599131
       -0.0000512914  -0.0019199040  -0.0015371075   0.0006179852  -0.0003761576
       -0.0001837403   0.0001068415   0.0000291172   0.0002949433  -0.0299751081
       -0.0210757253  -0.0085355722   0.0001322766   0.0009663748   0.0009830131
        0.0002763533  -0.0000556318   0.0000446910  -0.0000362213   0.0001870089
        0.0001031323  -0.0008834762  -0.0004536579  -0.0013343533  -0.0001820279
        0.0000460971   0.0000876559  -0.0069635407   0.0030994251   0.0010353213
       -0.0008058639   0.0000393645  -0.0002456044  -0.0838584186  -0.0269622844
       -0.0229412340   0.1100893589   0.0639140910   0.0147180619   0.0026049890
       -0.0003200996  -0.0033424196   0.0089281436  -0.0171180179   0.0208532124
        0.0023699778   0.0011018155   0.0004341684   0.0002187741  -0.0001980174
        0.0002767232   0.0002889731   0.0000218065  -0.0000145044   0.0025928768
        0.0025965566  -0.0021836148   0.0000117250   0.0003386336   0.0003086904
        0.0000100443   0.0002590679   0.0001325203  -0.0001049582   0.0001299643
        0.0000158283   0.0003833816  -0.0002814249   0.0004175781  -0.0001509463
        0.0000574094  -0.0000666749  -0.0006995468   0.0003097704   0.0002328809
       -0.0001525424  -0.0001053485  -0.0001036120  -0.0418960534  -0.0665252012
       -0.0304128242   0.0639140910   0.1320987351   0.0112185882  -0.0133229110
       -0.0212921956  -0.0167712569  -0.0134628854  -0.0485115717   0.0365155094
        0.0014545156  -0.0000222440   0.0004513910  -0.0001382797  -0.0000104808
       -0.0001818212   0.0001398176   0.0002405261   0.0001749361  -0.0025770864
       -0.0018275930   0.0007344486   0.0001363194  -0.0000889390  -0.0000248617
        0.0000400523   0.0000362723   0.0000257529   0.0000191323  -0.0000054433
       -0.0000015097  -0.0002402402   0.0002482201  -0.0001252247  -0.0000424477
       -0.0000014607   0.0000433863  -0.0005563960  -0.0001131497   0.0005858735
       -0.0000288625   0.0000318357  -0.0000450696  -0.0126923176  -0.0194562352
       -0.0455148029   0.0147180619   0.0112185882   0.0596849517  -0.0171827968
       -0.0253447694  -0.0115518725   0.0169505279   0.0350948727  -0.0042555779
       -0.0056303002   0.0009113124  -0.0002809244  -0.0001973081   0.0016266086
       -0.0002734985  -0.0003098318  -0.0008115991  -0.0002746008  -0.0136406325
        0.0185539939   0.0239057021  -0.0001083243  -0.0001331976   0.0002165797
        0.0002651001   0.0000541980   0.0001263392  -0.0004810798   0.0003907858
        0.0000721187   0.0006762246   0.0000670504  -0.0001668380  -0.0001229435
       -0.0000627638   0.0000974568   0.0001183683   0.0023433766   0.0014806664
       -0.0000896408  -0.0001075706  -0.0000541683  -0.0504273302   0.0128644432
        0.0101599133   0.0026049890  -0.0133229110  -0.0171827968   0.0594030858
       -0.0150723517  -0.0235531574   0.0079396234  -0.0073013751   0.0057272083
        0.0034008180  -0.0003975006  -0.0002301207   0.0003444733  -0.0007903528
        0.0003383780   0.0000643019   0.0004544164   0.0000665787   0.0075157683
       -0.0090137992  -0.0120468832   0.0000413215   0.0004244461   0.0000809282
       -0.0000688531   0.0000780917   0.0000290947   0.0002610822  -0.0002327361
       -0.0000640701  -0.0003028240  -0.0002536233   0.0001034279   0.0001408488
        0.0000382466  -0.0000910608  -0.0016112378   0.0003899374   0.0000393103
        0.0000467475   0.0000405212   0.0000606340   0.0105419153  -0.0708672585
       -0.0339902089  -0.0003200996  -0.0212921956  -0.0253447694  -0.0150723517
        0.0848430349   0.0487783135  -0.0049819104   0.0165787718   0.0222704480
        0.0030507164  -0.0005212210   0.0000321318  -0.0002934875  -0.0000831013
       -0.0002559969   0.0004238891   0.0006784244   0.0002914532   0.0028801786
       -0.0072752110  -0.0036248437  -0.0002136658   0.0001511549  -0.0000141973
        0.0000235481   0.0001673987   0.0001254446   0.0002512598  -0.0003174679
       -0.0001648024  -0.0004439498   0.0002807565  -0.0001521376   0.0001929379
       -0.0000754415  -0.0000149918  -0.0011884491   0.0001181428   0.0009551502
        0.0001952415   0.0000449547   0.0001174322   0.0199041188  -0.0519916793
       -0.0698156412  -0.0033424196  -0.0167712569  -0.0115518725  -0.0235531574
        0.0487783135   0.1524928289   0.0021132390   0.0268162335  -0.0684199573
       -0.0026196566   0.0012528415   0.0005441394   0.0001141006  -0.0017915289
        0.0024999223   0.0003270611   0.0002366079  -0.0006506878   0.0013757298
        0.0222400879  -0.0256918593   0.0002494247   0.0007651598  -0.0005101266
       -0.0004874282   0.0006625313   0.0001779017  -0.0001423472   0.0003769043
        0.0000161405   0.0010211822  -0.0020728369   0.0024108146  -0.0000944876
        0.0004091826  -0.0005345812  -0.0028969270   0.0005873091  -0.0006834823
       -0.0001409624  -0.0000427108  -0.0002978485  -0.0614600332   0.0131152491
       -0.0188810149   0.0089281436  -0.0134628854   0.0169505279   0.0079396234
       -0.0049819104   0.0021132390   0.0478865767  -0.0172940012   0.0225369153
        0.0023719806   0.0006911527   0.0003471607   0.0000546493   0.0011968391
       -0.0020192447  -0.0002788331   0.0001409500   0.0013008654   0.0184543120
       -0.0223831441   0.0251821340  -0.0009221577  -0.0000514428   0.0007451765
        0.0000148319   0.0006170002   0.0004693823   0.0000521681  -0.0003081446
        0.0000550685   0.0010511480   0.0008251169  -0.0017252272   0.0000307344
       -0.0003154802   0.0004535052  -0.0000990532  -0.0008650042  -0.0020717224
        0.0002991499   0.0000209680   0.0002057245   0.0206844640  -0.1447555485
        0.0852641681  -0.0171180179  -0.0485115717   0.0350948727  -0.0073013751
        0.0165787718   0.0268162335  -0.0172940012   0.1971195374  -0.1701180970
       -0.0009290839  -0.0024456411  -0.0004106207  -0.0013150248  -0.0001477769
        0.0010365199   0.0009670043  -0.0000104335  -0.0005019903  -0.0210566328
        0.0237240155  -0.0148670576   0.0007917796   0.0005761254  -0.0004050780
        0.0006587341   0.0002681820   0.0003026800  -0.0001969007   0.0002448060
        0.0000697643  -0.0003946852  -0.0007058861   0.0010429712  -0.0000090464
        0.0001956778  -0.0002709497   0.0000862536   0.0014133555   0.0018848081
       -0.0000862982  -0.0000017686  -0.0001956726  -0.0276334355   0.0882214837
       -0.1603599131   0.0208532124   0.0365155094  -0.0042555779   0.0057272083
        0.0222704480  -0.0684199573   0.0225369153  -0.1701180970   0.2453500737
