           1           2   1.44537161298199     
           1           4   1.41121634866013     
           1           5  0.969422557183855     
           2           6   1.43674899304713     
           4           6  0.110388984870950     
           2           7  0.970003312703251     
           1           8  0.108859873429534     
           6           8   1.43384452470197     
           6           9  0.969997528243515     
           2          10  0.109622654972386     
           3          10  0.969869704974619     
           4          10   1.40879475464996     
           8          10   1.44866116647944     
           8          11  0.970036276243457     
           4          12  0.963040039663835     
          12          13  0.924742785203699     
          12          14  0.922269816594472     
          12          15   1.13177173372019     
