$hessian                                                                        
        0.6907703438   0.5223627539   0.0023731418  -0.6675330726  -0.4901814500
       -0.0035349966  -0.0235316117  -0.0287926874   0.0037338054   0.0013502898
       -0.0007174240  -0.0012910814  -0.0010559492  -0.0026711924  -0.0012808692
        0.5223627539   0.4259578004   0.0040437237  -0.4902743805  -0.4190607205
       -0.0022117243  -0.0287277249  -0.0088578258  -0.0051207516  -0.0032559288
       -0.0002218226   0.0016110385  -0.0001047196   0.0021825686   0.0016777136
        0.0023731418   0.0040437237   0.0209503770  -0.0034912406  -0.0021792648
       -0.0372396630   0.0037186280  -0.0051348712   0.0082053643   0.0000288341
        0.0026519579   0.0040297880  -0.0026293632   0.0006184544   0.0040541338
       -0.6675330726  -0.4902743805  -0.0034912406   1.0235845685   0.7232946678
        0.0184158394  -0.3215940628  -0.2134379442  -0.0192034867  -0.0301832795
       -0.0160460121   0.0000565805  -0.0042741535  -0.0035363310   0.0042223074
       -0.4901814500  -0.4190607205  -0.0021792648   0.7232946678   0.6556254583
       -0.0129274040  -0.2134828033  -0.2122909001   0.0209903891   0.0031833973
        0.0009023212  -0.0043869974  -0.0228138119  -0.0251761589  -0.0014967229
       -0.0035349966  -0.0022117243  -0.0372396630   0.0184158394  -0.0129274040
        0.0753573424  -0.0191982235   0.0209978768  -0.0229413052  -0.0099990682
       -0.0123061086  -0.0076445695   0.0143164488   0.0064473602  -0.0075318048
       -0.0235316117  -0.0287277249   0.0037186280  -0.3215940628  -0.2134828033
       -0.0191982235   0.5768069366   0.1986120708   0.1371986888  -0.1984383847
        0.0414812556  -0.1052243879  -0.0332428773   0.0021172018  -0.0164947054
       -0.0287926874  -0.0088578258  -0.0051348712  -0.2134379442  -0.2122909001
        0.0209978768   0.1986120708   0.4774209937  -0.1722198193   0.0453565915
       -0.0449301825   0.0443599596  -0.0017380307  -0.2113420853   0.1119968542
        0.0037338054  -0.0051207516   0.0082053643  -0.0192034867   0.0209903891
       -0.0229413052   0.1371986888  -0.1722198193   0.1385469137  -0.1072463764
        0.0427557500  -0.0625138044  -0.0144826311   0.1135944317  -0.0612971684
        0.0013502898  -0.0032559288   0.0000288341  -0.0301832795   0.0031833973
       -0.0099990682  -0.1984383847   0.0453565915  -0.1072463764   0.2301859321
       -0.0479181917   0.1198988097  -0.0029145576   0.0026341318  -0.0026821993
       -0.0007174240  -0.0002218226   0.0026519579  -0.0160460121   0.0009023212
       -0.0123061086   0.0414812556  -0.0449301825   0.0427557500  -0.0479181917
        0.0539429973  -0.0478696757   0.0232003722  -0.0096933133   0.0147680765
       -0.0012910814   0.0016110385   0.0040297880   0.0000565805  -0.0043869974
       -0.0076445695  -0.1052243879   0.0443599596  -0.0625138044   0.1198988097
       -0.0478696757   0.0747205706  -0.0134399209   0.0062856750  -0.0085919846
       -0.0010559492  -0.0001047196  -0.0026293632  -0.0042741535  -0.0228138119
        0.0143164488  -0.0332428773  -0.0017380307  -0.0144826311  -0.0029145576
        0.0232003722  -0.0134399209   0.0414875377   0.0014561900   0.0162354665
       -0.0026711924   0.0021825686   0.0006184544  -0.0035363310  -0.0251761589
        0.0064473602   0.0021172018  -0.2113420853   0.1135944317   0.0026341318
       -0.0096933133   0.0062856750   0.0014561900   0.2440289889  -0.1269459213
       -0.0012808692   0.0016777136   0.0040541338   0.0042223074  -0.0014967229
       -0.0075318048  -0.0164947054   0.1119968542  -0.0612971684  -0.0026821993
        0.0147680765  -0.0085919846   0.0162354665  -0.1269459213   0.0733668240
