$hessian                                                                        
        0.4979064085   0.0446122944  -0.0035462373  -0.0670790365   0.0210252173
       -0.0037720756   0.0056051899  -0.0324267516   0.0007882392  -0.1724380397
       -0.1071129429  -0.0249305609  -0.0136526490   0.0196334115   0.0037022560
       -0.0070456895   0.0145461726  -0.0058554818  -0.1586391259   0.0240306462
        0.1127628598  -0.0029430052   0.0008813520   0.0030903784  -0.0810480572
        0.0124059962  -0.0821907693  -0.0005329611   0.0011640039   0.0001297624
        0.0006697938   0.0001641689  -0.0007143388   0.0000637402  -0.0000954287
        0.0001251526  -0.0006945248   0.0014659388   0.0004043116  -0.0001720435
       -0.0002940788   0.0000065037
        0.0446122944   0.3661412005   0.0101548237   0.0252461610  -0.0758097999
        0.0038781089  -0.0243622859  -0.0540746552  -0.0034789341  -0.1022550484
       -0.1218321265  -0.0195617075   0.0142052653  -0.0125435628  -0.0051903247
        0.0110405254  -0.0104623163   0.0088776792   0.0211762899  -0.0457687332
       -0.0235006635   0.0015081127   0.0002885422  -0.0013403136   0.0109101308
       -0.0469424331   0.0289078913  -0.0000772230   0.0005768681   0.0005541921
       -0.0010269587   0.0002051579   0.0005905829  -0.0001163416   0.0001743628
       -0.0001566877   0.0001553447  -0.0004880555  -0.0001720730  -0.0010162667
        0.0005355509   0.0004374260
       -0.0035462373   0.0101548237   0.5057793220  -0.0046304928   0.0026256797
       -0.0580769055   0.0019478370  -0.0038656224   0.0067655099  -0.0252479639
       -0.0205593329  -0.0494109849   0.0124091907  -0.0168464818  -0.0031250361
       -0.0156314035   0.0254888969  -0.0102310082   0.1144896940  -0.0268773442
       -0.1574449364   0.0029014229  -0.0007496104  -0.0024013929  -0.0840323916
        0.0337715808  -0.2322606006  -0.0001049675  -0.0005850817   0.0001828484
        0.0006947285  -0.0011331477   0.0003967267   0.0001932038  -0.0001200197
        0.0000146210   0.0006788784  -0.0012898110  -0.0001012391  -0.0001214987
       -0.0000145294  -0.0000869244
       -0.0670790365   0.0252461610  -0.0046304928   0.3994490349   0.0715402823
        0.0134433880  -0.2072280773  -0.1218056336  -0.0201008382   0.0016373871
       -0.0237850661   0.0008051352  -0.0556646533   0.0061985522   0.0097685016
       -0.0411814189   0.0049057840  -0.0040031816  -0.0086643093   0.0201175981
        0.0020676072  -0.0116365934   0.0115466903   0.0078530678  -0.0049052410
        0.0127781285  -0.0044116359  -0.0137790170  -0.0021440972   0.0101965972
        0.0071879925   0.0001268995  -0.0089230993  -0.0001461598  -0.0000148564
        0.0000345425   0.0006006624  -0.0015286681  -0.0012034725   0.0014094297
       -0.0031817745  -0.0008961192
        0.0210252173  -0.0758097999   0.0026256797   0.0715402823   0.4015850841
        0.0053849267  -0.1252674881  -0.1906807560  -0.0165526775   0.0003160040
       -0.0128524343   0.0009256138   0.0104321596  -0.0530842560  -0.0107097110
        0.0109272061  -0.0452761073   0.0222714721   0.0029198442  -0.0044106913
       -0.0003967671   0.0167978509  -0.0053683035  -0.0149199325   0.0023320666
       -0.0032388593   0.0024966441  -0.0155115018  -0.0028935001   0.0105451315
       -0.0013159415   0.0006962189   0.0015557233   0.0000287059  -0.0000455138
       -0.0002349456   0.0031374664  -0.0058538284  -0.0004940813   0.0026381281
       -0.0027672533  -0.0024970763
       -0.0037720756   0.0038781089  -0.0580769055   0.0134433880   0.0053849267
        0.3310610686  -0.0152248221  -0.0108425841  -0.0810834900   0.0008391966
       -0.0049816364  -0.0000425769   0.0108717434  -0.0070052782  -0.0785806845
       -0.0138523454   0.0121454021  -0.0880998824   0.0081618538  -0.0184768792
       -0.0007867725   0.0037456266  -0.0068231681  -0.0002582716  -0.0095187505
        0.0241709220  -0.0066264425  -0.0072956545  -0.0006365966   0.0046993379
        0.0157130437  -0.0007319513  -0.0237267456  -0.0024802763   0.0013595099
       -0.0003659793  -0.0012605889   0.0025136449   0.0011277654   0.0006296612
        0.0000455793   0.0007595790
        0.0056051899  -0.0243622859   0.0019478370  -0.2072280773  -0.1252674881
       -0.0152248221   0.2891132870   0.2066754686   0.0270515908   0.0026361033
        0.0014877314   0.0001424044  -0.0495763293  -0.0272492076   0.0129266556
       -0.0367797344  -0.0248716271  -0.0338576954   0.0016769767  -0.0015166407
       -0.0017718960  -0.0012179719  -0.0027644948   0.0003623834   0.0010317280
       -0.0014494056   0.0021082808  -0.0079460262  -0.0004345225   0.0059485841
        0.0014451923   0.0000033438   0.0005801010  -0.0000736110  -0.0006102653
       -0.0002886597  -0.0000549117   0.0002428157   0.0005642377   0.0013681845
        0.0001165780  -0.0004890015
       -0.0324267516  -0.0540746552  -0.0038656224  -0.1218056336  -0.1906807560
       -0.0108425841   0.2066754686   0.2552836794   0.0283815152   0.0009515216
       -0.0132627756   0.0000142671  -0.0257631869  -0.0040355542   0.0116305161
       -0.0267899489  -0.0027651265  -0.0277299721  -0.0006893960   0.0025815903
       -0.0002693855   0.0026605982  -0.0014245308  -0.0010610768  -0.0003064613
        0.0023597701   0.0001381028  -0.0011803030   0.0014481091   0.0015913637
        0.0007481997  -0.0001881511   0.0003656819   0.0000708141   0.0001834733
       -0.0001196054  -0.0002161664   0.0015701270   0.0001292616  -0.0019287546
        0.0030048000   0.0016375378
        0.0007882392  -0.0034789341   0.0067655099  -0.0201008382  -0.0165526775
       -0.0810834900   0.0270515908   0.0283815152   0.0639441914   0.0005287393
        0.0004197351   0.0010092182   0.0169458480   0.0135967538   0.0084882165
       -0.0310851696  -0.0246903331  -0.0032850802  -0.0008755396   0.0010616433
        0.0004821119   0.0006878275   0.0003713600   0.0005496568   0.0011306853
       -0.0018963801   0.0017026395   0.0067469366   0.0013804641  -0.0025351581
       -0.0012719820  -0.0003538125   0.0038805633   0.0010698198  -0.0001393564
        0.0005655355  -0.0003008300   0.0004906704   0.0003136712  -0.0013153270
        0.0014093518  -0.0007975858
       -0.1724380397  -0.1022550484  -0.0252479639   0.0016373871   0.0003160040
        0.0008391966   0.0026361033   0.0009515216   0.0005287393   0.2033409229
        0.1243066826   0.0291986976   0.0003930092   0.0010283127  -0.0001697314
        0.0010261628   0.0002290140   0.0009052117  -0.0234148384  -0.0160985101
       -0.0017336995  -0.0000607918   0.0001421787  -0.0000224502  -0.0135228048
       -0.0094472481  -0.0044088714   0.0003935959   0.0009227218   0.0001642689
       -0.0001129045  -0.0001452015  -0.0000688240   0.0000695068   0.0000084549
        0.0000712100   0.0000868564  -0.0000502719  -0.0000641704  -0.0000341652
        0.0000913895   0.0000083868
       -0.1071129429  -0.1218321265  -0.0205593329  -0.0237850661  -0.0128524343
       -0.0049816364   0.0014877314  -0.0132627756   0.0004197351   0.1243066826
        0.1418727201   0.0238145328  -0.0004461343  -0.0004076044  -0.0002397568
        0.0007243259   0.0009723690   0.0011278390   0.0014851841   0.0020930191
        0.0009190342  -0.0001136373   0.0005066351   0.0001352116   0.0017842535
        0.0021534877  -0.0002903592   0.0017667887   0.0003696721  -0.0003418873
       -0.0000006424   0.0000413037  -0.0000941547   0.0000344011   0.0000142522
        0.0001019277   0.0001133569   0.0000481794  -0.0001275598  -0.0002443012
        0.0002833023   0.0001164068
       -0.0249305609  -0.0195617075  -0.0494109849   0.0008051352   0.0009256138
       -0.0000425769   0.0001424044   0.0000142671   0.0010092182   0.0291986976
        0.0238145328   0.0540289136   0.0000926533  -0.0008601045  -0.0001890407
        0.0003356284   0.0005003627  -0.0000265109   0.0199606005   0.0143387551
        0.0021906414   0.0000258113   0.0001496845  -0.0000462489  -0.0261360676
       -0.0191613315  -0.0074803128   0.0006462063  -0.0002767436   0.0000491051
       -0.0001280956   0.0000062866  -0.0000615978   0.0000099836   0.0000426699
        0.0000113224   0.0000085678  -0.0000144912  -0.0000190106  -0.0000309643
        0.0000822059  -0.0000129172
       -0.0136526490   0.0142052653   0.0124091907  -0.0556646533   0.0104321596
        0.0108717434  -0.0495763293  -0.0257631869   0.0169458480   0.0003930092
       -0.0004461343   0.0000926533   0.4323064010   0.0290059487   0.0782208193
        0.0059878305   0.0006942304  -0.0017489306  -0.0012092460   0.0023451325
        0.0000874371  -0.0837079757   0.0405185081  -0.0036513362  -0.0000742730
       -0.0008117922   0.0003356807  -0.1462039377  -0.0997660869  -0.0286520892
       -0.0797076716   0.0093715178  -0.0844739237  -0.0077930459   0.0173115412
       -0.0040309835  -0.0097962311   0.0220830650   0.0022316868   0.0086987718
       -0.0191801681   0.0013622038
        0.0196334115  -0.0125435628  -0.0168464818   0.0061985522  -0.0530842560
       -0.0070052782  -0.0272492076  -0.0040355542   0.0135967538   0.0010283127
       -0.0004076044  -0.0008601045   0.0290059487   0.4877052975  -0.0033073024
       -0.0001913190   0.0015507583   0.0032331699   0.0034874259  -0.0059346142
       -0.0008216013   0.0485124344  -0.1832641443   0.0047644513   0.0002115034
        0.0005707039  -0.0008194207  -0.1025347687  -0.1375025532  -0.0242585890
        0.0091390092  -0.0478150563   0.0294161257   0.0042727553  -0.0066700380
        0.0041407627   0.0065008048  -0.0107133399  -0.0025703404   0.0019851373
       -0.0278560365   0.0013378550
        0.0037022560  -0.0051903247  -0.0031250361   0.0097685016  -0.0107097110
       -0.0785806845   0.0129266556   0.0116305161   0.0084882165  -0.0001697314
       -0.0002397568  -0.0001890407   0.0782208193  -0.0033073024   0.4512061679
        0.0149806566  -0.0050160886  -0.0359616829  -0.0003098460   0.0003389984
        0.0009026357  -0.0071363861   0.0102707602  -0.0658615320  -0.0009154755
        0.0015243005   0.0007437332  -0.0311274321  -0.0259329821  -0.0511463356
       -0.0794706507   0.0274829916  -0.2235681126  -0.0107946458   0.0249082498
       -0.0036041750   0.0102772202  -0.0240448419  -0.0003703634   0.0000480581
       -0.0017148091   0.0010662094
       -0.0070456895   0.0110405254  -0.0156314035  -0.0411814189   0.0109272061
       -0.0138523454  -0.0367797344  -0.0267899489  -0.0310851696   0.0010261628
        0.0007243259   0.0003356284   0.0059878305  -0.0001913190   0.0149806566
        0.0788549165   0.0006364289   0.0410807211  -0.0001299223  -0.0004565162
       -0.0003405135   0.0004979556  -0.0001550109   0.0005314672  -0.0009586280
        0.0035735821  -0.0005765359   0.0015416219   0.0005973548   0.0000067157
       -0.0018359622   0.0004264380   0.0044683644   0.0005133128  -0.0002721460
        0.0001558855   0.0000583379  -0.0002625429  -0.0000759367  -0.0005487826
        0.0002016227   0.0000024656
        0.0145461726  -0.0104623163   0.0254888969   0.0049057840  -0.0452761073
        0.0121454021  -0.0248716271  -0.0027651265  -0.0246903331   0.0002290140
        0.0009723690   0.0005003627   0.0006942304   0.0015507583  -0.0050160886
        0.0006364289   0.0607690885  -0.0099599805  -0.0004369512   0.0008639091
        0.0002508825   0.0000626533   0.0002680509  -0.0009692834   0.0032820061
       -0.0064785113   0.0023931910   0.0004444088   0.0002227502   0.0003872936
        0.0006132338   0.0001937478  -0.0006431399   0.0001277013   0.0000205984
       -0.0000183617   0.0000120159   0.0000135440   0.0000528542  -0.0002450710
        0.0001072454   0.0000783042
       -0.0058554818   0.0088776792  -0.0102310082  -0.0040031816   0.0222714721
       -0.0880998824  -0.0338576954  -0.0277299721  -0.0032850802   0.0009052117
        0.0011278390  -0.0000265109  -0.0017489306   0.0032331699  -0.0359616829
        0.0410807211  -0.0099599805   0.1398334003  -0.0003595329  -0.0004180595
        0.0006968962  -0.0011099495   0.0010956828   0.0001398908  -0.0007280877
        0.0020113697   0.0008550546   0.0005824479   0.0008902919   0.0001441153
        0.0044092280  -0.0007462520  -0.0050989548   0.0012004606  -0.0006201013
        0.0007395407   0.0000470023  -0.0001716786   0.0004255769  -0.0005622121
        0.0001385393  -0.0001313555
       -0.1586391259   0.0211762899   0.1144896940  -0.0086643093   0.0029198442
        0.0081618538   0.0016769767  -0.0006893960  -0.0008755396  -0.0234148384
        0.0014851841   0.0199606005  -0.0012092460   0.0034874259  -0.0003098460
       -0.0001299223  -0.0004369512  -0.0003595329   0.1824926387  -0.0267931679
       -0.1332893526  -0.0003989409   0.0001460667   0.0006679491   0.0080207784
       -0.0017200562  -0.0081005051   0.0004449895   0.0001101200  -0.0001257894
        0.0000559071  -0.0000272583  -0.0003082517  -0.0000387482  -0.0000100590
       -0.0000178654  -0.0001738278   0.0003248780   0.0000702448  -0.0000223316
        0.0000270796   0.0000363406
        0.0240306462  -0.0457687332  -0.0268773442   0.0201175981  -0.0044106913
       -0.0184768792  -0.0015166407   0.0025815903   0.0010616433  -0.0160985101
        0.0020930191   0.0143387551   0.0023451325  -0.0059346142   0.0003389984
       -0.0004565162   0.0008639091  -0.0004180595  -0.0267931679   0.0501177030
        0.0278410240   0.0011687924  -0.0001304505  -0.0011068051  -0.0029889094
        0.0010610450   0.0030608764  -0.0000813265  -0.0000488209   0.0001929716
       -0.0001359274  -0.0000338898   0.0002410485   0.0000123457   0.0000338349
        0.0000085049   0.0003466315  -0.0005720053  -0.0001537930   0.0000498518
        0.0001481038  -0.0000509413
        0.1127628598  -0.0235006635  -0.1574449364   0.0020676072  -0.0003967671
       -0.0007867725  -0.0017718960  -0.0002693855   0.0004821119  -0.0017336995
        0.0009190342   0.0021906414   0.0000874371  -0.0008216013   0.0009026357
       -0.0003405135   0.0002508825   0.0006968962  -0.1332893526   0.0278410240
        0.1822008832   0.0001372395   0.0000304939   0.0000190404   0.0222324811
       -0.0039142737  -0.0287297267  -0.0002112861  -0.0000629015  -0.0000028825
       -0.0001027045   0.0001138789   0.0004420895   0.0000988468  -0.0000903382
        0.0000745833   0.0000341277  -0.0000714109  -0.0000104086   0.0000288530
       -0.0000279717  -0.0000341549
       -0.0029430052   0.0015081127   0.0029014229  -0.0116365934   0.0167978509
        0.0037456266  -0.0012179719   0.0026605982   0.0006878275  -0.0000607918
       -0.0001136373   0.0000258113  -0.0837079757   0.0485124344  -0.0071363861
        0.0004979556   0.0000626533  -0.0011099495  -0.0003989409   0.0011687924
        0.0001372395   0.5089814444   0.0199162064   0.0019519756   0.0001340717
       -0.0002636940   0.0002067705   0.0070946242  -0.0207954596   0.0002919572
       -0.0068483068   0.0143337375  -0.0023237547  -0.1077605711   0.0109245002
       -0.0997996198  -0.1154217491   0.0220418919   0.0973148190  -0.1867121901
       -0.1167539869   0.0031062599
        0.0008813520   0.0002885422  -0.0007496104   0.0115466903  -0.0053683035
       -0.0068231681  -0.0027644948  -0.0014245308   0.0003713600   0.0001421787
        0.0005066351   0.0001496845   0.0405185081  -0.1832641443   0.0102707602
       -0.0001550109   0.0002680509   0.0010956828   0.0001460667  -0.0001304505
        0.0000304939   0.0199162064   0.4462456770   0.0014392018  -0.0001581550
        0.0001558396  -0.0002655256   0.0079201851  -0.0270877120  -0.0000150141
        0.0059397739  -0.0085510409   0.0021385005   0.0108858353  -0.0440898474
        0.0188675423   0.0202704615  -0.0465366055  -0.0299685788  -0.1150895972
       -0.1310121098   0.0034586710
        0.0030903784  -0.0013403136  -0.0024013929   0.0078530678  -0.0149199325
       -0.0002582716   0.0003623834  -0.0010610768   0.0005496568  -0.0000224502
        0.0001352116  -0.0000462489  -0.0036513362   0.0047644513  -0.0658615320
        0.0005314672  -0.0009692834   0.0001398908   0.0006679491  -0.0011068051
        0.0000190404   0.0019519756   0.0014392018   0.5063686214   0.0000081938
        0.0000548956  -0.0000751447   0.0017138344  -0.0040378897   0.0006827394
       -0.0124055978   0.0268595768  -0.0044958703  -0.1011887297   0.0193239672
       -0.2087271827   0.0987633542  -0.0322168846  -0.1799935268   0.0023255102
        0.0030748814  -0.0459007790
       -0.0810480572   0.0109101308  -0.0840323916  -0.0049052410   0.0023320666
       -0.0095187505   0.0010317280  -0.0003064613   0.0011306853  -0.0135228048
        0.0017842535  -0.0261360676  -0.0000742730   0.0002115034  -0.0009154755
       -0.0009586280   0.0032820061  -0.0007280877   0.0080207784  -0.0029889094
        0.0222324811   0.0001340717  -0.0001581550   0.0000081938   0.0913855852
       -0.0151306487   0.0970633667  -0.0000828040  -0.0001163959  -0.0000948138
       -0.0001010044   0.0004037375   0.0008207899   0.0001204332  -0.0001374645
        0.0000972123  -0.0000194762  -0.0000379635   0.0000980742   0.0000196922
       -0.0000476994  -0.0000252165
        0.0124059962  -0.0469424331   0.0337715808   0.0127781285  -0.0032388593
        0.0241709220  -0.0014494056   0.0023597701  -0.0018963801  -0.0094472481
        0.0021534877  -0.0191613315  -0.0008117922   0.0005707039   0.0015243005
        0.0035735821  -0.0064785113   0.0020113697  -0.0017200562   0.0010610450
       -0.0039142737  -0.0002636940   0.0001558396   0.0000548956  -0.0151306487
        0.0502883878  -0.0354815539  -0.0000000061  -0.0000020185  -0.0001414028
        0.0001899934  -0.0001339115  -0.0007745965  -0.0001805112   0.0001043973
       -0.0000946992   0.0000325795   0.0000562694  -0.0001571138   0.0000230825
        0.0000458330   0.0000882831
       -0.0821907693   0.0289078913  -0.2322606006  -0.0044116359   0.0024966441
       -0.0066264425   0.0021082808   0.0001381028   0.0017026395  -0.0044088714
       -0.0002903592  -0.0074803128   0.0003356807  -0.0008194207   0.0007437332
       -0.0005765359   0.0023931910   0.0008550546  -0.0081005051   0.0030608764
       -0.0287297267   0.0002067705  -0.0002655256  -0.0000751447   0.0970633667
       -0.0354815539   0.2710132155  -0.0001469774   0.0000216405  -0.0000497128
        0.0000394398  -0.0000988362   0.0008140530   0.0001331670  -0.0001041406
       -0.0000029279  -0.0000585166   0.0000120487   0.0001381603   0.0000071060
        0.0000294413  -0.0000419879
       -0.0005329611  -0.0000772230  -0.0001049675  -0.0137790170  -0.0155115018
       -0.0072956545  -0.0079460262  -0.0011803030   0.0067469366   0.0003935959
        0.0017667887   0.0006462063  -0.1462039377  -0.1025347687  -0.0311274321
        0.0015416219   0.0004444088   0.0005824479   0.0004449895  -0.0000813265
       -0.0002112861   0.0070946242   0.0079201851   0.0017138344  -0.0000828040
       -0.0000000061  -0.0001469774   0.1705474613   0.1180658936   0.0347359268
       -0.0125181835  -0.0105731125  -0.0058236040   0.0008869419   0.0000350810
        0.0005145197   0.0004282801  -0.0001259767  -0.0003706636  -0.0002745854
        0.0018518611   0.0001407135
        0.0011640039   0.0005768681  -0.0005850817  -0.0021440972  -0.0028935001
       -0.0006365966  -0.0004345225   0.0014481091   0.0013804641   0.0009227218
        0.0003696721  -0.0002767436  -0.0997660869  -0.1375025532  -0.0259329821
        0.0005973548   0.0002227502   0.0008902919   0.0001101200  -0.0000488209
       -0.0000629015  -0.0207954596  -0.0270877120  -0.0040378897  -0.0001163959
       -0.0000020185   0.0000216405   0.1180658936   0.1689986348   0.0302053829
        0.0004406042   0.0017452112  -0.0006320535  -0.0005328510   0.0012319711
       -0.0000970434  -0.0001173624   0.0003324066  -0.0001954247   0.0026060773
       -0.0073910186  -0.0000410626
        0.0001297624   0.0005541921   0.0001828484   0.0101965972   0.0105451315
        0.0046993379   0.0059485841   0.0015913637  -0.0025351581   0.0001642689
       -0.0003418873   0.0000491051  -0.0286520892  -0.0242585890  -0.0511463356
        0.0000067157   0.0003872936   0.0001441153  -0.0001257894   0.0001929716
       -0.0000028825   0.0002919572  -0.0000150141   0.0006827394  -0.0000948138
       -0.0001414028  -0.0000497128   0.0347359268   0.0302053829   0.0557365638
       -0.0241721051  -0.0202865961  -0.0088676012   0.0007441162   0.0007731509
        0.0005922400  -0.0001314025  -0.0001322879  -0.0001007752   0.0009582715
        0.0009262909   0.0006155155
        0.0006697938  -0.0010269587   0.0006947285   0.0071879925  -0.0013159415
        0.0157130437   0.0014451923   0.0007481997  -0.0012719820  -0.0001129045
       -0.0000006424  -0.0001280956  -0.0797076716   0.0091390092  -0.0794706507
       -0.0018359622   0.0006132338   0.0044092280   0.0000559071  -0.0001359274
       -0.0001027045  -0.0068483068   0.0059397739  -0.0124055978  -0.0001010044
        0.0001899934   0.0000394398  -0.0125181835   0.0004406042  -0.0241721051
        0.0916850462  -0.0172427630   0.0972182864  -0.0003835064   0.0034876525
       -0.0003599896   0.0001176251  -0.0005022005  -0.0004511492   0.0003459823
       -0.0003340332   0.0002875482
        0.0001641689   0.0002051579  -0.0011331477   0.0001268995   0.0006962189
       -0.0007319513   0.0000033438  -0.0001881511  -0.0003538125  -0.0001452015
        0.0000413037   0.0000062866   0.0093715178  -0.0478150563   0.0274829916
        0.0004264380   0.0001937478  -0.0007462520  -0.0000272583  -0.0000338898
        0.0001138789   0.0143337375  -0.0085510409   0.0268595768   0.0004037375
       -0.0001339115  -0.0000988362  -0.0105731125   0.0017452112  -0.0202865961
       -0.0172427630   0.0585573695  -0.0334353641   0.0030959948  -0.0062727621
        0.0016109838  -0.0001745511   0.0011632863   0.0003885364   0.0002370485
        0.0003925162   0.0003237059
       -0.0007143388   0.0005905829   0.0003967267  -0.0089230993   0.0015557233
       -0.0237267456   0.0005801010   0.0003656819   0.0038805633  -0.0000688240
       -0.0000941547  -0.0000615978  -0.0844739237   0.0294161257  -0.2235681126
        0.0044683644  -0.0006431399  -0.0050989548  -0.0003082517   0.0002410485
        0.0004420895  -0.0023237547   0.0021385005  -0.0044958703   0.0008207899
       -0.0007745965   0.0008140530  -0.0058236040  -0.0006320535  -0.0088676012
        0.0972182864  -0.0334353641   0.2581956710  -0.0002631010   0.0013282967
        0.0007322391  -0.0001222567  -0.0001489717   0.0014497251  -0.0000663878
        0.0000923211  -0.0000921853
        0.0000637402  -0.0001163416   0.0001932038  -0.0001461598   0.0000287059
       -0.0024802763  -0.0000736110   0.0000708141   0.0010698198   0.0000695068
        0.0000344011   0.0000099836  -0.0077930459   0.0042727553  -0.0107946458
        0.0005133128   0.0001277013   0.0012004606  -0.0000387482   0.0000123457
        0.0000988468  -0.1077605711   0.0108858353  -0.1011887297   0.0001204332
       -0.0001805112   0.0001331670   0.0008869419  -0.0005328510   0.0007441162
       -0.0003835064   0.0030959948  -0.0002631010   0.1221386689  -0.0160498020
        0.1195417472   0.0088472307  -0.0014482866   0.0162518440  -0.0164441922
       -0.0002007611  -0.0245164361
       -0.0000954287   0.0001743628  -0.0001200197  -0.0000148564  -0.0000455138
        0.0013595099  -0.0006102653   0.0001834733  -0.0001393564   0.0000084549
        0.0000142522   0.0000426699   0.0173115412  -0.0066700380   0.0249082498
       -0.0002721460   0.0000205984  -0.0006201013  -0.0000100590   0.0000338349
       -0.0000903382   0.0109245002  -0.0440898474   0.0193239672  -0.0001374645
        0.0001043973  -0.0001041406   0.0000350810   0.0012319711   0.0007731509
        0.0034876525  -0.0062727621   0.0013282967  -0.0160498020   0.0531046923
       -0.0243347637  -0.0028760907   0.0007735535  -0.0046955446  -0.0117011171
        0.0014370255  -0.0176315801
        0.0001251526  -0.0001566877   0.0000146210   0.0000345425  -0.0002349456
       -0.0003659793  -0.0002886597  -0.0001196054   0.0005655355   0.0000712100
        0.0001019277   0.0000113224  -0.0040309835   0.0041407627  -0.0036041750
        0.0001558855  -0.0000183617   0.0007395407  -0.0000178654   0.0000085049
        0.0000745833  -0.0997996198   0.0188675423  -0.2087271827   0.0000972123
       -0.0000946992  -0.0000029279   0.0005145197  -0.0000970434   0.0005922400
       -0.0003599896   0.0016109838   0.0007322391   0.1195417472  -0.0243347637
        0.2418900102  -0.0135477216   0.0012145918  -0.0297557723  -0.0024954300
       -0.0008882066  -0.0021640549
       -0.0006945248   0.0001553447   0.0006788784   0.0006006624   0.0031374664
       -0.0012605889  -0.0000549117  -0.0002161664  -0.0003008300   0.0000868564
        0.0001133569   0.0000085678  -0.0097962311   0.0065008048   0.0102772202
        0.0000583379   0.0000120159   0.0000470023  -0.0001738278   0.0003466315
        0.0000341277  -0.1154217491   0.0202704615   0.0987633542  -0.0000194762
        0.0000325795  -0.0000585166   0.0004282801  -0.0001173624  -0.0001314025
        0.0001176251  -0.0001745511  -0.0001222567   0.0088472307  -0.0028760907
       -0.0135477216   0.1346582670  -0.0297320305  -0.1175765054  -0.0186365388
        0.0025475399   0.0231886711
        0.0014659388  -0.0004880555  -0.0012898110  -0.0015286681  -0.0058538284
        0.0025136449   0.0002428157   0.0015701270   0.0004906704  -0.0000502719
        0.0000481794  -0.0000144912   0.0220830650  -0.0107133399  -0.0240448419
       -0.0002625429   0.0000135440  -0.0001716786   0.0003248780  -0.0005720053
       -0.0000714109   0.0220418919  -0.0465366055  -0.0322168846  -0.0000379635
        0.0000562694   0.0000120487  -0.0001259767   0.0003324066  -0.0001322879
       -0.0005022005   0.0011632863  -0.0001489717  -0.0014482866   0.0007735535
        0.0012145918  -0.0297320305   0.0570595911   0.0377047133  -0.0124706487
        0.0031468774   0.0161547086
        0.0004043116  -0.0001720730  -0.0001012391  -0.0012034725  -0.0004940813
        0.0011277654   0.0005642377   0.0001292616   0.0003136712  -0.0000641704
       -0.0001275598  -0.0000190106   0.0022316868  -0.0025703404  -0.0003703634
       -0.0000759367   0.0000528542   0.0004255769   0.0000702448  -0.0001537930
       -0.0000104086   0.0973148190  -0.0299685788  -0.1799935268   0.0000980742
       -0.0001571138   0.0001381603  -0.0003706636  -0.0001954247  -0.0001007752
       -0.0004511492   0.0003885364   0.0014497251   0.0162518440  -0.0046955446
       -0.0297557723  -0.1175765054   0.0377047133   0.2098403065   0.0028066797
        0.0002591439  -0.0029441093
       -0.0001720435  -0.0010162667  -0.0001214987   0.0014094297   0.0026381281
        0.0006296612   0.0013681845  -0.0019287546  -0.0013153270  -0.0000341652
       -0.0002443012  -0.0000309643   0.0086987718   0.0019851373   0.0000480581
       -0.0005487826  -0.0002450710  -0.0005622121  -0.0000223316   0.0000498518
        0.0000288530  -0.1867121901  -0.1150895972   0.0023255102   0.0000196922
        0.0000230825   0.0000071060  -0.0002745854   0.0026060773   0.0009582715
        0.0003459823   0.0002370485  -0.0000663878  -0.0164441922  -0.0117011171
       -0.0024954300  -0.0186365388  -0.0124706487   0.0028066797   0.2110027690
        0.1351564312  -0.0022123200
       -0.0002940788   0.0005355509  -0.0000145294  -0.0031817745  -0.0027672533
        0.0000455793   0.0001165780   0.0030048000   0.0014093518   0.0000913895
        0.0002833023   0.0000822059  -0.0191801681  -0.0278560365  -0.0017148091
        0.0002016227   0.0001072454   0.0001385393   0.0000270796   0.0001481038
       -0.0000279717  -0.1167539869  -0.1310121098   0.0030748814  -0.0000476994
        0.0000458330   0.0000294413   0.0018518611  -0.0073910186   0.0009262909
       -0.0003340332   0.0003925162   0.0000923211  -0.0002007611   0.0014370255
       -0.0008882066   0.0025475399   0.0031468774   0.0002591439   0.1351564312
        0.1599251637  -0.0034122382
        0.0000065037   0.0004374260  -0.0000869244  -0.0008961192  -0.0024970763
        0.0007595790  -0.0004890015   0.0016375378  -0.0007975858   0.0000083868
        0.0001164068  -0.0000129172   0.0013622038   0.0013378550   0.0010662094
        0.0000024656   0.0000783042  -0.0001313555   0.0000363406  -0.0000509413
       -0.0000341549   0.0031062599   0.0034586710  -0.0459007790  -0.0000252165
        0.0000882831  -0.0000419879   0.0001407135  -0.0000410626   0.0006155155
        0.0002875482   0.0003237059  -0.0000921853  -0.0245164361  -0.0176315801
       -0.0021640549   0.0231886711   0.0161547086  -0.0029441093  -0.0022123200
       -0.0034122382   0.0497647503
