           1           2  0.96388406136139315     
           2           3   1.1296059297887073     
           1           4  0.98809813972508709     
           2           5  0.95143004488688931     
           2           6  0.92183991016243083     
           1           7  0.98960408990008186     
           5           8   1.0220337761298035     
           1           9  0.98973268831818784     
           5          10  0.97916743167478548     
           5          11  0.97983917244231522     
           8          12  0.98824910963876711     
           8          13  0.98684424191098152     
           8          14  0.98758056745059919     
