# Atoms array:
     x           y            z                   Z     indx
   -3.603853     3.400647    -1.066328            1      0
   -0.247426     3.456412    -0.205227            6      1
   -2.653983     3.031861    -0.665702            6      2
   -1.256070     0.304625     0.811164            1      3
    0.731175     1.758643     0.744656            1      4
   -2.587088     1.737361    -0.121417            6      5
   -1.537692     3.861627    -0.709220            6      6
   -1.345194     1.307279     0.380776            6      7
   -3.464456     1.089743    -0.091533            1      8
   -0.220557     2.124015     0.345581            6      9
   -1.628304     4.864973    -1.140339            1     10
    0.866057     4.215281    -0.222126            7     11
    0.621504     5.117066    -0.654727            1     12

# Gridpoints array:
     x           y            z                   Z     indx
   -4.923853     3.400647    -1.066328            1      0
   -3.603853     4.720647    -1.066328            1      0
   -3.603853     3.400647    -2.386328            1      0
   -4.365956     4.162749    -0.304226            1      0
   -4.365956     2.638545    -0.304226            1      0
   -4.365956     4.162749    -1.828431            1      0
   -4.365956     2.638545    -1.828431            1      0
   -3.359501     3.645000    -2.340292            1      0
   -3.848206     3.645000    -2.340292            1      0
   -3.359501     3.156294    -2.340292            1      0
   -3.848206     3.156294    -2.340292            1      0
   -3.359501     4.674611    -0.821976            1      0
   -3.848206     4.674611    -0.821976            1      0
   -3.359501     4.674611    -1.310681            1      0
   -3.848206     4.674611    -1.310681            1      0
   -4.877817     3.645000    -0.821976            1      0
   -4.877817     3.156294    -0.821976            1      0
   -4.877817     3.645000    -1.310681            1      0
   -4.877817     3.156294    -1.310681            1      0
   -4.515209     4.312003    -0.781265            1      0
   -4.515209     2.489291    -0.781265            1      0
   -4.515209     4.312003    -1.351392            1      0
   -4.515209     2.489291    -1.351392            1      0
   -4.515209     3.685711    -0.154973            1      0
   -4.515209     3.115583    -0.154973            1      0
   -4.515209     3.685711    -1.977684            1      0
   -4.515209     3.115583    -1.977684            1      0
   -3.888917     4.312003    -0.154973            1      0
   -3.318790     4.312003    -1.977684            1      0
   -3.888917     4.312003    -1.977684            1      0
   -3.888917     2.489291    -1.977684            1      0
   -4.126164     3.922957     0.027648            1      0
   -3.081543     3.922957    -2.160305            1      0
   -4.126164     3.922957    -2.160305            1      0
   -4.126164     2.878337    -2.160305            1      0
   -4.126164     4.494623    -0.544018            1      0
   -3.081543     4.494623    -1.588639            1      0
   -4.126164     4.494623    -1.588639            1      0
   -4.126164     2.306671    -1.588639            1      0
   -4.697830     3.922957    -0.544018            1      0
   -4.697830     2.878337    -0.544018            1      0
   -4.697830     3.922957    -1.588639            1      0
   -4.697830     2.878337    -1.588639            1      0
   -4.235301     4.559817    -1.066328            1      0
   -4.235301     2.241477    -1.066328            1      0
   -4.763023     4.032094    -1.066328            1      0
   -4.763023     2.769200    -1.066328            1      0
   -4.235301     3.400647     0.092841            1      0
   -4.235301     3.400647    -2.225498            1      0
   -4.763023     3.400647    -0.434881            1      0
   -4.763023     3.400647    -1.697776            1      0
   -3.603853     4.032094    -2.225498            1      0
   -3.603853     2.769200    -2.225498            1      0
   -3.603853     4.559817    -0.434881            1      0
   -3.603853     4.559817    -1.697776            1      0
   -0.247426     3.456412     1.834773            6      1
   -0.247426     3.456412    -2.245227            6      1
   -1.425221     4.634207     0.972568            6      1
    0.930368     2.278618    -1.383022            6      1
    0.130210     3.834048     1.763626            6      1
   -0.625062     3.834048     1.763626            6      1
    0.130210     3.078776     1.763626            6      1
   -0.625062     3.078776     1.763626            6      1
    0.130210     3.834048    -2.174080            6      1
   -0.625062     3.834048    -2.174080            6      1
    0.130210     3.078776    -2.174080            6      1
   -0.625062     3.078776    -2.174080            6      1
   -0.625062     5.425265     0.172409            6      1
   -0.625062     5.425265    -0.582863            6      1
    1.721427     3.078776     0.172409            6      1
    1.721427     3.078776    -0.582863            6      1
    1.161033     2.047953    -0.645780            6      1
    1.161033     3.896965     1.203232            6      1
   -1.655885     3.896965     1.203232            6      1
    1.161033     3.015859     1.203232            6      1
   -1.655885     3.015859     1.203232            6      1
    1.161033     3.896965    -1.613686            6      1
    1.161033     3.015859    -1.613686            6      1
    0.193127     4.864871     1.203232            6      1
   -0.687979     4.864871     1.203232            6      1
    0.193127     4.864871    -1.613686            6      1
    0.193127     2.047953    -1.613686            6      1
   -0.687979     2.047953    -1.613686            6      1
    0.559780     4.263619     1.485464            6      1
   -1.054633     4.263619     1.485464            6      1
    0.559780     4.263619    -1.895918            6      1
    0.559780     2.649206    -1.895918            6      1
   -1.054633     2.649206    -1.895918            6      1
   -1.054633     5.147103     0.601980            6      1
    0.559780     1.765722    -1.012434            6      1
    1.443265     2.649206     0.601980            6      1
    1.443265     2.649206    -1.012434            6      1
    1.544018     2.480540    -0.205227            6      1
    0.728447     3.456412     1.586217            6      1
   -1.223299     3.456412     1.586217            6      1
    0.728447     3.456412    -1.996671            6      1
    1.544018     3.456412     0.770646            6      1
    1.544018     3.456412    -1.181100            6      1
   -0.247426     4.432285     1.586217            6      1
   -0.247426     4.432285    -1.996671            6      1
   -0.247426     2.480540    -1.996671            6      1
   -0.247426     5.247857     0.770646            6      1
   -0.247426     5.247857    -1.181100            6      1
   -0.247426     1.664968    -1.181100            6      1
   -4.693983     3.031861    -0.665702            6      2
   -2.653983     3.031861     1.374298            6      2
   -2.653983     3.031861    -2.705702            6      2
   -3.831778     4.209655     0.512092            6      2
   -3.831778     4.209655    -1.843497            6      2
   -1.476189     1.854066    -1.843497            6      2
   -3.831778     1.854066    -1.843497            6      2
   -2.276347     3.409497     1.303151            6      2
   -3.031619     3.409497     1.303151            6      2
   -2.276347     2.654225     1.303151            6      2
   -3.031619     2.654225     1.303151            6      2
   -2.276347     3.409497    -2.634555            6      2
   -3.031619     3.409497    -2.634555            6      2
   -2.276347     2.654225    -2.634555            6      2
   -3.031619     2.654225    -2.634555            6      2
   -3.031619     5.000714    -0.288066            6      2
   -3.031619     5.000714    -1.043338            6      2
   -4.622836     3.409497    -0.288066            6      2
   -4.622836     2.654225    -0.288066            6      2
   -4.622836     3.409497    -1.043338            6      2
   -4.622836     2.654225    -1.043338            6      2
   -4.062442     4.440320    -0.225149            6      2
   -4.062442     4.440320    -1.106255            6      2
   -4.062442     1.623402    -1.106255            6      2
   -4.062442     3.472414     0.742757            6      2
   -4.062442     2.591308     0.742757            6      2
   -4.062442     3.472414    -2.074161            6      2
   -1.245524     2.591308    -2.074161            6      2
   -4.062442     2.591308    -2.074161            6      2
   -2.213430     4.440320     0.742757            6      2
   -3.094536     4.440320     0.742757            6      2
   -2.213430     4.440320    -2.074161            6      2
   -3.094536     4.440320    -2.074161            6      2
   -2.213430     1.623402    -2.074161            6      2
   -3.094536     1.623402    -2.074161            6      2
   -1.846777     3.839067     1.024989            6      2
   -3.461190     3.839067     1.024989            6      2
   -3.461190     2.224654     1.024989            6      2
   -1.846777     3.839067    -2.356393            6      2
   -3.461190     3.839067    -2.356393            6      2
   -1.846777     2.224654    -2.356393            6      2
   -3.461190     2.224654    -2.356393            6      2
   -3.461190     4.722551     0.141504            6      2
   -3.461190     4.722551    -1.472909            6      2
   -1.846777     1.341170    -1.472909            6      2
   -3.461190     1.341170    -1.472909            6      2
   -4.344674     3.839067     0.141504            6      2
   -4.344674     2.224654     0.141504            6      2
   -4.344674     3.839067    -1.472909            6      2
   -0.963292     2.224654    -1.472909            6      2
   -4.344674     2.224654    -1.472909            6      2
   -3.629856     4.823305    -0.665702            6      2
   -4.445427     4.007734    -0.665702            6      2
   -4.445427     2.055988    -0.665702            6      2
   -1.678110     3.031861     1.125742            6      2
   -3.629856     3.031861     1.125742            6      2
   -1.678110     3.031861    -2.457146            6      2
   -3.629856     3.031861    -2.457146            6      2
   -4.445427     3.031861     0.310171            6      2
   -4.445427     3.031861    -1.641575            6      2
   -2.653983     4.007734     1.125742            6      2
   -2.653983     4.007734    -2.457146            6      2
   -2.653983     2.055988    -2.457146            6      2
   -2.653983     4.823305     0.310171            6      2
   -2.653983     4.823305    -1.641575            6      2
   -2.653983     1.240417    -1.641575            6      2
   -1.256070    -1.015375     0.811164            1      3
   -1.256070     0.304625     2.131164            1      3
   -0.493968    -0.457477     1.573266            1      3
   -2.018173    -0.457477     1.573266            1      3
   -0.493968    -0.457477     0.049061            1      3
   -2.018173    -0.457477     0.049061            1      3
   -1.011718     0.548978     2.085127            1      3
   -1.500423     0.548978     2.085127            1      3
   -1.011718     0.060273     2.085127            1      3
   -1.500423     0.060273     2.085127            1      3
   -1.011718    -0.969338     1.055516            1      3
   -1.500423    -0.969338     1.055516            1      3
   -1.011718    -0.969338     0.566811            1      3
   -1.500423    -0.969338     0.566811            1      3
    0.017893     0.060273     1.055516            1      3
   -2.530034     0.060273     1.055516            1      3
    0.017893     0.060273     0.566811            1      3
   -0.344715    -0.606730     1.096227            1      3
   -2.167426    -0.606730     1.096227            1      3
   -0.344715    -0.606730     0.526100            1      3
   -2.167426    -0.606730     0.526100            1      3
   -0.344715     0.589689     1.722520            1      3
   -2.167426     0.589689     1.722520            1      3
   -0.344715     0.019562     1.722520            1      3
   -2.167426     0.019562     1.722520            1      3
   -0.344715     0.019562    -0.100192            1      3
   -0.971007    -0.606730     1.722520            1      3
   -1.541134    -0.606730     1.722520            1      3
   -0.971007    -0.606730    -0.100192            1      3
   -1.541134    -0.606730    -0.100192            1      3
   -0.733760     0.826935     1.905140            1      3
   -0.733760    -0.217685     1.905140            1      3
   -1.778381    -0.217685     1.905140            1      3
   -0.733760    -0.217685    -0.282813            1      3
   -1.778381    -0.217685    -0.282813            1      3
   -0.733760    -0.789351     1.333474            1      3
   -1.778381    -0.789351     1.333474            1      3
   -0.733760    -0.789351     0.288854            1      3
   -1.778381    -0.789351     0.288854            1      3
   -0.162094    -0.217685     1.333474            1      3
   -2.350047    -0.217685     1.333474            1      3
   -0.162094    -0.217685     0.288854            1      3
   -2.350047    -0.217685     0.288854            1      3
   -0.624623    -0.854544     0.811164            1      3
   -1.887518    -0.854544     0.811164            1      3
   -0.096901    -0.326822     0.811164            1      3
   -2.415240    -0.326822     0.811164            1      3
   -0.624623     0.304625     1.970333            1      3
   -1.887518     0.304625     1.970333            1      3
   -0.096901     0.304625     1.442611            1      3
   -2.415240     0.304625     1.442611            1      3
   -1.256070    -0.326822     1.970333            1      3
   -1.256070    -0.326822    -0.348006            1      3
   -1.256070    -0.854544     1.442611            1      3
   -1.256070    -0.854544     0.179717            1      3
    2.051175     1.758643     0.744656            1      4
    0.731175     0.438643     0.744656            1      4
    0.731175     1.758643     2.064656            1      4
    1.493277     2.520745     1.506758            1      4
    1.493277     0.996541     1.506758            1      4
    1.493277     2.520745    -0.017447            1      4
    1.493277     0.996541    -0.017447            1      4
    0.975527     2.002996     2.018619            1      4
    0.486822     2.002996     2.018619            1      4
    0.975527     1.514290     2.018619            1      4
    0.486822     1.514290     2.018619            1      4
    0.975527     0.484679     0.989008            1      4
    0.486822     0.484679     0.989008            1      4
    0.975527     0.484679     0.500303            1      4
    0.486822     0.484679     0.500303            1      4
    2.005139     2.002996     0.989008            1      4
    2.005139     1.514290     0.989008            1      4
    2.005139     2.002996     0.500303            1      4
    2.005139     1.514290     0.500303            1      4
    1.642531     2.669999     1.029719            1      4
    1.642531     0.847287     1.029719            1      4
    1.642531     2.669999     0.459592            1      4
    1.642531     0.847287     0.459592            1      4
    1.642531     2.043707     1.656012            1      4
    1.642531     1.473579     1.656012            1      4
    1.642531     2.043707    -0.166700            1      4
    1.642531     1.473579    -0.166700            1      4
    1.016238     2.669999     1.656012            1      4
    1.016238     0.847287     1.656012            1      4
    0.446111     0.847287     1.656012            1      4
    1.016238     0.847287    -0.166700            1      4
    1.253485     2.280953     1.838632            1      4
    1.253485     1.236333     1.838632            1      4
    0.208865     1.236333     1.838632            1      4
    1.253485     1.236333    -0.349321            1      4
    1.253485     2.852619     1.266966            1      4
    1.253485     0.664667     1.266966            1      4
    0.208865     0.664667     1.266966            1      4
    1.253485     0.664667     0.222346            1      4
    1.825151     2.280953     1.266966            1      4
    1.825151     1.236333     1.266966            1      4
    1.825151     2.280953     0.222346            1      4
    1.825151     1.236333     0.222346            1      4
    1.362622     2.917813     0.744656            1      4
    1.362622     0.599473     0.744656            1      4
    1.890345     2.390090     0.744656            1      4
    1.890345     1.127196     0.744656            1      4
    1.362622     1.758643     1.903826            1      4
    1.362622     1.758643    -0.414514            1      4
    1.890345     1.758643     1.376103            1      4
    1.890345     1.758643     0.113209            1      4
    0.731175     2.390090     1.903826            1      4
    0.731175     1.127196     1.903826            1      4
    0.731175     0.599473     1.376103            1      4
    0.731175     0.599473     0.113209            1      4
   -4.627088     1.737361    -0.121417            6      5
   -2.587088    -0.302639    -0.121417            6      5
   -2.587088     1.737361     1.918583            6      5
   -2.587088     1.737361    -2.161417            6      5
   -3.764882     2.915156     1.056377            6      5
   -3.764882     0.559567     1.056377            6      5
   -1.409293     0.559567    -1.299212            6      5
   -3.764882     0.559567    -1.299212            6      5
   -2.209452     2.114997     1.847436            6      5
   -2.964724     2.114997     1.847436            6      5
   -2.209452     1.359726     1.847436            6      5
   -2.964724     1.359726     1.847436            6      5
   -2.209452     2.114997    -2.090270            6      5
   -2.964724     2.114997    -2.090270            6      5
   -2.209452     1.359726    -2.090270            6      5
   -2.964724     1.359726    -2.090270            6      5
   -2.209452    -0.231492     0.256219            6      5
   -2.964724    -0.231492     0.256219            6      5
   -2.209452    -0.231492    -0.499053            6      5
   -2.964724    -0.231492    -0.499053            6      5
   -4.555941     2.114997     0.256219            6      5
   -4.555941     1.359726     0.256219            6      5
   -4.555941     2.114997    -0.499053            6      5
   -4.555941     1.359726    -0.499053            6      5
   -3.995547     3.145820     0.319136            6      5
   -3.995547     0.328902     0.319136            6      5
   -3.995547     0.328902    -0.561970            6      5
   -3.995547     2.177914     1.287042            6      5
   -3.995547     1.296809     1.287042            6      5
   -1.178629     2.177914    -1.529876            6      5
   -3.995547     2.177914    -1.529876            6      5
   -1.178629     1.296809    -1.529876            6      5
   -3.995547     1.296809    -1.529876            6      5
   -2.146535     3.145820     1.287042            6      5
   -3.027641     3.145820     1.287042            6      5
   -3.027641     0.328902     1.287042            6      5
   -2.146535     0.328902    -1.529876            6      5
   -3.027641     0.328902    -1.529876            6      5
   -1.779881     2.544568     1.569273            6      5
   -3.394294     2.544568     1.569273            6      5
   -3.394294     0.930155     1.569273            6      5
   -1.779881     0.930155    -1.812108            6      5
   -3.394294     0.930155    -1.812108            6      5
   -3.394294     3.428052     0.685789            6      5
   -3.394294     0.046671     0.685789            6      5
   -1.779881     0.046671    -0.928624            6      5
   -3.394294     0.046671    -0.928624            6      5
   -4.277779     2.544568     0.685789            6      5
   -4.277779     0.930155     0.685789            6      5
   -4.277779     2.544568    -0.928624            6      5
   -4.277779     0.930155    -0.928624            6      5
   -3.562961    -0.054083    -0.121417            6      5
   -4.378532     2.713234    -0.121417            6      5
   -4.378532     0.761489    -0.121417            6      5
   -3.562961     1.737361     1.670027            6      5
   -1.611215     1.737361    -1.912862            6      5
   -3.562961     1.737361    -1.912862            6      5
   -4.378532     1.737361     0.854455            6      5
   -4.378532     1.737361    -1.097290            6      5
   -2.587088     2.713234     1.670027            6      5
   -2.587088     0.761489     1.670027            6      5
   -2.587088     0.761489    -1.912862            6      5
   -2.587088     3.528806     0.854455            6      5
   -2.587088    -0.054083     0.854455            6      5
   -2.587088    -0.054083    -1.097290            6      5
   -1.537692     5.901627    -0.709220            6      6
   -1.537692     3.861627     1.330780            6      6
   -1.537692     3.861627    -2.749220            6      6
   -0.359898     5.039422     0.468575            6      6
   -2.715487     5.039422     0.468575            6      6
   -0.359898     5.039422    -1.887014            6      6
   -2.715487     5.039422    -1.887014            6      6
   -0.359898     2.683833    -1.887014            6      6
   -1.160057     4.239263     1.259633            6      6
   -1.915328     4.239263     1.259633            6      6
   -1.160057     3.483991     1.259633            6      6
   -1.915328     3.483991     1.259633            6      6
   -1.160057     4.239263    -2.678073            6      6
   -1.915328     4.239263    -2.678073            6      6
   -1.160057     3.483991    -2.678073            6      6
   -1.915328     3.483991    -2.678073            6      6
   -1.160057     5.830480    -0.331584            6      6
   -1.915328     5.830480    -0.331584            6      6
   -1.160057     5.830480    -1.086856            6      6
   -1.915328     5.830480    -1.086856            6      6
   -2.946151     5.270086    -0.268667            6      6
   -0.129234     5.270086    -1.149773            6      6
   -2.946151     5.270086    -1.149773            6      6
   -2.946151     4.302180     0.699239            6      6
   -0.129234     4.302180    -2.117679            6      6
   -2.946151     4.302180    -2.117679            6      6
   -0.129234     3.421074    -2.117679            6      6
   -2.946151     3.421074    -2.117679            6      6
   -1.097140     5.270086     0.699239            6      6
   -1.978245     5.270086     0.699239            6      6
   -1.097140     5.270086    -2.117679            6      6
   -1.978245     5.270086    -2.117679            6      6
   -1.097140     2.453168    -2.117679            6      6
   -1.978245     2.453168    -2.117679            6      6
   -0.730486     4.668834     0.981471            6      6
   -2.344899     4.668834     0.981471            6      6
   -2.344899     3.054421     0.981471            6      6
   -0.730486     4.668834    -2.399910            6      6
   -2.344899     4.668834    -2.399910            6      6
   -0.730486     3.054421    -2.399910            6      6
   -2.344899     3.054421    -2.399910            6      6
   -0.730486     5.552318     0.097987            6      6
   -2.344899     5.552318     0.097987            6      6
   -0.730486     5.552318    -1.516426            6      6
   -2.344899     5.552318    -1.516426            6      6
   -0.730486     2.170936    -1.516426            6      6
   -3.228383     4.668834     0.097987            6      6
    0.152998     4.668834    -1.516426            6      6
   -3.228383     4.668834    -1.516426            6      6
   -0.561820     5.653071    -0.709220            6      6
   -2.513565     5.653071    -0.709220            6      6
   -3.329137     4.837500    -0.709220            6      6
   -2.513565     3.861627     1.082224            6      6
   -0.561820     3.861627    -2.500664            6      6
   -2.513565     3.861627    -2.500664            6      6
    0.253752     3.861627    -1.685093            6      6
   -1.537692     4.837500     1.082224            6      6
   -1.537692     4.837500    -2.500664            6      6
   -1.537692     2.885754    -2.500664            6      6
   -1.537692     5.653071     0.266653            6      6
   -1.537692     5.653071    -1.685093            6      6
   -1.537692     2.070183    -1.685093            6      6
   -1.345194    -0.732721     0.380776            6      7
   -1.345194     1.307279     2.420776            6      7
   -1.345194     1.307279    -1.659224            6      7
   -2.522988     2.485073     1.558571            6      7
   -0.167399     0.129484     1.558571            6      7
   -2.522988     0.129484     1.558571            6      7
   -0.167399     0.129484    -0.797018            6      7
   -2.522988     0.129484    -0.797018            6      7
   -0.967558     1.684915     2.349629            6      7
   -1.722830     1.684915     2.349629            6      7
   -0.967558     0.929643     2.349629            6      7
   -1.722830     0.929643     2.349629            6      7
   -0.967558     1.684915    -1.588077            6      7
   -1.722830     1.684915    -1.588077            6      7
   -0.967558     0.929643    -1.588077            6      7
   -1.722830     0.929643    -1.588077            6      7
   -0.967558    -0.661574     0.758412            6      7
   -1.722830    -0.661574     0.758412            6      7
   -0.967558    -0.661574     0.003140            6      7
   -1.722830    -0.661574     0.003140            6      7
    0.063265    -0.101180     0.821329            6      7
   -2.753653    -0.101180     0.821329            6      7
    0.063265    -0.101180    -0.059777            6      7
   -2.753653    -0.101180    -0.059777            6      7
   -2.753653     1.747832     1.789235            6      7
    0.063265     0.866726     1.789235            6      7
   -2.753653     0.866726     1.789235            6      7
    0.063265     0.866726    -1.027683            6      7
   -0.904641     2.715738     1.789235            6      7
   -1.785747     2.715738     1.789235            6      7
   -0.904641    -0.101180     1.789235            6      7
   -1.785747    -0.101180     1.789235            6      7
   -0.904641    -0.101180    -1.027683            6      7
   -1.785747    -0.101180    -1.027683            6      7
   -0.537987     2.114485     2.071467            6      7
   -2.152400     2.114485     2.071467            6      7
   -0.537987     0.500072     2.071467            6      7
   -2.152400     0.500072     2.071467            6      7
   -0.537987     2.114485    -1.309915            6      7
   -0.537987     0.500072    -1.309915            6      7
   -2.152400     0.500072    -1.309915            6      7
   -2.152400     2.997969     1.187983            6      7
   -0.537987    -0.383412     1.187983            6      7
   -2.152400    -0.383412     1.187983            6      7
   -0.537987    -0.383412    -0.426430            6      7
   -2.152400    -0.383412    -0.426430            6      7
    0.345497     0.500072     1.187983            6      7
   -3.035885     0.500072     1.187983            6      7
    0.345497     0.500072    -0.426430            6      7
   -0.369321    -0.484166     0.380776            6      7
   -2.321067    -0.484166     0.380776            6      7
    0.446250     0.331406     0.380776            6      7
   -0.369321     1.307279     2.172220            6      7
   -2.321067     1.307279     2.172220            6      7
   -0.369321     1.307279    -1.410668            6      7
   -3.136638     1.307279     1.356649            6      7
   -1.345194     2.283151     2.172220            6      7
   -1.345194     0.331406     2.172220            6      7
   -1.345194     0.331406    -1.410668            6      7
   -1.345194     3.098723     1.356649            6      7
   -1.345194    -0.484166     1.356649            6      7
   -1.345194    -0.484166    -0.595097            6      7
   -4.784456     1.089743    -0.091533            1      8
   -3.464456    -0.230257    -0.091533            1      8
   -4.226558     1.851845     0.670570            1      8
   -4.226558     0.327641     0.670570            1      8
   -4.226558     1.851845    -0.853635            1      8
   -4.226558     0.327641    -0.853635            1      8
   -3.708808     1.334096     1.182431            1      8
   -3.708808     0.845390     1.182431            1      8
   -3.708808     0.845390    -1.365496            1      8
   -3.220103    -0.184221     0.152820            1      8
   -3.708808    -0.184221     0.152820            1      8
   -3.220103    -0.184221    -0.335885            1      8
   -3.708808    -0.184221    -0.335885            1      8
   -4.738419     1.334096     0.152820            1      8
   -4.738419     0.845390     0.152820            1      8
   -4.738419     1.334096    -0.335885            1      8
   -4.738419     0.845390    -0.335885            1      8
   -4.375811     2.001099     0.193531            1      8
   -4.375811     0.178387     0.193531            1      8
   -4.375811     2.001099    -0.376596            1      8
   -4.375811     0.178387    -0.376596            1      8
   -4.375811     1.374807     0.819823            1      8
   -4.375811     0.804679     0.819823            1      8
   -4.375811     1.374807    -1.002888            1      8
   -4.375811     0.804679    -1.002888            1      8
   -3.179392     0.178387     0.819823            1      8
   -3.749519     0.178387     0.819823            1      8
   -3.179392     0.178387    -1.002888            1      8
   -3.749519     0.178387    -1.002888            1      8
   -3.986766     1.612053     1.002444            1      8
   -3.986766     0.567433     1.002444            1      8
   -3.986766     1.612053    -1.185509            1      8
   -3.986766     0.567433    -1.185509            1      8
   -2.942145    -0.004233     0.430777            1      8
   -3.986766    -0.004233     0.430777            1      8
   -2.942145    -0.004233    -0.613843            1      8
   -3.986766    -0.004233    -0.613843            1      8
   -4.558432     1.612053     0.430777            1      8
   -4.558432     0.567433     0.430777            1      8
   -4.558432     1.612053    -0.613843            1      8
   -4.558432     0.567433    -0.613843            1      8
   -2.833008    -0.069427    -0.091533            1      8
   -4.095903    -0.069427    -0.091533            1      8
   -4.623625     1.721190    -0.091533            1      8
   -4.623625     0.458296    -0.091533            1      8
   -4.095903     1.089743     1.067637            1      8
   -4.095903     1.089743    -1.250702            1      8
   -4.623625     1.089743     0.539914            1      8
   -4.623625     1.089743    -0.722980            1      8
   -3.464456     0.458296     1.067637            1      8
   -3.464456     0.458296    -1.250702            1      8
   -3.464456    -0.069427     0.539914            1      8
   -3.464456    -0.069427    -0.722980            1      8
    1.819443     2.124015     0.345581            6      9
   -0.220557     2.124015     2.385581            6      9
   -0.220557     2.124015    -1.694419            6      9
    0.957238     3.301810     1.523376            6      9
   -1.398351     3.301810     1.523376            6      9
    0.957238     0.946221     1.523376            6      9
    0.957238     0.946221    -0.832213            6      9
    0.157079     2.501651     2.314434            6      9
   -0.598193     2.501651     2.314434            6      9
    0.157079     1.746379     2.314434            6      9
   -0.598193     1.746379     2.314434            6      9
    0.157079     2.501651    -1.623272            6      9
   -0.598193     2.501651    -1.623272            6      9
    0.157079     1.746379    -1.623272            6      9
   -0.598193     1.746379    -1.623272            6      9
    0.157079     0.155162     0.723217            6      9
    0.157079     0.155162    -0.032055            6      9
    1.748296     2.501651     0.723217            6      9
    1.748296     1.746379     0.723217            6      9
    1.748296     2.501651    -0.032055            6      9
    1.748296     1.746379    -0.032055            6      9
    1.187902     0.715556     0.786134            6      9
    1.187902     0.715556    -0.094972            6      9
    1.187902     2.564568     1.754040            6      9
   -1.629016     2.564568     1.754040            6      9
    1.187902     1.683462     1.754040            6      9
    1.187902     2.564568    -1.062878            6      9
    1.187902     1.683462    -1.062878            6      9
    0.219996     3.532474     1.754040            6      9
   -0.661109     3.532474     1.754040            6      9
    0.219996     0.715556     1.754040            6      9
   -0.661109     0.715556     1.754040            6      9
    0.219996     0.715556    -1.062878            6      9
   -0.661109     0.715556    -1.062878            6      9
    0.586650     2.931222     2.036272            6      9
   -1.027763     2.931222     2.036272            6      9
    0.586650     1.316809     2.036272            6      9
   -1.027763     1.316809     2.036272            6      9
    0.586650     1.316809    -1.345110            6      9
   -1.027763     1.316809    -1.345110            6      9
   -1.027763     3.814706     1.152788            6      9
    0.586650     0.433325     1.152788            6      9
    0.586650     0.433325    -0.461625            6      9
    1.470134     2.931222     1.152788            6      9
   -1.911247     2.931222     1.152788            6      9
    1.470134     1.316809     1.152788            6      9
    1.470134     2.931222    -0.461625            6      9
    1.470134     1.316809    -0.461625            6      9
    0.755316     0.332571     0.345581            6      9
    1.570888     3.099888     0.345581            6      9
    1.570888     1.148143     0.345581            6      9
    0.755316     2.124015     2.137025            6      9
   -1.196429     2.124015     2.137025            6      9
    0.755316     2.124015    -1.445863            6      9
   -1.196429     2.124015    -1.445863            6      9
    1.570888     2.124015     1.321454            6      9
    1.570888     2.124015    -0.630292            6      9
   -0.220557     3.099888     2.137025            6      9
   -0.220557     1.148143     2.137025            6      9
   -0.220557     1.148143    -1.445863            6      9
   -0.220557     3.915460     1.321454            6      9
   -0.220557     0.332571     1.321454            6      9
   -0.220557     0.332571    -0.630292            6      9
   -1.628304     6.184973    -1.140339            1     10
   -1.628304     4.864973    -2.460339            1     10
   -0.866201     5.627076    -0.378237            1     10
   -2.390406     5.627076    -0.378237            1     10
   -0.866201     5.627076    -1.902441            1     10
   -2.390406     5.627076    -1.902441            1     10
   -1.383951     5.109326    -2.414303            1     10
   -1.872656     5.109326    -2.414303            1     10
   -1.383951     4.620621    -2.414303            1     10
   -1.872656     4.620621    -2.414303            1     10
   -1.383951     6.138937    -0.895986            1     10
   -1.872656     6.138937    -0.895986            1     10
   -1.383951     6.138937    -1.384692            1     10
   -1.872656     6.138937    -1.384692            1     10
   -2.902267     5.109326    -0.895986            1     10
   -0.354340     5.109326    -1.384692            1     10
   -2.902267     5.109326    -1.384692            1     10
   -0.716948     5.776329    -0.855275            1     10
   -2.539659     5.776329    -0.855275            1     10
   -0.716948     5.776329    -1.425403            1     10
   -2.539659     5.776329    -1.425403            1     10
   -2.539659     5.150037    -0.228983            1     10
   -0.716948     5.150037    -2.051695            1     10
   -2.539659     5.150037    -2.051695            1     10
   -0.716948     4.579910    -2.051695            1     10
   -2.539659     4.579910    -2.051695            1     10
   -1.343240     5.776329    -0.228983            1     10
   -1.913367     5.776329    -0.228983            1     10
   -1.343240     5.776329    -2.051695            1     10
   -1.913367     5.776329    -2.051695            1     10
   -1.105994     5.387284    -0.046363            1     10
   -2.150614     5.387284    -0.046363            1     10
   -1.105994     5.387284    -2.234315            1     10
   -2.150614     5.387284    -2.234315            1     10
   -2.150614     4.342663    -2.234315            1     10
   -1.105994     5.958950    -0.618029            1     10
   -2.150614     5.958950    -0.618029            1     10
   -1.105994     5.958950    -1.662649            1     10
   -2.150614     5.958950    -1.662649            1     10
   -0.534327     5.387284    -0.618029            1     10
   -2.722280     5.387284    -0.618029            1     10
   -0.534327     5.387284    -1.662649            1     10
   -2.722280     5.387284    -1.662649            1     10
   -0.996857     6.024143    -1.140339            1     10
   -2.259751     6.024143    -1.140339            1     10
   -0.469134     5.496421    -1.140339            1     10
   -2.787473     5.496421    -1.140339            1     10
   -0.996857     4.864973    -2.299509            1     10
   -2.259751     4.864973    -2.299509            1     10
   -0.469134     4.864973    -1.771786            1     10
   -2.787473     4.864973    -1.771786            1     10
   -1.628304     5.496421     0.018831            1     10
   -1.628304     5.496421    -2.299509            1     10
   -1.628304     6.024143    -0.508892            1     10
   -1.628304     6.024143    -1.771786            1     10
    2.726057     4.215281    -0.222126            7     11
    0.866057     6.075281    -0.222126            7     11
    0.866057     4.215281     1.637874            7     11
    0.866057     4.215281    -2.082126            7     11
    1.939928     5.289153     0.851746            7     11
   -0.207815     5.289153     0.851746            7     11
    1.939928     3.141410     0.851746            7     11
    1.939928     5.289153    -1.295997            7     11
   -0.207815     5.289153    -1.295997            7     11
    1.939928     3.141410    -1.295997            7     11
    1.210372     4.559596     1.573005            7     11
    0.521742     4.559596     1.573005            7     11
    1.210372     3.870966     1.573005            7     11
    0.521742     3.870966     1.573005            7     11
    1.210372     4.559596    -2.017257            7     11
    0.521742     4.559596    -2.017257            7     11
    1.210372     3.870966    -2.017257            7     11
    0.521742     3.870966    -2.017257            7     11
    1.210372     6.010412     0.122189            7     11
    0.521742     6.010412     0.122189            7     11
    1.210372     6.010412    -0.566441            7     11
    0.521742     6.010412    -0.566441            7     11
    1.210372     2.420150    -0.566441            7     11
    2.661187     4.559596     0.122189            7     11
    2.661187     3.870966     0.122189            7     11
    2.661187     4.559596    -0.566441            7     11
    2.661187     3.870966    -0.566441            7     11
    2.150240     5.499464     0.179555            7     11
   -0.418126     5.499464     0.179555            7     11
    2.150240     2.931098     0.179555            7     11
    2.150240     5.499464    -0.623807            7     11
   -0.418126     5.499464    -0.623807            7     11
    2.150240     2.931098    -0.623807            7     11
    2.150240     4.616962     1.062057            7     11
   -0.418126     4.616962     1.062057            7     11
    2.150240     3.813600     1.062057            7     11
    2.150240     4.616962    -1.506309            7     11
    2.150240     3.813600    -1.506309            7     11
    1.267737     5.499464     1.062057            7     11
    0.464376     5.499464     1.062057            7     11
    1.267737     2.931098     1.062057            7     11
    1.267737     5.499464    -1.506309            7     11
    0.464376     5.499464    -1.506309            7     11
    1.267737     2.931098    -1.506309            7     11
    0.464376     2.931098    -1.506309            7     11
    1.602039     4.951263     1.319386            7     11
    0.130074     4.951263     1.319386            7     11
    1.602039     3.479299     1.319386            7     11
    1.602039     4.951263    -1.763638            7     11
    0.130074     4.951263    -1.763638            7     11
    1.602039     3.479299    -1.763638            7     11
    0.130074     3.479299    -1.763638            7     11
    1.602039     5.756793     0.513856            7     11
    0.130074     5.756793     0.513856            7     11
    1.602039     2.673769     0.513856            7     11
    1.602039     5.756793    -0.958108            7     11
    0.130074     5.756793    -0.958108            7     11
    1.602039     2.673769    -0.958108            7     11
    2.407569     4.951263     0.513856            7     11
   -0.675455     4.951263     0.513856            7     11
    2.407569     3.479299     0.513856            7     11
    2.407569     4.951263    -0.958108            7     11
    2.407569     3.479299    -0.958108            7     11
    1.755823     5.848657    -0.222126            7     11
   -0.023710     5.848657    -0.222126            7     11
    1.755823     2.581905    -0.222126            7     11
    2.499432     5.105047    -0.222126            7     11
    2.499432     3.325515    -0.222126            7     11
    1.755823     4.215281     1.411250            7     11
   -0.023710     4.215281     1.411250            7     11
    1.755823     4.215281    -1.855502            7     11
   -0.023710     4.215281    -1.855502            7     11
    2.499432     4.215281     0.667640            7     11
    2.499432     4.215281    -1.111892            7     11
    0.866057     5.105047     1.411250            7     11
    0.866057     3.325515     1.411250            7     11
    0.866057     5.105047    -1.855502            7     11
    0.866057     3.325515    -1.855502            7     11
    0.866057     5.848657     0.667640            7     11
    0.866057     5.848657    -1.111892            7     11
    0.866057     2.581905    -1.111892            7     11
    0.621504     6.437066    -0.654727            1     12
    0.621504     5.117066    -1.974727            1     12
    1.383606     5.879168     0.107376            1     12
   -0.140599     5.879168     0.107376            1     12
    1.383606     5.879168    -1.416829            1     12
   -0.140599     5.879168    -1.416829            1     12
    0.865856     5.361418    -1.928690            1     12
    0.377151     5.361418    -1.928690            1     12
    0.865856     4.872713    -1.928690            1     12
    0.377151     4.872713    -1.928690            1     12
    0.865856     6.391030    -0.410374            1     12
    0.377151     6.391030    -0.410374            1     12
    0.865856     6.391030    -0.899079            1     12
    0.377151     6.391030    -0.899079            1     12
    1.895467     5.361418    -0.410374            1     12
   -0.652460     5.361418    -0.410374            1     12
    1.895467     5.361418    -0.899079            1     12
    1.532860     6.028422    -0.369663            1     12
   -0.289852     6.028422    -0.369663            1     12
    1.532860     6.028422    -0.939790            1     12
   -0.289852     6.028422    -0.939790            1     12
   -0.289852     5.402129     0.256629            1     12
    1.532860     5.402129    -1.566082            1     12
   -0.289852     5.402129    -1.566082            1     12
    1.532860     4.832002    -1.566082            1     12
   -0.289852     4.832002    -1.566082            1     12
    0.906567     6.028422     0.256629            1     12
    0.336440     6.028422     0.256629            1     12
    0.906567     6.028422    -1.566082            1     12
    0.336440     6.028422    -1.566082            1     12
    1.143814     5.639376     0.439250            1     12
    0.099194     5.639376     0.439250            1     12
    1.143814     5.639376    -1.748703            1     12
    0.099194     5.639376    -1.748703            1     12
    1.143814     4.594756    -1.748703            1     12
    0.099194     4.594756    -1.748703            1     12
    1.143814     6.211042    -0.132417            1     12
    0.099194     6.211042    -0.132417            1     12
    1.143814     6.211042    -1.177037            1     12
    0.099194     6.211042    -1.177037            1     12
    1.715480     5.639376    -0.132417            1     12
   -0.472473     5.639376    -0.132417            1     12
    1.715480     5.639376    -1.177037            1     12
   -0.472473     5.639376    -1.177037            1     12
    1.252951     6.276236    -0.654727            1     12
   -0.009943     6.276236    -0.654727            1     12
    1.780674     5.748513    -0.654727            1     12
   -0.537666     5.748513    -0.654727            1     12
    1.252951     5.117066    -1.813896            1     12
   -0.009943     5.117066    -1.813896            1     12
    1.780674     5.117066    -1.286174            1     12
    0.621504     5.748513     0.504443            1     12
    0.621504     5.748513    -1.813896            1     12
    0.621504     4.485619    -1.813896            1     12
    0.621504     6.276236    -0.023280            1     12
    0.621504     6.276236    -1.286174            1     12
