$hessian                                                                        
        0.3465652389  -0.1012633217  -0.0257985210  -0.0797369077  -0.0304200897
       -0.0176372168  -0.0353056808   0.0039810555   0.0000010597  -0.0351523929
        0.0099850278  -0.0046551254  -0.1799327309   0.1173014944   0.0392504886
       -0.0094311857   0.0019100502   0.0077929172  -0.0028108340   0.0006835046
       -0.0021294310   0.0040648096  -0.0027268456   0.0050202205  -0.0082603166
        0.0005491245  -0.0018443919
       -0.1012633217   0.4525391204  -0.0163029578  -0.0301549228  -0.0545185696
       -0.0112380309   0.0005536693  -0.0615352493  -0.0702486517   0.0036761794
       -0.1964807435   0.1240506492   0.1257605867  -0.1356144047  -0.0332527471
        0.0117424675   0.0109694117   0.0061332529  -0.0010739947   0.0003506246
       -0.0022558377  -0.0134976591  -0.0141322307   0.0043307095   0.0042569952
       -0.0015779588  -0.0012163864
       -0.0257985210  -0.0163029578   0.5058179773  -0.0392601435  -0.0222409692
       -0.0519803221  -0.0080939681  -0.0760035964  -0.2729330662   0.0004799296
        0.1286104384  -0.1408298607   0.0419574088  -0.0324156269  -0.0527842802
        0.0082164954   0.0071338373   0.0044859868   0.0012432915  -0.0005225748
        0.0007720076   0.0189989058   0.0133110061   0.0081069917   0.0022566013
       -0.0015695568  -0.0006554341
       -0.0797369077  -0.0301549228  -0.0392601435   0.2465054220  -0.0153798150
       -0.0004395517  -0.0107211817  -0.0096891292  -0.0067476771   0.0009627978
       -0.0010343263   0.0015522592  -0.0178170538  -0.0060810161  -0.0010094007
       -0.0852489525   0.0316799486   0.0276329085   0.0000046242   0.0028584986
        0.0077223686  -0.0403719740   0.0049740306  -0.0055792949  -0.0135767744
        0.0228267314   0.0161285317
       -0.0304200897  -0.0545185696  -0.0222409692  -0.0153798150   0.3587986111
       -0.0886476584  -0.0114865699  -0.0075352770  -0.0055772119  -0.0131403790
       -0.0114661778   0.0007561690   0.0102324438   0.0061770533   0.0021415335
        0.0715641717  -0.1035846947  -0.0393585557   0.0053125119  -0.0130483508
       -0.0100058901   0.0003791447  -0.1742144614   0.1615575869  -0.0170614185
       -0.0006081331   0.0013749958
       -0.0176372168  -0.0112380309  -0.0519803221  -0.0004395517  -0.0886476584
        0.3518492421  -0.0224880956  -0.0142548193  -0.0059608786   0.0102739425
        0.0075704079  -0.0002148568   0.0015040590   0.0010261960   0.0004401481
        0.0463892041  -0.0452438914  -0.0733559418  -0.0181688000   0.0195367210
        0.0004440919  -0.0037454385   0.1355003449  -0.2151803204   0.0043118971
       -0.0042492697  -0.0060411625
       -0.0353056808   0.0005536693  -0.0080939681  -0.0107211817  -0.0114865699
       -0.0224880956   0.0392723927  -0.0016079076   0.0038696261   0.0007165803
        0.0007141331  -0.0007093807   0.0003652807   0.0083103688   0.0228995834
        0.0018597432   0.0021044095   0.0017369997   0.0002542580  -0.0000268164
        0.0000584257   0.0030142571   0.0017145023   0.0029112838   0.0005443505
       -0.0002757891  -0.0001844743
        0.0039810555  -0.0615352493  -0.0760035964  -0.0096891292  -0.0075352770
       -0.0142548193  -0.0016079076   0.0674290052   0.0821352479   0.0015077029
        0.0069746556   0.0242675216   0.0015550746  -0.0071604985  -0.0194783181
        0.0010970441   0.0015112940   0.0011900017   0.0003533953  -0.0002432393
        0.0000725744   0.0024650230   0.0010029735   0.0022411182   0.0003377414
       -0.0004436644  -0.0001697299
        0.0000010597  -0.0702486517  -0.2729330662  -0.0067476771  -0.0055772119
       -0.0059608786   0.0038696261   0.0821352479   0.3074948860  -0.0004549013
       -0.0041067084  -0.0225450566   0.0015971603  -0.0033963293  -0.0082866165
        0.0006871226   0.0012941750   0.0008896151   0.0002195008  -0.0000168891
       -0.0001708175   0.0005369660   0.0001104855   0.0014884519   0.0002911430
       -0.0001941179   0.0000234824
       -0.0351523929   0.0036761794   0.0004799296   0.0009627978  -0.0131403790
        0.0102739425   0.0007165803   0.0015077029  -0.0004549013   0.0392067700
       -0.0088348661   0.0042609749  -0.0006157564   0.0204614322  -0.0149734623
        0.0001382591   0.0017052028   0.0008634671  -0.0008350906   0.0000116376
       -0.0008222647  -0.0049289378  -0.0054386368   0.0004927847   0.0005077704
        0.0000517270  -0.0001204706
        0.0099850278  -0.1964807435   0.1286104384  -0.0010343263  -0.0114661778
        0.0075704079   0.0007141331   0.0069746556  -0.0041067084  -0.0088348661
        0.2200886235  -0.1436669018   0.0027570458  -0.0178251448   0.0127714638
        0.0004604281   0.0011401612   0.0004013073  -0.0002502070   0.0002304335
       -0.0004451264  -0.0041083284  -0.0024609671  -0.0011141952   0.0003110930
       -0.0002008406  -0.0000206857
       -0.0046551254   0.1240506492  -0.1408298607   0.0015522592   0.0007561690
       -0.0002148568  -0.0007093807   0.0242675216  -0.0225450566   0.0042609749
       -0.1436669018   0.1586243315  -0.0003209648  -0.0040313969   0.0031903209
       -0.0001401043  -0.0004910152   0.0001364127   0.0001458383  -0.0001514832
        0.0003204615  -0.0000097992  -0.0006353819   0.0014461442  -0.0001236979
       -0.0000981608  -0.0001278967
       -0.1799327309   0.1257605867   0.0419574088  -0.0178170538   0.0102324438
        0.0015040590   0.0003652807   0.0015550746   0.0015971603  -0.0006157564
        0.0027570458  -0.0003209648   0.2032193773  -0.1381136618  -0.0460981063
       -0.0038752754  -0.0021121140   0.0008051882  -0.0001058985   0.0000764147
       -0.0004198810   0.0021111357  -0.0003687082   0.0009879772  -0.0033490788
        0.0002129184  -0.0000128414
        0.1173014944  -0.1356144047  -0.0324156269  -0.0060810161   0.0061770533
        0.0010261960   0.0083103688  -0.0071604985  -0.0033963293   0.0204614322
       -0.0178251448  -0.0040313969  -0.1381136618   0.1537864773   0.0378970312
       -0.0020770279  -0.0001186602   0.0006469054  -0.0001264054  -0.0000894045
       -0.0001004966   0.0012632741   0.0002099535   0.0003498986  -0.0009384583
        0.0006346286   0.0000238186
        0.0392504886  -0.0332527471  -0.0527842802  -0.0010094007   0.0021415335
        0.0004401481   0.0228995834  -0.0194783181  -0.0082866165  -0.0149734623
        0.0127714638   0.0031903209  -0.0460981063   0.0378970312   0.0570407500
       -0.0000241095  -0.0004269883   0.0003804012   0.0002169589  -0.0000404563
        0.0000298975  -0.0001286421   0.0001326247  -0.0003355182  -0.0001333101
        0.0002558565   0.0003248972
       -0.0094311857   0.0117424675   0.0082164954  -0.0852489525   0.0715641717
        0.0463892041   0.0018597432   0.0010970441   0.0006871226   0.0001382591
        0.0004604281  -0.0001401043  -0.0038752754  -0.0020770279  -0.0000241095
        0.3175945702  -0.0139447426  -0.0363585559  -0.0494467905   0.0171293021
       -0.0280914988   0.0023872414  -0.0055919767   0.0001136995  -0.1739776098
       -0.0803796661   0.0092077469
        0.0019100502   0.0109694117   0.0071338373   0.0316799486  -0.1035846947
       -0.0452438914   0.0021044095   0.0015112940   0.0012941750   0.0017052028
        0.0011401612  -0.0004910152  -0.0021121140  -0.0001186602  -0.0004269883
       -0.0139447426   0.2627382758  -0.0916617014   0.0352088574  -0.0792115541
        0.1115020129   0.0092804195  -0.0171178645   0.0038490418  -0.0658320314
       -0.0763263692   0.0140445293
        0.0077929172   0.0061332529   0.0044859868   0.0276329085  -0.0393585557
       -0.0733559418   0.0017369997   0.0011900017   0.0008896151   0.0008634671
        0.0004013073   0.0001364127   0.0008051882   0.0006469054   0.0003804012
       -0.0363585559  -0.0916617014   0.2318559938  -0.0318003297   0.0701130143
       -0.1522909639  -0.0148278706   0.0185864533   0.0133207487   0.0441552755
        0.0339493221  -0.0254222526
       -0.0028108340  -0.0010739947   0.0012432915   0.0000046242   0.0053125119
       -0.0181688000   0.0002542580   0.0003533953   0.0002195008  -0.0008350906
       -0.0002502070   0.0001458383  -0.0001058985  -0.0001264054   0.0002169589
       -0.0494467905   0.0352088574  -0.0318003297   0.0514042763  -0.0265782383
        0.0209329440  -0.0022606243   0.0079100694   0.0005748705   0.0037960794
       -0.0207559887   0.0266357257
        0.0006835046   0.0003506246  -0.0005225748   0.0028584986  -0.0130483508
        0.0195367210  -0.0000268164  -0.0002432393  -0.0000168891   0.0000116376
        0.0002304335  -0.0001514832   0.0000764147  -0.0000894045  -0.0000404563
        0.0171293021  -0.0792115541   0.0701130143  -0.0265782383   0.1165925450
       -0.1077895693   0.0064816713  -0.0101180434  -0.0001522170  -0.0006359741
       -0.0144630110   0.0190234545
       -0.0021294310  -0.0022558377   0.0007720076   0.0077223686  -0.0100058901
        0.0004440919   0.0000584257   0.0000725744  -0.0001708175  -0.0008222647
       -0.0004451264   0.0003204615  -0.0004198810  -0.0001004966   0.0000298975
       -0.0280914988   0.1115020129  -0.1522909639   0.0209329440  -0.1077895693
        0.1612377438   0.0021016647   0.0009310441   0.0009692687   0.0006476726
        0.0080912887  -0.0113116896
        0.0040648096  -0.0134976591   0.0189989058  -0.0403719740   0.0003791447
       -0.0037454385   0.0030142571   0.0024650230   0.0005369660  -0.0049289378
       -0.0041083284  -0.0000097992   0.0021111357   0.0012632741  -0.0001286421
        0.0023872414   0.0092804195  -0.0148278706  -0.0022606243   0.0064816713
        0.0021016647   0.0341275948  -0.0016371498  -0.0012451270   0.0018564975
       -0.0006263954  -0.0016806590
       -0.0027268456  -0.0141322307   0.0133110061   0.0049740306  -0.1742144614
        0.1355003449   0.0017145023   0.0010029735   0.0001104855  -0.0054386368
       -0.0024609671  -0.0006353819  -0.0003687082   0.0002099535   0.0001326247
       -0.0055919767  -0.0171178645   0.0185864533   0.0079100694  -0.0101180434
        0.0009310441  -0.0016371498   0.2133747619  -0.1688389081   0.0011647148
        0.0034558781   0.0009023313
        0.0050202205   0.0043307095   0.0081069917  -0.0055792949   0.1615575869
       -0.2151803204   0.0029112838   0.0022411182   0.0014884519   0.0004927847
       -0.0011141952   0.0014461442   0.0009879772   0.0003498986  -0.0003355182
        0.0001136995   0.0038490418   0.0133207487   0.0005748705  -0.0001522170
        0.0009692687  -0.0012451270  -0.1688389081   0.1894068861  -0.0032764143
       -0.0022230346   0.0007773473
       -0.0082603166   0.0042569952   0.0022566013  -0.0135767744  -0.0170614185
        0.0043118971   0.0005443505   0.0003377414   0.0002911430   0.0005077704
        0.0003110930  -0.0001236979  -0.0033490788  -0.0009384583  -0.0001333101
       -0.1739776098  -0.0658320314   0.0441552755   0.0037960794  -0.0006359741
        0.0006476726   0.0018564975   0.0011647148  -0.0032764143   0.1924590818
        0.0783973380  -0.0481291671
        0.0005491245  -0.0015779588  -0.0015695568   0.0228267314  -0.0006081331
       -0.0042492697  -0.0002757891  -0.0004436644  -0.0001941179   0.0000517270
       -0.0002008406  -0.0000981608   0.0002129184   0.0006346286   0.0002558565
       -0.0803796661  -0.0763263692   0.0339493221  -0.0207559887  -0.0144630110
        0.0080912887  -0.0006263954   0.0034558781  -0.0022230346   0.0783973380
        0.0895294703  -0.0339623275
       -0.0018443919  -0.0012163864  -0.0006554341   0.0161285317   0.0013749958
       -0.0060411625  -0.0001844743  -0.0001697299   0.0000234824  -0.0001204706
       -0.0000206857  -0.0001278967  -0.0000128414   0.0000238186   0.0003248972
        0.0092077469   0.0140445293  -0.0254222526   0.0266357257   0.0190234545
       -0.0113116896  -0.0016806590   0.0009023313   0.0007773473  -0.0481291671
       -0.0339623275   0.0424327085
