$hessian                                                                        
        0.5529093936  -0.0240371790   0.0000050547  -0.0855213026   0.0140635995
       -0.0000525437  -0.0040335300   0.0030777125  -0.0000176517  -0.0042731787
       -0.0319302987   0.0000022988   0.0093115208   0.0087074619  -0.0000009508
       -0.0053085455  -0.0291196746   0.0000110705  -0.0032170220  -0.0099630692
        0.0000529298  -0.0024549338   0.0084870132   0.0000008840  -0.0437108294
        0.0123398256  -0.0000072081   0.0010558195  -0.0000611631  -0.0000103317
       -0.2014302632  -0.0644595203   0.0000040216  -0.2133271287   0.1128952923
        0.0000124267
       -0.0240371790   0.7409985981  -0.0000131626  -0.0443770556  -0.4289437671
        0.0000272492   0.0036637673  -0.0008720746  -0.0000032231  -0.0490421810
       -0.0615479343   0.0000039519   0.0356152890  -0.0508819713  -0.0000004679
       -0.0037386692  -0.0181978177  -0.0000058686  -0.0086440306  -0.0181058323
       -0.0000180441   0.0025768759   0.0098777763   0.0000006915  -0.0042652647
        0.0326426668   0.0000056611  -0.0004534487   0.0002127147   0.0000070587
       -0.0184001011  -0.0872879427   0.0000027560   0.1111019975  -0.1178944159
       -0.0000066022
        0.0000050547  -0.0000131626   0.0947516719   0.0000037861   0.0000113605
       -0.0316201187  -0.0000012158   0.0000012398   0.0042461898   0.0000041637
        0.0000003343   0.0134697938  -0.0000042064  -0.0000065987   0.0015486585
        0.0000006994   0.0000000174   0.0028566033   0.0000012050  -0.0000021834
       -0.0018142968  -0.0000013022  -0.0000001448   0.0013310065  -0.0000049205
        0.0000042287   0.0063285496   0.0000002484   0.0000013161  -0.0006530249
       -0.0000030251   0.0000039289  -0.0579059822  -0.0000004874  -0.0000003363
       -0.0325390508
       -0.0855213026  -0.0443770556   0.0000037861   0.5392347679   0.0558240812
       -0.0000188571   0.0007948741   0.0005579112  -0.0000057937  -0.0062322041
       -0.0064526134   0.0000007933  -0.1664587041   0.0406168064  -0.0000014906
       -0.2397033852  -0.1002891312   0.0000029925  -0.0421688025   0.0027926605
        0.0000169385   0.0014023502   0.0406636741   0.0000024816  -0.0014504159
        0.0068918186  -0.0000024494  -0.0049742292  -0.0020824745  -0.0000025345
        0.0066732214  -0.0220807908   0.0000012282  -0.0015961700   0.0279351135
        0.0000029051
        0.0140635995  -0.4289437671   0.0000113605   0.0558240812   0.7198818931
       -0.0000279347   0.0006181772  -0.0006262039   0.0000041540   0.0009705049
        0.0102509929  -0.0000033298   0.0462378314  -0.0527763488   0.0000032327
       -0.1013568009  -0.0964057957   0.0000079425   0.0036080000   0.0185084045
        0.0000197365   0.0291028073  -0.0842820878  -0.0000058754   0.0081865250
       -0.0198443283  -0.0000065983  -0.0029706289  -0.0009524044  -0.0000077696
       -0.0572244759  -0.0409735826  -0.0000016029   0.0029403792  -0.0238367719
        0.0000066845
       -0.0000525437   0.0000272492  -0.0316201187  -0.0000188571  -0.0000279347
        0.0882163159   0.0000069925  -0.0000071155  -0.0020373636  -0.0000195150
        0.0000066108   0.0038079997   0.0000206327   0.0000427338  -0.0565989066
       -0.0000024593   0.0000030020  -0.0303011593  -0.0000037911   0.0000107780
        0.0141970403   0.0000083146  -0.0000034545   0.0131856190   0.0000311364
       -0.0000238594  -0.0017946341  -0.0000012851  -0.0000072495   0.0013405528
        0.0000247825  -0.0000203532  -0.0028335781   0.0000065927  -0.0000004069
        0.0044382327
       -0.0040335300   0.0036637673  -0.0000012158   0.0007948741   0.0006181772
        0.0000069925   0.2659126119   0.1144079366   0.0000008115   0.0036435212
        0.0008333827  -0.0000001827   0.0025610912   0.0013263722  -0.0000000885
       -0.0001900982  -0.0001715227  -0.0000016107  -0.0050874049  -0.0049524432
       -0.0000068337  -0.0005735278  -0.0016782166  -0.0000000264  -0.2357017539
       -0.0986091832   0.0000019099   0.0013992271   0.0005909748   0.0000015151
       -0.0265979628  -0.0155133039   0.0000003939  -0.0021270479  -0.0005159411
       -0.0000016651
        0.0030777125  -0.0008720746   0.0000012398   0.0005579112  -0.0006262039
       -0.0000071155   0.1144079366   0.1122502788  -0.0000017556  -0.0011132725
        0.0026114826  -0.0000000721   0.0024316384  -0.0016294748  -0.0000000604
       -0.0000820883  -0.0000393370   0.0000016992  -0.0299003788  -0.0203610147
        0.0000079080  -0.0014834572  -0.0031328075  -0.0000003116  -0.1004611996
       -0.0955233508  -0.0000013409  -0.0005991848   0.0007931578  -0.0000017158
        0.0124081815   0.0062735073  -0.0000002264   0.0007562010   0.0002558368
        0.0000017512
       -0.0000176517  -0.0000032231   0.0042461898  -0.0000057937   0.0000041540
       -0.0020373636   0.0000008115  -0.0000017556   0.0218002384  -0.0000056457
       -0.0000176374  -0.0019259413   0.0000048443   0.0000066549   0.0108009433
       -0.0000013042   0.0000005794  -0.0005939250   0.0000026674   0.0000127569
        0.0043649447   0.0000014034  -0.0000017482  -0.0014836929   0.0000124780
       -0.0000144994  -0.0325082601  -0.0000001696  -0.0000017957  -0.0051522477
        0.0000069756   0.0000162112   0.0025056884   0.0000013847   0.0000003028
       -0.0000165740
       -0.0042731787  -0.0490421810   0.0000041637  -0.0062322041   0.0009705049
       -0.0000195150   0.0036435212  -0.0011132725  -0.0000056457   0.0755191181
        0.0274727513  -0.0000007214   0.0005873867  -0.0003688441  -0.0000001609
       -0.0008011213  -0.0021537352   0.0000042218  -0.0054861083   0.0006856953
        0.0000196974   0.0006599896  -0.0001879186   0.0000001545   0.0035582726
        0.0421467387  -0.0000032282  -0.0003329397   0.0018267401  -0.0000041428
       -0.0705018974  -0.0212493727   0.0000006346   0.0036591612   0.0010128937
        0.0000045421
       -0.0319302987  -0.0615479343   0.0000003343  -0.0064526134   0.0102509929
        0.0000066108   0.0008333827   0.0026114826  -0.0000176374   0.0274727513
        0.5930831942   0.0000033179  -0.0006236356  -0.0064662769   0.0000024327
       -0.0024595032  -0.0028723402  -0.0000073270   0.0081624278   0.0094714491
       -0.0000041894  -0.0001576915  -0.0038034786  -0.0000011792   0.0250484033
       -0.0695451744   0.0000067191   0.0022440304  -0.0032493323   0.0000076755
       -0.0212895105  -0.4704109114   0.0000075022  -0.0008477427   0.0024783294
       -0.0000042595
        0.0000022988   0.0000039519   0.0134697938   0.0000007933  -0.0000033298
        0.0038079997  -0.0000001827  -0.0000000721  -0.0019259413  -0.0000007214
        0.0000033179   0.0209636634   0.0000000073   0.0000019156  -0.0003903696
        0.0000002173   0.0000000050  -0.0015315403  -0.0000012340  -0.0000036611
        0.0038155589   0.0000004173   0.0000005048  -0.0000718487  -0.0000013533
        0.0000021608   0.0134692896  -0.0000001577  -0.0000000202  -0.0015279220
       -0.0000001409  -0.0000046414  -0.0481608983   0.0000000559  -0.0000001313
       -0.0019177851
        0.0093115208   0.0356152890  -0.0000042064  -0.1664587041   0.0462378314
        0.0000206327   0.0025610912   0.0024316384   0.0000048443   0.0005873867
       -0.0006236356   0.0000000073   0.4364249259   0.0118273572  -0.0000038427
       -0.0237967514   0.0120479070  -0.0000052556  -0.1740786880  -0.0330826022
       -0.0000150790  -0.0497744314  -0.0231747222  -0.0000030685   0.0041557614
       -0.0417118559   0.0000045725  -0.0235492979  -0.0088513162   0.0000069717
       -0.0174992005   0.0020844996   0.0000001024   0.0021163873  -0.0028003904
       -0.0000056788
        0.0087074619  -0.0508819713  -0.0000065987   0.0406168064  -0.0527763488
        0.0000427338   0.0013263722  -0.0016294748   0.0000066549  -0.0003688441
       -0.0064662769   0.0000019156   0.0118273572   0.6513392034   0.0000206869
       -0.0110143630   0.0065274702  -0.0000107624  -0.0277911226  -0.0450700867
       -0.0000357582  -0.0230697249  -0.4772325416  -0.0000287149  -0.0145347549
       -0.0455865030   0.0000083513   0.0142137730   0.0063259740   0.0000097160
        0.0018024807   0.0166289339   0.0000013415  -0.0017154419  -0.0011783784
       -0.0000095658
       -0.0000009508  -0.0000004679   0.0015486585  -0.0000014906   0.0000032327
       -0.0565989066  -0.0000000885  -0.0000000604   0.0108009433  -0.0000001609
        0.0000024327  -0.0003903696  -0.0000038427   0.0000206869   0.1310881870
        0.0000004295  -0.0000002431   0.0017919570   0.0000087448   0.0000056387
       -0.0565461781  -0.0000030385  -0.0000296613  -0.0379298327  -0.0000001687
        0.0000004836   0.0014884420   0.0000003270   0.0000001020   0.0017962810
        0.0000002736  -0.0000025299  -0.0078763661  -0.0000000342   0.0000003860
        0.0108271844
       -0.0053085455  -0.0037386692   0.0000006994  -0.2397033852  -0.1013568009
       -0.0000024593  -0.0001900982  -0.0000820883  -0.0000013042  -0.0008011213
       -0.0024595032   0.0000002173  -0.0237967514  -0.0110143630   0.0000004295
        0.2688764783   0.1149648342  -0.0000004885  -0.0043945940   0.0033157543
        0.0000034318   0.0024993897  -0.0017482166  -0.0000001913   0.0010841695
        0.0003852163  -0.0000004809  -0.0020217367  -0.0004431784  -0.0000005954
        0.0023689942   0.0016475207   0.0000000174   0.0013872005   0.0005294940
        0.0000007242
       -0.0291196746  -0.0181978177   0.0000000174  -0.1002891312  -0.0964057957
        0.0000030020  -0.0001715227  -0.0000393370   0.0000005794  -0.0021537352
       -0.0028723402   0.0000000050   0.0120479070   0.0065274702  -0.0000002431
        0.1149648342   0.1129306301  -0.0000014655   0.0024647946  -0.0014399719
       -0.0000025508  -0.0003052234   0.0013000219   0.0000001428  -0.0000207615
        0.0001628391   0.0000004340   0.0007310706   0.0003019903   0.0000005954
        0.0025345301  -0.0030090499   0.0000002029  -0.0006830880   0.0007413609
       -0.0000007194
        0.0000110705  -0.0000058686   0.0028566033   0.0000029925   0.0000079425
       -0.0303011593  -0.0000016107   0.0000016992  -0.0005939250   0.0000042218
       -0.0000073270  -0.0015315403  -0.0000052556  -0.0000107624   0.0017919570
       -0.0000004885  -0.0000014655   0.0212100357   0.0000025247   0.0000004369
        0.0013818283  -0.0000012870  -0.0000009540  -0.0011807561  -0.0000057118
        0.0000029230  -0.0006554083   0.0000004214   0.0000016514   0.0006918532
       -0.0000052152   0.0000115558   0.0114392795  -0.0000016620   0.0000001686
       -0.0051087678
       -0.0032170220  -0.0086440306   0.0000012050  -0.0421688025   0.0036080000
       -0.0000037911  -0.0050874049  -0.0299003788   0.0000026674  -0.0054861083
        0.0081624278  -0.0000012340  -0.1740786880  -0.0277911226   0.0000087448
       -0.0043945940   0.0024647946   0.0000025247   0.5297571575  -0.0358293480
       -0.0000033975  -0.0069819406  -0.0487551064  -0.0000021095  -0.0861659585
        0.0081646599  -0.0000014466  -0.2172698291   0.1130595038  -0.0000037509
        0.0144525603   0.0161592988  -0.0000014123   0.0006406301  -0.0006986986
        0.0000020000
       -0.0099630692  -0.0181058323  -0.0000021834   0.0027926605   0.0185084045
        0.0000107780  -0.0049524432  -0.0203610147   0.0000127569   0.0006856953
        0.0094714491  -0.0000036611  -0.0330826022  -0.0450700867   0.0000056387
        0.0033157543  -0.0014399719   0.0000004369  -0.0358293480   0.7295745822
       -0.0000158448  -0.0374343566  -0.0759945267  -0.0000026223  -0.0503345034
       -0.4283615092  -0.0000006738   0.1141420347  -0.1190312115   0.0000005385
        0.0514391297  -0.0487246913  -0.0000035800  -0.0007789519  -0.0004655916
       -0.0000015837
        0.0000529298  -0.0000180441  -0.0018142968   0.0000169385   0.0000197365
        0.0141970403  -0.0000068337   0.0000079080   0.0043649447   0.0000196974
       -0.0000041894   0.0038155589  -0.0000150790  -0.0000357582  -0.0565461781
        0.0000034318  -0.0000025508   0.0013818283  -0.0000033975  -0.0000158448
        0.0884001966  -0.0000077364  -0.0000038713   0.0130132944  -0.0000312094
        0.0000261304  -0.0316548819   0.0000013083   0.0000078431  -0.0302562157
       -0.0000234704   0.0000180032  -0.0028713189  -0.0000065794   0.0000006372
       -0.0020299717
       -0.0024549338   0.0025768759  -0.0000013022   0.0014023502   0.0291028073
        0.0000083146  -0.0005735278  -0.0014834572   0.0000014034   0.0006599896
       -0.0001576915   0.0000004173  -0.0497744314  -0.0230697249  -0.0000030385
        0.0024993897  -0.0003052234  -0.0000012870  -0.0069819406  -0.0374343566
       -0.0000077364   0.0577841906   0.0304205491   0.0000019973  -0.0035382826
       -0.0010459767   0.0000013188   0.0027395097   0.0002386527   0.0000013569
       -0.0014955680  -0.0000294063   0.0000000377  -0.0002667457   0.0011869516
       -0.0000014820
        0.0084870132   0.0098777763  -0.0000001448   0.0406636741  -0.0842820878
       -0.0000034545  -0.0016782166  -0.0031328075  -0.0000017482  -0.0001879186
       -0.0038034786   0.0000005048  -0.0231747222  -0.4772325416  -0.0000296613
       -0.0017482166   0.0013000219  -0.0000009540  -0.0487551064  -0.0759945267
       -0.0000038713   0.0304205491   0.6243577956   0.0000366384  -0.0070311731
        0.0108445611   0.0000015285   0.0014928197   0.0015665702   0.0000014070
        0.0000785639  -0.0001213206   0.0000001042   0.0014327335  -0.0033799625
       -0.0000003488
        0.0000008840   0.0000006915   0.0013310065   0.0000024816  -0.0000058754
        0.0131856190  -0.0000000264  -0.0000003116  -0.0014836929   0.0000001545
       -0.0000011792  -0.0000718487  -0.0000030685  -0.0000287149  -0.0379298327
       -0.0000001913   0.0000001428  -0.0011807561  -0.0000021095  -0.0000026223
        0.0130132944   0.0000019973   0.0000366384   0.0142603365  -0.0000000157
        0.0000005188   0.0013791087  -0.0000000421  -0.0000000351  -0.0011850951
       -0.0000001922   0.0000009654   0.0002507858   0.0000001283  -0.0000002182
       -0.0015689251
       -0.0437108294  -0.0042652647  -0.0000049205  -0.0014504159   0.0081865250
        0.0000311364  -0.2357017539  -0.1004611996   0.0000124780   0.0035582726
        0.0250484033  -0.0000013533   0.0041557614  -0.0145347549  -0.0000001687
        0.0010841695  -0.0000207615  -0.0000057118  -0.0861659585  -0.0503345034
       -0.0000312094  -0.0035382826  -0.0070311731  -0.0000000157   0.5600324353
        0.0432180160  -0.0000000973  -0.0020332328   0.0273914882   0.0000058726
       -0.1915080654   0.0754806578   0.0000006505  -0.0047221001  -0.0026774332
       -0.0000066607
        0.0123398256   0.0326426668   0.0000042287   0.0068918186  -0.0198443283
       -0.0000238594  -0.0986091832  -0.0955233508  -0.0000144994   0.0421467387
       -0.0695451744   0.0000021608  -0.0417118559  -0.0455865030   0.0000004836
        0.0003852163   0.0001628391   0.0000029230   0.0081646599  -0.4283615092
        0.0000261304  -0.0010459767   0.0108445611   0.0000005188   0.0432180160
        0.7340133275  -0.0000015106   0.0020495431  -0.0214463407  -0.0000031873
        0.0293944339  -0.0971713986   0.0000018240  -0.0032232361  -0.0001847893
        0.0000047874
       -0.0000072081   0.0000056611   0.0063285496  -0.0000024494  -0.0000065983
       -0.0017946341   0.0000019099  -0.0000013409  -0.0325082601  -0.0000032282
        0.0000067191   0.0134692896   0.0000045725   0.0000083513   0.0014884420
       -0.0000004809   0.0000004340  -0.0006554083  -0.0000014466  -0.0000006738
       -0.0316548819   0.0000013188   0.0000015285   0.0013791087  -0.0000000973
       -0.0000015106   0.0947775478  -0.0000002333  -0.0000014468   0.0028510907
        0.0000058736  -0.0000109457  -0.0579363333   0.0000014691  -0.0000001780
        0.0042554894
        0.0010558195  -0.0004534487   0.0000002484  -0.0049742292  -0.0029706289
       -0.0000012851   0.0013992271  -0.0005991848  -0.0000001696  -0.0003329397
        0.0022440304  -0.0000001577  -0.0235492979   0.0142137730   0.0000003270
       -0.0020217367   0.0007310706   0.0000004214  -0.2172698291   0.1141420347
        0.0000013083   0.0027395097   0.0014928197  -0.0000000421  -0.0020332328
        0.0020495431  -0.0000002333   0.2432681084  -0.1287283072  -0.0000009086
        0.0018774415  -0.0022304657   0.0000001872  -0.0001588410   0.0001087638
        0.0000003041
       -0.0000611631   0.0002127147   0.0000013161  -0.0020824745  -0.0009524044
       -0.0000072495   0.0005909748   0.0007931578  -0.0000017957   0.0018267401
       -0.0032493323  -0.0000000202  -0.0088513162   0.0063259740   0.0000001020
       -0.0004431784   0.0003019903   0.0000016514   0.1130595038  -0.1190312115
        0.0000078431   0.0002386527   0.0015665702  -0.0000000351   0.0273914882
       -0.0214463407  -0.0000014468  -0.1287283072   0.1382043182  -0.0000023623
       -0.0030916722  -0.0026176115   0.0000002327   0.0001507519  -0.0001078249
        0.0000017644
       -0.0000103317   0.0000070587  -0.0006530249  -0.0000025345  -0.0000077696
        0.0013405528   0.0000015151  -0.0000017158  -0.0051522477  -0.0000041428
        0.0000076755  -0.0015279220   0.0000069717   0.0000097160   0.0017962810
       -0.0000005954   0.0000005954   0.0006918532  -0.0000037509   0.0000005385
       -0.0302562157   0.0000013569   0.0000014070  -0.0011850951   0.0000058726
       -0.0000031873   0.0028510907  -0.0000009086  -0.0000023623   0.0212174331
        0.0000049503  -0.0000115992   0.0114594331   0.0000015974  -0.0000003569
       -0.0005821385
       -0.2014302632  -0.0184001011  -0.0000030251   0.0066732214  -0.0572244759
        0.0000247825  -0.0265979628   0.0124081815   0.0000069756  -0.0705018974
       -0.0212895105  -0.0000001409  -0.0174992005   0.0018024807   0.0000002736
        0.0023689942   0.0025345301  -0.0000052152   0.0144525603   0.0514391297
       -0.0000234704  -0.0014955680   0.0000785639  -0.0000001922  -0.1915080654
        0.0293944339   0.0000058736   0.0018774415  -0.0030916722   0.0000049503
        0.5095691138   0.0113433828  -0.0000059491  -0.0259083739  -0.0089949431
       -0.0000048627
       -0.0644595203  -0.0872879427   0.0000039289  -0.0220807908  -0.0409735826
       -0.0000203532  -0.0155133039   0.0062735073   0.0000162112  -0.0212493727
       -0.4704109114  -0.0000046414   0.0020844996   0.0166289339  -0.0000025299
        0.0016475207  -0.0030090499   0.0000115558   0.0161592988  -0.0487246913
        0.0000180032  -0.0000294063  -0.0001213206   0.0000009654   0.0754806578
       -0.0971713986  -0.0000109457  -0.0022304657  -0.0026176115  -0.0000115992
        0.0113433828   0.7218245952  -0.0000084567   0.0188474999   0.0055894722
        0.0000078615
        0.0000040216   0.0000027560  -0.0579059822   0.0000012282  -0.0000016029
       -0.0028335781   0.0000003939  -0.0000002264   0.0025056884   0.0000006346
        0.0000075022  -0.0481608983   0.0000001024   0.0000013415  -0.0078763661
        0.0000000174   0.0000002029   0.0114392795  -0.0000014123  -0.0000035800
       -0.0028713189   0.0000000377   0.0000001042   0.0002507858   0.0000006505
        0.0000018240  -0.0579363333   0.0000001872   0.0000002327   0.0114594331
       -0.0000059491  -0.0000084567   0.1494423462   0.0000000879  -0.0000000975
        0.0024869440
       -0.2133271287   0.1111019975  -0.0000004874  -0.0015961700   0.0029403792
        0.0000065927  -0.0021270479   0.0007562010   0.0000013847   0.0036591612
       -0.0008477427   0.0000000559   0.0021163873  -0.0017154419  -0.0000000342
        0.0013872005  -0.0006830880  -0.0000016620   0.0006406301  -0.0007789519
       -0.0000065794  -0.0002667457   0.0014327335   0.0000001283  -0.0047221001
       -0.0032232361   0.0000014691  -0.0001588410   0.0001507519   0.0000015974
       -0.0259083739   0.0188474999   0.0000000879   0.2403030282  -0.1279811026
       -0.0000025528
        0.1128952923  -0.1178944159  -0.0000003363   0.0279351135  -0.0238367719
       -0.0000004069  -0.0005159411   0.0002558368   0.0000003028   0.0010128937
        0.0024783294  -0.0000001313  -0.0028003904  -0.0011783784   0.0000003860
        0.0005294940   0.0007413609   0.0000001686  -0.0006986986  -0.0004655916
        0.0000006372   0.0011869516  -0.0033799625  -0.0000002182  -0.0026774332
       -0.0001847893  -0.0000001780   0.0001087638  -0.0001078249  -0.0000003569
       -0.0089949431   0.0055894722  -0.0000000975  -0.1279811026   0.1379827353
        0.0000002304
        0.0000124267  -0.0000066022  -0.0325390508   0.0000029051   0.0000066845
        0.0044382327  -0.0000016651   0.0000017512  -0.0000165740   0.0000045421
       -0.0000042595  -0.0019177851  -0.0000056788  -0.0000095658   0.0108271844
        0.0000007242  -0.0000007194  -0.0051087678   0.0000020000  -0.0000015837
       -0.0020299717  -0.0000014820  -0.0000003488  -0.0015689251  -0.0000066607
        0.0000047874   0.0042554894   0.0000003041   0.0000017644  -0.0005821385
       -0.0000048627   0.0000078615   0.0024869440  -0.0000025528   0.0000002304
        0.0217553626
