           1           2   1.68823879639037     
           2           5   1.08236023961337     
           2           6  0.969027133818393     
           5           7   1.08243189996990     
           5           8   1.74028172390641     
           3           9  0.965638713717435     
           7           9   1.68823532833667     
           7          10  0.969020155808865     
           1          11   1.14131694576933     
           4          11   1.50487340794154     
           9          11   1.14132441087017     
           1          12  0.965629387134047     
