$hessian                                                                        
        0.4277029260  -0.0207714499   0.0104401432  -0.1693029284  -0.0091061132
        0.0407682814  -0.0420658689  -0.0018527172   0.0034277078  -0.0896733250
        0.0932237549   0.0083984268  -0.0827481015  -0.0494149336  -0.0641907829
       -0.0152799990  -0.0113285626  -0.0101233772  -0.0219389861   0.0018174099
        0.0063602773  -0.0066937171  -0.0025673883   0.0049193237
       -0.0207714499   0.5039853381  -0.0031669588  -0.0157461643  -0.0644056900
        0.0099775327  -0.0024119485  -0.0965317836   0.0957498814   0.0940753513
       -0.2272474313  -0.0188165658  -0.0515513911  -0.1083109453  -0.0793523729
       -0.0150339735  -0.0056968911  -0.0044368211   0.0268581113   0.0011974040
       -0.0075130657  -0.0154185354  -0.0029900009   0.0075583702
        0.0104401432  -0.0031669588   0.5013717950   0.0294751686   0.0063800228
       -0.0703370351   0.0042916779   0.0952200754  -0.2256384403   0.0080303751
       -0.0181101464  -0.0473000814  -0.0678392077  -0.0805204173  -0.1462202132
       -0.0164297342  -0.0064345145  -0.0003963117   0.0042026131   0.0002115133
       -0.0002098836   0.0278289641   0.0064204253  -0.0112698298
       -0.1693029284  -0.0157461643   0.0294751686   0.3847592643  -0.0440475913
       -0.0355370415  -0.0042153512  -0.0024007126   0.0044276365  -0.0192746865
        0.0019625702   0.0051227943  -0.0196621264  -0.0058837069   0.0010225380
       -0.0474282488  -0.0246499753  -0.0321289534  -0.0847192441   0.0925852746
        0.0128354178  -0.0401566788  -0.0018196945   0.0147824397
       -0.0091061132  -0.0644056900   0.0063800228  -0.0440475913   0.4115126740
       -0.0547766223  -0.0148278946  -0.0029163239   0.0061475265   0.0267450748
        0.0018263788  -0.0068861835  -0.0177704376  -0.0035161213   0.0023468070
       -0.0240083676  -0.0586971651  -0.0371725921   0.0810020073  -0.1940655920
       -0.0115926973   0.0020133222  -0.0897381604   0.0955537389
        0.0407682814   0.0099775327  -0.0703370351  -0.0355370415  -0.0547766223
        0.3836507740   0.0267798294   0.0066610507  -0.0106126886   0.0038740314
       -0.0006987207  -0.0002692065  -0.0192609443  -0.0040963791   0.0042091140
       -0.0310394965  -0.0368260490  -0.0751535973   0.0072615532  -0.0026744301
       -0.0412958008   0.0071537868   0.0824336178  -0.1901915598
       -0.0420658689  -0.0024119485   0.0042916779  -0.0042153512  -0.0148278946
        0.0267798294   0.0500203303   0.0033638286  -0.0072138137   0.0001905224
        0.0084691027  -0.0133043814  -0.0000829731   0.0063485694  -0.0142051145
        0.0015006600   0.0010740389   0.0000109812   0.0010990474  -0.0004432735
        0.0002798317  -0.0064463668  -0.0015724229   0.0033609894
       -0.0018527172  -0.0965317836   0.0952200754  -0.0024007126  -0.0029163239
        0.0066610507   0.0033638286   0.1092269392  -0.1133460357   0.0020281322
       -0.0190462909   0.0285495205  -0.0002438562   0.0077335184  -0.0164294636
        0.0005724853   0.0001938390  -0.0005923740   0.0003465859   0.0005266472
       -0.0006999807  -0.0018137461   0.0008134546   0.0006372074
        0.0034277078   0.0957498814  -0.2256384403   0.0044276365   0.0061475265
       -0.0106126886  -0.0072138137  -0.1133460357   0.2612553278  -0.0009436255
        0.0014846036  -0.0000150988  -0.0021424391   0.0102709728  -0.0263531550
       -0.0000734319  -0.0000539707   0.0015694938  -0.0005124980  -0.0003766142
        0.0001640326   0.0030304639   0.0001236364  -0.0003694714
       -0.0896733250   0.0940753513   0.0080303751  -0.0192746865   0.0267450748
        0.0038740314   0.0001905224   0.0020281322  -0.0009436255   0.1068431008
       -0.1104999900  -0.0116500693   0.0063109662  -0.0125066154  -0.0016972400
        0.0019677446  -0.0002318280   0.0000884347  -0.0074255345  -0.0000805008
        0.0027176542   0.0010612120   0.0004703760  -0.0004195606
        0.0932237549  -0.2272474313  -0.0181101464   0.0019625702   0.0018263788
       -0.0006987207   0.0084691027  -0.0190462909   0.0014846036  -0.1104999900
        0.2624785525   0.0211035801   0.0076124511  -0.0211581523  -0.0041424356
        0.0000883614   0.0012483020   0.0009788845  -0.0003541575   0.0012345334
       -0.0003358212  -0.0005020927   0.0006641078  -0.0002799442
        0.0083984268  -0.0188165658  -0.0473000814   0.0051227943  -0.0068861835
       -0.0002692065  -0.0133043814   0.0285495205  -0.0000150988  -0.0116500693
        0.0211035801   0.0511811605   0.0093370872  -0.0235079787  -0.0038644134
       -0.0001256192   0.0003459856   0.0000412475   0.0021622623  -0.0000964582
        0.0001736376   0.0000594993  -0.0006919001   0.0000527544
       -0.0827481015  -0.0515513911  -0.0678392077  -0.0196621264  -0.0177704376
       -0.0192609443  -0.0000829731  -0.0002438562  -0.0021424391   0.0063109662
        0.0076124511   0.0093370872   0.1003363868   0.0634306460   0.0798173837
       -0.0060675844  -0.0021272824   0.0000521733   0.0008367116   0.0004297743
       -0.0001286292   0.0010767209   0.0002200958   0.0001645761
       -0.0494149336  -0.1083109453  -0.0805204173  -0.0058837069  -0.0035161213
       -0.0040963791   0.0063485694   0.0077335184   0.0102709728  -0.0125066154
       -0.0211581523  -0.0235079787   0.0634306460   0.1246802841   0.0969714995
       -0.0026448434  -0.0000195547   0.0001677951   0.0004679287   0.0007035866
        0.0003925004   0.0002029551  -0.0001126157   0.0003220072
       -0.0641907829  -0.0793523729  -0.1462202132   0.0010225380   0.0023468070
        0.0042091140  -0.0142051145  -0.0164294636  -0.0263531550  -0.0016972400
       -0.0041424356  -0.0038644134   0.0798173837   0.0969714995   0.1701031202
       -0.0008384599  -0.0001206502   0.0009745393  -0.0001781283   0.0005788813
        0.0002838444   0.0002698041   0.0001477344   0.0008671637
       -0.0152799990  -0.0150339735  -0.0164297342  -0.0474282488  -0.0240083676
       -0.0310394965   0.0015006600   0.0005724853  -0.0000734319   0.0019677446
        0.0000883614  -0.0001256192  -0.0060675844  -0.0026448434  -0.0008384599
        0.0626845697   0.0490730403   0.0595572449   0.0046719975  -0.0059207135
       -0.0002922982  -0.0020491396  -0.0021259889  -0.0107582050
       -0.0113285626  -0.0056968911  -0.0064345145  -0.0246499753  -0.0586971651
       -0.0368260490   0.0010740389   0.0001938390  -0.0000539707  -0.0002318280
        0.0012483020   0.0003459856  -0.0021272824  -0.0000195547  -0.0001206502
        0.0490730403   0.0748588281   0.0697610815  -0.0110272322  -0.0170903716
       -0.0197427706  -0.0007821986   0.0052030134  -0.0069291121
       -0.0101233772  -0.0044368211  -0.0003963117  -0.0321289534  -0.0371725921
       -0.0751535973   0.0000109812  -0.0005923740   0.0015694938   0.0000884347
        0.0009788845   0.0000412475   0.0000521733   0.0001677951   0.0009745393
        0.0595572449   0.0697610815   0.1048689942  -0.0035331063  -0.0146616785
       -0.0081620965  -0.0139233973  -0.0140442953  -0.0237422693
       -0.0219389861   0.0268581113   0.0042026131  -0.0847192441   0.0810020073
        0.0072615532   0.0010990474   0.0003465859  -0.0005124980  -0.0074255345
       -0.0003541575   0.0021622623   0.0008367116   0.0004679287  -0.0001781283
        0.0046719975  -0.0110272322  -0.0035331063   0.1071181319  -0.0990994025
       -0.0087770726   0.0003578763   0.0018061589  -0.0006256235
        0.0018174099   0.0011974040   0.0002115133   0.0925852746  -0.1940655920
       -0.0026744301  -0.0004432735   0.0005266472  -0.0003766142  -0.0000805008
        0.0012345334  -0.0000964582   0.0004297743   0.0007035866   0.0005788813
       -0.0059207135  -0.0170903716  -0.0146616785  -0.0990994025   0.2278509027
        0.0119250328   0.0107114316  -0.0203571103   0.0050937536
        0.0063602773  -0.0075130657  -0.0002098836   0.0128354178  -0.0115926973
       -0.0412958008   0.0002798317  -0.0006999807   0.0001640326   0.0027176542
       -0.0003358212   0.0001736376  -0.0001286292   0.0003925004   0.0002838444
       -0.0002922982  -0.0197427706  -0.0081620965  -0.0087770726   0.0119250328
        0.0494941283  -0.0129951811   0.0275668023  -0.0004478620
       -0.0066937171  -0.0154185354   0.0278289641  -0.0401566788   0.0020133222
        0.0071537868  -0.0064463668  -0.0018137461   0.0030304639   0.0010612120
       -0.0005020927   0.0000594993   0.0010767209   0.0002029551   0.0002698041
       -0.0020491396  -0.0007821986  -0.0139233973   0.0003578763   0.0107114316
       -0.0129951811   0.0528500932   0.0055888638  -0.0114239398
       -0.0025673883  -0.0029900009   0.0064204253  -0.0018196945  -0.0897381604
        0.0824336178  -0.0015724229   0.0008134546   0.0001236364   0.0004703760
        0.0006641078  -0.0006919001   0.0002200958  -0.0001126157   0.0001477344
       -0.0021259889   0.0052030134  -0.0140442953   0.0018061589  -0.0203571103
        0.0275668023   0.0055888638   0.1065173115  -0.1019560208
        0.0049193237   0.0075583702  -0.0112698298   0.0147824397   0.0955537389
       -0.1901915598   0.0033609894   0.0006372074  -0.0003694714  -0.0004195606
       -0.0002799442   0.0000527544   0.0001645761   0.0003220072   0.0008671637
       -0.0107582050  -0.0069291121  -0.0237422693  -0.0006256235   0.0050937536
       -0.0004478620  -0.0114239398  -0.1019560208   0.2251010741
