# Atoms array:
     x           y            z                   Z     indx
   -6.296657    -3.525158     2.048291            6      0
   -6.015607    -4.021422     0.771357            6      1
   -9.368415    -5.315134     2.922480            8      2
   -7.645127    -3.560763     3.792439            1      3
   -6.863230    -5.009498     0.119362            6      4
   -5.128540    -3.674901     0.213588            1      5
   -8.011462    -5.417066     0.913182            6      6
   -6.621554    -5.478502    -1.044061            8      7
   -8.274421    -4.907347     2.192714            6      8
   -8.695077    -6.165938     0.472754            1      9
   -7.421001    -3.948724     2.787970            6     10
   -5.619465    -2.776983     2.496963            1     11
   -9.853135    -5.972586     2.385625            1     12

# Gridpoints array:
     x           y            z                   Z     indx
   -4.256657    -3.525158     2.048291            6      0
   -6.296657    -1.485158     2.048291            6      0
   -6.296657    -5.565158     2.048291            6      0
   -6.296657    -3.525158     4.088291            6      0
   -5.118863    -2.347363     3.226086            6      0
   -7.474452    -2.347363     3.226086            6      0
   -5.118863    -4.702952     3.226086            6      0
   -5.118863    -2.347363     0.870497            6      0
   -7.474452    -2.347363     0.870497            6      0
   -5.919021    -3.147522     4.017145            6      0
   -5.919021    -3.902794     4.017145            6      0
   -5.919021    -1.556305     2.425927            6      0
   -6.674293    -1.556305     2.425927            6      0
   -5.919021    -5.494011     2.425927            6      0
   -6.674293    -5.494011     2.425927            6      0
   -5.919021    -1.556305     1.670656            6      0
   -6.674293    -1.556305     1.670656            6      0
   -5.919021    -5.494011     1.670656            6      0
   -4.327804    -3.147522     2.425927            6      0
   -4.327804    -3.902794     2.425927            6      0
   -4.327804    -3.147522     1.670656            6      0
   -4.327804    -3.902794     1.670656            6      0
   -4.888198    -2.116699     2.488844            6      0
   -7.705116    -2.116699     2.488844            6      0
   -4.888198    -4.933617     2.488844            6      0
   -4.888198    -2.116699     1.607739            6      0
   -7.705116    -2.116699     1.607739            6      0
   -4.888198    -4.933617     1.607739            6      0
   -4.888198    -3.084605     3.456750            6      0
   -4.888198    -3.965711     3.456750            6      0
   -7.705116    -3.084605     0.639833            6      0
   -5.856104    -2.116699     3.456750            6      0
   -6.737210    -2.116699     3.456750            6      0
   -5.856104    -4.933617     3.456750            6      0
   -5.856104    -2.116699     0.639833            6      0
   -6.737210    -2.116699     0.639833            6      0
   -5.489451    -2.717951     3.738982            6      0
   -5.489451    -4.332364     3.738982            6      0
   -7.103864    -2.717951     0.357601            6      0
   -5.489451    -1.834467     2.855498            6      0
   -7.103864    -1.834467     2.855498            6      0
   -5.489451    -5.215849     2.855498            6      0
   -5.489451    -1.834467     1.241085            6      0
   -7.103864    -1.834467     1.241085            6      0
   -4.605967    -2.717951     2.855498            6      0
   -4.605967    -4.332364     2.855498            6      0
   -4.605967    -2.717951     1.241085            6      0
   -7.987348    -2.717951     1.241085            6      0
   -5.320785    -1.733714     2.048291            6      0
   -7.272530    -1.733714     2.048291            6      0
   -5.320785    -5.316602     2.048291            6      0
   -4.505213    -2.549285     2.048291            6      0
   -8.088102    -2.549285     2.048291            6      0
   -4.505213    -4.501031     2.048291            6      0
   -5.320785    -3.525158     3.839736            6      0
   -4.505213    -3.525158     3.024164            6      0
   -4.505213    -3.525158     1.072419            6      0
   -8.088102    -3.525158     1.072419            6      0
   -6.296657    -2.549285     3.839736            6      0
   -6.296657    -4.501031     3.839736            6      0
   -6.296657    -2.549285     0.256847            6      0
   -6.296657    -1.733714     3.024164            6      0
   -6.296657    -5.316602     3.024164            6      0
   -6.296657    -1.733714     1.072419            6      0
   -3.975607    -4.021422     0.771357            6      1
   -6.015607    -1.981422     0.771357            6      1
   -6.015607    -4.021422    -1.268643            6      1
   -4.837812    -5.199217     1.949152            6      1
   -4.837812    -2.843628    -0.406437            6      1
   -7.193401    -2.843628    -0.406437            6      1
   -4.837812    -5.199217    -0.406437            6      1
   -5.637971    -3.643786    -1.197496            6      1
   -6.393242    -3.643786    -1.197496            6      1
   -5.637971    -4.399058    -1.197496            6      1
   -5.637971    -2.052569     1.148993            6      1
   -6.393242    -2.052569     1.148993            6      1
   -5.637971    -5.990275     1.148993            6      1
   -5.637971    -2.052569     0.393721            6      1
   -6.393242    -2.052569     0.393721            6      1
   -5.637971    -5.990275     0.393721            6      1
   -4.046754    -3.643786     1.148993            6      1
   -4.046754    -4.399058     1.148993            6      1
   -4.046754    -3.643786     0.393721            6      1
   -7.984460    -3.643786     0.393721            6      1
   -4.046754    -4.399058     0.393721            6      1
   -4.607148    -2.612963     1.211910            6      1
   -7.424066    -2.612963     1.211910            6      1
   -4.607148    -5.429881     1.211910            6      1
   -4.607148    -2.612963     0.330804            6      1
   -7.424066    -2.612963     0.330804            6      1
   -4.607148    -5.429881     0.330804            6      1
   -4.607148    -3.580869     2.179816            6      1
   -4.607148    -4.461975     2.179816            6      1
   -4.607148    -3.580869    -0.637102            6      1
   -7.424066    -3.580869    -0.637102            6      1
   -4.607148    -4.461975    -0.637102            6      1
   -5.575054    -5.429881     2.179816            6      1
   -6.456159    -5.429881     2.179816            6      1
   -5.575054    -2.612963    -0.637102            6      1
   -6.456159    -2.612963    -0.637102            6      1
   -5.208400    -4.828629     2.462048            6      1
   -5.208400    -3.214216    -0.919334            6      1
   -6.822813    -3.214216    -0.919334            6      1
   -5.208400    -4.828629    -0.919334            6      1
   -5.208400    -2.330731     1.578564            6      1
   -5.208400    -5.712113     1.578564            6      1
   -5.208400    -2.330731    -0.035849            6      1
   -6.822813    -2.330731    -0.035849            6      1
   -5.208400    -5.712113    -0.035849            6      1
   -4.324916    -3.214216     1.578564            6      1
   -4.324916    -4.828629     1.578564            6      1
   -4.324916    -3.214216    -0.035849            6      1
   -7.706297    -3.214216    -0.035849            6      1
   -4.324916    -4.828629    -0.035849            6      1
   -5.039734    -2.229978     0.771357            6      1
   -6.991479    -2.229978     0.771357            6      1
   -5.039734    -5.812866     0.771357            6      1
   -4.224162    -3.045549     0.771357            6      1
   -7.807051    -3.045549     0.771357            6      1
   -4.224162    -4.997295     0.771357            6      1
   -5.039734    -4.021422    -1.020087            6      1
   -4.224162    -4.021422     1.747230            6      1
   -4.224162    -4.021422    -0.204516            6      1
   -6.015607    -3.045549    -1.020087            6      1
   -6.015607    -5.812866     1.747230            6      1
   -6.015607    -2.229978    -0.204516            6      1
  -11.192415    -5.315134     2.922480            8      2
   -9.368415    -3.491134     2.922480            8      2
   -9.368415    -7.139134     2.922480            8      2
   -9.368415    -5.315134     4.746480            8      2
  -10.421502    -4.262047     3.975567            8      2
   -8.315329    -6.368221     3.975567            8      2
  -10.421502    -6.368221     3.975567            8      2
  -10.421502    -4.262047     1.869393            8      2
  -10.421502    -6.368221     1.869393            8      2
   -9.030764    -4.977483     4.682866            8      2
   -9.706066    -4.977483     4.682866            8      2
   -9.030764    -5.652785     4.682866            8      2
   -9.706066    -5.652785     4.682866            8      2
   -9.706066    -4.977483     1.162094            8      2
   -9.706066    -5.652785     1.162094            8      2
   -9.030764    -3.554747     3.260131            8      2
   -9.706066    -3.554747     3.260131            8      2
   -9.030764    -7.075520     3.260131            8      2
   -9.706066    -7.075520     3.260131            8      2
   -9.706066    -3.554747     2.584829            8      2
   -9.030764    -7.075520     2.584829            8      2
   -9.706066    -7.075520     2.584829            8      2
  -11.128802    -4.977483     3.260131            8      2
  -11.128802    -5.652785     3.260131            8      2
  -11.128802    -4.977483     2.584829            8      2
  -11.128802    -5.652785     2.584829            8      2
  -10.627743    -4.055806     3.316386            8      2
   -8.109087    -6.574462     3.316386            8      2
  -10.627743    -6.574462     3.316386            8      2
  -10.627743    -4.055806     2.528574            8      2
   -8.109087    -6.574462     2.528574            8      2
  -10.627743    -6.574462     2.528574            8      2
   -8.109087    -4.921228     4.181808            8      2
  -10.627743    -4.921228     4.181808            8      2
   -8.109087    -5.709040     4.181808            8      2
  -10.627743    -5.709040     4.181808            8      2
  -10.627743    -4.921228     1.663152            8      2
  -10.627743    -5.709040     1.663152            8      2
   -8.974509    -4.055806     4.181808            8      2
   -9.762322    -4.055806     4.181808            8      2
   -8.974509    -6.574462     4.181808            8      2
   -9.762322    -6.574462     4.181808            8      2
   -9.762322    -4.055806     1.663152            8      2
   -8.974509    -6.574462     1.663152            8      2
   -9.762322    -6.574462     1.663152            8      2
   -8.646678    -4.593396     4.434157            8      2
  -10.090153    -4.593396     4.434157            8      2
   -8.646678    -6.036871     4.434157            8      2
  -10.090153    -6.036871     4.434157            8      2
  -10.090153    -4.593396     1.410804            8      2
  -10.090153    -6.036871     1.410804            8      2
  -10.090153    -3.803457     3.644218            8      2
   -8.646678    -6.826810     3.644218            8      2
  -10.090153    -6.826810     3.644218            8      2
  -10.090153    -3.803457     2.200743            8      2
   -8.646678    -6.826810     2.200743            8      2
  -10.090153    -6.826810     2.200743            8      2
  -10.880092    -4.593396     3.644218            8      2
   -7.856739    -6.036871     3.644218            8      2
  -10.880092    -6.036871     3.644218            8      2
  -10.880092    -4.593396     2.200743            8      2
  -10.880092    -6.036871     2.200743            8      2
  -10.240961    -3.713372     2.922480            8      2
   -8.495870    -6.916896     2.922480            8      2
  -10.240961    -6.916896     2.922480            8      2
  -10.970177    -4.442589     2.922480            8      2
  -10.970177    -6.187679     2.922480            8      2
   -8.495870    -5.315134     4.524242            8      2
  -10.240961    -5.315134     4.524242            8      2
  -10.240961    -5.315134     1.320718            8      2
   -7.766654    -5.315134     3.795025            8      2
  -10.970177    -5.315134     3.795025            8      2
  -10.970177    -5.315134     2.049935            8      2
   -9.368415    -4.442589     4.524242            8      2
   -9.368415    -6.187679     4.524242            8      2
   -9.368415    -3.713372     3.795025            8      2
   -9.368415    -6.916896     3.795025            8      2
   -9.368415    -3.713372     2.049935            8      2
   -9.368415    -6.916896     2.049935            8      2
   -8.965127    -3.560763     3.792439            1      3
   -7.645127    -2.240763     3.792439            1      3
   -7.645127    -3.560763     5.112439            1      3
   -6.883025    -2.798660     4.554542            1      3
   -8.407230    -2.798660     4.554542            1      3
   -6.883025    -4.322865     4.554542            1      3
   -8.407230    -4.322865     4.554542            1      3
   -7.400775    -3.316410     5.066403            1      3
   -7.889480    -3.316410     5.066403            1      3
   -7.400775    -3.805115     5.066403            1      3
   -7.889480    -3.805115     5.066403            1      3
   -7.400775    -2.286799     4.036792            1      3
   -7.889480    -2.286799     4.036792            1      3
   -7.400775    -2.286799     3.548087            1      3
   -7.889480    -2.286799     3.548087            1      3
   -6.371164    -3.316410     4.036792            1      3
   -8.919091    -3.316410     4.036792            1      3
   -8.919091    -3.805115     4.036792            1      3
   -8.919091    -3.316410     3.548087            1      3
   -6.733772    -2.649407     4.077503            1      3
   -8.556483    -2.649407     4.077503            1      3
   -8.556483    -2.649407     3.507376            1      3
   -6.733772    -3.275699     4.703795            1      3
   -8.556483    -3.275699     4.703795            1      3
   -6.733772    -3.845826     4.703795            1      3
   -8.556483    -3.845826     4.703795            1      3
   -7.360064    -2.649407     4.703795            1      3
   -7.930191    -2.649407     4.703795            1      3
   -7.360064    -4.472119     4.703795            1      3
   -7.930191    -4.472119     4.703795            1      3
   -7.122817    -3.038453     4.886416            1      3
   -8.167438    -3.038453     4.886416            1      3
   -7.122817    -4.083073     4.886416            1      3
   -8.167438    -4.083073     4.886416            1      3
   -7.122817    -2.466786     4.314749            1      3
   -8.167438    -2.466786     4.314749            1      3
   -7.122817    -4.654739     4.314749            1      3
   -8.167438    -4.654739     4.314749            1      3
   -8.167438    -2.466786     3.270129            1      3
   -6.551151    -3.038453     4.314749            1      3
   -8.739104    -3.038453     4.314749            1      3
   -6.551151    -4.083073     4.314749            1      3
   -8.739104    -4.083073     4.314749            1      3
   -7.013680    -2.401593     3.792439            1      3
   -8.276575    -2.401593     3.792439            1      3
   -8.804297    -2.929316     3.792439            1      3
   -7.013680    -3.560763     4.951609            1      3
   -8.276575    -3.560763     4.951609            1      3
   -6.485958    -3.560763     4.423886            1      3
   -8.804297    -3.560763     4.423886            1      3
   -7.645127    -2.929316     4.951609            1      3
   -7.645127    -4.192210     4.951609            1      3
   -7.645127    -2.401593     4.423886            1      3
   -7.645127    -4.719933     4.423886            1      3
   -6.863230    -7.049498     0.119362            6      4
   -5.685435    -6.187293     1.297157            6      4
   -5.685435    -3.831704    -1.058432            6      4
   -8.041024    -3.831704    -1.058432            6      4
   -8.041024    -6.187293    -1.058432            6      4
   -6.485594    -5.387134     2.088215            6      4
   -6.485594    -6.978351     0.496998            6      4
   -7.240866    -6.978351     0.496998            6      4
   -7.240866    -3.040645    -0.258274            6      4
   -6.485594    -6.978351    -0.258274            6      4
   -7.240866    -6.978351    -0.258274            6      4
   -4.894377    -5.387134     0.496998            6      4
   -8.832083    -4.631862    -0.258274            6      4
   -4.894377    -5.387134    -0.258274            6      4
   -8.271689    -3.601039     0.559915            6      4
   -5.454771    -6.417957     0.559915            6      4
   -8.271689    -3.601039    -0.321191            6      4
   -5.454771    -6.417957    -0.321191            6      4
   -5.454771    -5.450051     1.527821            6      4
   -5.454771    -4.568945    -1.289097            6      4
   -8.271689    -4.568945    -1.289097            6      4
   -8.271689    -5.450051    -1.289097            6      4
   -6.422677    -6.417957     1.527821            6      4
   -6.422677    -3.601039    -1.289097            6      4
   -7.303783    -3.601039    -1.289097            6      4
   -6.056023    -5.816705     1.810053            6      4
   -6.056023    -4.202292    -1.571329            6      4
   -7.670436    -4.202292    -1.571329            6      4
   -7.670436    -3.318807     0.926569            6      4
   -6.056023    -6.700189     0.926569            6      4
   -6.056023    -3.318807    -0.687844            6      4
   -7.670436    -3.318807    -0.687844            6      4
   -6.056023    -6.700189    -0.687844            6      4
   -7.670436    -6.700189    -0.687844            6      4
   -5.172539    -5.816705     0.926569            6      4
   -5.172539    -4.202292    -0.687844            6      4
   -8.553920    -4.202292    -0.687844            6      4
   -5.172539    -5.816705    -0.687844            6      4
   -8.553920    -5.816705    -0.687844            6      4
   -7.839102    -3.218054     0.119362            6      4
   -5.887357    -6.800942     0.119362            6      4
   -7.839102    -6.800942     0.119362            6      4
   -8.654674    -4.033625     0.119362            6      4
   -5.071785    -5.985371     0.119362            6      4
   -7.839102    -5.009498    -1.672082            6      4
   -5.071785    -5.009498    -0.856511            6      4
   -8.654674    -5.009498    -0.856511            6      4
   -6.863230    -5.985371     1.910806            6      4
   -6.863230    -4.033625    -1.672082            6      4
   -6.863230    -6.800942     1.095235            6      4
   -6.863230    -3.218054    -0.856511            6      4
   -6.863230    -6.800942    -0.856511            6      4
   -3.808540    -3.674901     0.213588            1      5
   -5.128540    -2.354901     0.213588            1      5
   -5.128540    -3.674901    -1.106412            1      5
   -4.366438    -2.912799     0.975691            1      5
   -4.366438    -4.437004     0.975691            1      5
   -4.366438    -2.912799    -0.548514            1      5
   -5.890643    -2.912799    -0.548514            1      5
   -4.366438    -4.437004    -0.548514            1      5
   -4.884188    -3.430549    -1.060375            1      5
   -5.372893    -3.430549    -1.060375            1      5
   -4.884188    -3.919254    -1.060375            1      5
   -5.372893    -3.919254    -1.060375            1      5
   -4.884188    -2.400938     0.457941            1      5
   -5.372893    -2.400938     0.457941            1      5
   -4.884188    -2.400938    -0.030764            1      5
   -5.372893    -2.400938    -0.030764            1      5
   -3.854576    -3.430549     0.457941            1      5
   -3.854576    -3.919254     0.457941            1      5
   -3.854576    -3.430549    -0.030764            1      5
   -3.854576    -3.919254    -0.030764            1      5
   -4.217184    -2.763546     0.498652            1      5
   -4.217184    -4.586257     0.498652            1      5
   -4.217184    -2.763546    -0.071475            1      5
   -4.217184    -4.586257    -0.071475            1      5
   -4.217184    -3.389838     1.124944            1      5
   -4.217184    -3.959965     1.124944            1      5
   -4.217184    -3.389838    -0.697767            1      5
   -4.217184    -3.959965    -0.697767            1      5
   -4.843477    -2.763546     1.124944            1      5
   -4.843477    -2.763546    -0.697767            1      5
   -5.413604    -2.763546    -0.697767            1      5
   -4.843477    -4.586257    -0.697767            1      5
   -4.606230    -3.152591    -0.880388            1      5
   -5.650850    -3.152591    -0.880388            1      5
   -4.606230    -4.197212    -0.880388            1      5
   -4.606230    -2.580925     0.735898            1      5
   -4.606230    -2.580925    -0.308722            1      5
   -5.650850    -2.580925    -0.308722            1      5
   -4.606230    -4.768878    -0.308722            1      5
   -4.034564    -3.152591     0.735898            1      5
   -4.034564    -4.197212     0.735898            1      5
   -4.034564    -3.152591    -0.308722            1      5
   -4.034564    -4.197212    -0.308722            1      5
   -4.497093    -2.515732     0.213588            1      5
   -4.497093    -4.834071     0.213588            1      5
   -3.969370    -3.043454     0.213588            1      5
   -3.969370    -4.306349     0.213588            1      5
   -4.497093    -3.674901    -0.945581            1      5
   -5.759987    -3.674901    -0.945581            1      5
   -3.969370    -3.674901     0.845035            1      5
   -3.969370    -3.674901    -0.417859            1      5
   -5.128540    -3.043454    -0.945581            1      5
   -5.128540    -4.306349    -0.945581            1      5
   -5.128540    -2.515732     0.845035            1      5
   -5.128540    -2.515732    -0.417859            1      5
  -10.051462    -5.417066     0.913182            6      6
   -8.011462    -3.377066     0.913182            6      6
   -8.011462    -7.457066     0.913182            6      6
   -6.833668    -6.594861     2.090977            6      6
   -9.189257    -4.239272    -0.264612            6      6
   -9.189257    -6.594861    -0.264612            6      6
   -8.389098    -5.039430    -1.055671            6      6
   -8.389098    -5.794702    -1.055671            6      6
   -8.389098    -3.448213     1.290818            6      6
   -7.633827    -7.385919     1.290818            6      6
   -8.389098    -7.385919     1.290818            6      6
   -7.633827    -3.448213     0.535546            6      6
   -8.389098    -3.448213     0.535546            6      6
   -7.633827    -7.385919     0.535546            6      6
   -8.389098    -7.385919     0.535546            6      6
   -9.980315    -5.039430     1.290818            6      6
   -6.042609    -5.794702     1.290818            6      6
   -9.980315    -5.794702     1.290818            6      6
   -9.980315    -5.039430     0.535546            6      6
   -9.980315    -5.794702     0.535546            6      6
   -9.419921    -4.008607     1.353735            6      6
   -6.603003    -6.825525     1.353735            6      6
   -9.419921    -6.825525     1.353735            6      6
   -9.419921    -4.008607     0.472629            6      6
   -6.603003    -6.825525     0.472629            6      6
   -9.419921    -6.825525     0.472629            6      6
   -6.603003    -5.857619     2.321641            6      6
   -9.419921    -4.976513    -0.495277            6      6
   -9.419921    -5.857619    -0.495277            6      6
   -7.570910    -6.825525     2.321641            6      6
   -8.452015    -6.825525     2.321641            6      6
   -8.452015    -4.008607    -0.495277            6      6
   -7.570910    -6.825525    -0.495277            6      6
   -8.452015    -6.825525    -0.495277            6      6
   -7.204256    -6.224273     2.603873            6      6
   -8.818669    -4.609860    -0.777509            6      6
   -8.818669    -6.224273    -0.777509            6      6
   -7.204256    -7.107757     1.720389            6      6
   -8.818669    -7.107757     1.720389            6      6
   -8.818669    -3.726375     0.105976            6      6
   -7.204256    -7.107757     0.105976            6      6
   -8.818669    -7.107757     0.105976            6      6
   -6.320772    -6.224273     1.720389            6      6
   -9.702153    -4.609860     0.105976            6      6
   -9.702153    -6.224273     0.105976            6      6
   -8.987335    -3.625622     0.913182            6      6
   -7.035590    -7.208510     0.913182            6      6
   -8.987335    -7.208510     0.913182            6      6
   -9.802907    -4.441193     0.913182            6      6
   -6.220018    -6.392939     0.913182            6      6
   -9.802907    -6.392939     0.913182            6      6
   -8.987335    -5.417066    -0.878262            6      6
   -6.220018    -5.417066     1.889055            6      6
   -9.802907    -5.417066    -0.062691            6      6
   -8.011462    -6.392939     2.704626            6      6
   -8.011462    -4.441193    -0.878262            6      6
   -8.011462    -6.392939    -0.878262            6      6
   -8.011462    -7.208510     1.889055            6      6
   -8.011462    -3.625622    -0.062691            6      6
   -8.011462    -7.208510    -0.062691            6      6
   -4.797554    -5.478502    -1.044061            8      7
   -8.445554    -5.478502    -1.044061            8      7
   -6.621554    -3.654502    -1.044061            8      7
   -6.621554    -7.302502    -1.044061            8      7
   -6.621554    -5.478502    -2.868061            8      7
   -5.568467    -6.531589     0.009025            8      7
   -5.568467    -4.425415    -2.097148            8      7
   -7.674641    -4.425415    -2.097148            8      7
   -5.568467    -6.531589    -2.097148            8      7
   -7.674641    -6.531589    -2.097148            8      7
   -6.283903    -5.140851    -2.804448            8      7
   -6.959205    -5.140851    -2.804448            8      7
   -6.283903    -5.816153    -2.804448            8      7
   -6.959205    -5.816153    -2.804448            8      7
   -6.283903    -7.238888    -0.706411            8      7
   -6.959205    -7.238888    -0.706411            8      7
   -6.283903    -3.718116    -1.381712            8      7
   -6.959205    -3.718116    -1.381712            8      7
   -6.283903    -7.238888    -1.381712            8      7
   -6.959205    -7.238888    -1.381712            8      7
   -4.861168    -5.140851    -0.706411            8      7
   -4.861168    -5.816153    -0.706411            8      7
   -8.381940    -5.816153    -0.706411            8      7
   -4.861168    -5.140851    -1.381712            8      7
   -8.381940    -5.140851    -1.381712            8      7
   -4.861168    -5.816153    -1.381712            8      7
   -8.381940    -5.816153    -1.381712            8      7
   -5.362226    -6.737830    -0.650155            8      7
   -7.880882    -6.737830    -0.650155            8      7
   -5.362226    -4.219174    -1.437968            8      7
   -7.880882    -4.219174    -1.437968            8      7
   -5.362226    -6.737830    -1.437968            8      7
   -7.880882    -6.737830    -1.437968            8      7
   -5.362226    -5.872408     0.215267            8      7
   -5.362226    -5.084596    -2.303389            8      7
   -7.880882    -5.084596    -2.303389            8      7
   -5.362226    -5.872408    -2.303389            8      7
   -7.880882    -5.872408    -2.303389            8      7
   -6.227648    -6.737830     0.215267            8      7
   -7.015460    -6.737830     0.215267            8      7
   -6.227648    -4.219174    -2.303389            8      7
   -7.015460    -4.219174    -2.303389            8      7
   -6.227648    -6.737830    -2.303389            8      7
   -7.015460    -6.737830    -2.303389            8      7
   -5.899816    -6.200239     0.467615            8      7
   -5.899816    -4.756764    -2.555738            8      7
   -7.343292    -4.756764    -2.555738            8      7
   -5.899816    -6.200239    -2.555738            8      7
   -7.343292    -6.200239    -2.555738            8      7
   -5.899816    -6.990178    -0.322324            8      7
   -7.343292    -6.990178    -0.322324            8      7
   -5.899816    -3.966825    -1.765799            8      7
   -7.343292    -3.966825    -1.765799            8      7
   -5.899816    -6.990178    -1.765799            8      7
   -7.343292    -6.990178    -1.765799            8      7
   -5.109878    -6.200239    -0.322324            8      7
   -5.109878    -4.756764    -1.765799            8      7
   -8.133230    -4.756764    -1.765799            8      7
   -5.109878    -6.200239    -1.765799            8      7
   -8.133230    -6.200239    -1.765799            8      7
   -5.749009    -3.876740    -1.044061            8      7
   -7.494099    -3.876740    -1.044061            8      7
   -5.749009    -7.080264    -1.044061            8      7
   -7.494099    -7.080264    -1.044061            8      7
   -5.019792    -4.605957    -1.044061            8      7
   -8.223316    -4.605957    -1.044061            8      7
   -5.019792    -6.351047    -1.044061            8      7
   -8.223316    -6.351047    -1.044061            8      7
   -5.749009    -5.478502    -2.645823            8      7
   -7.494099    -5.478502    -2.645823            8      7
   -5.019792    -5.478502    -0.171516            8      7
   -5.019792    -5.478502    -1.916607            8      7
   -8.223316    -5.478502    -1.916607            8      7
   -6.621554    -4.605957    -2.645823            8      7
   -6.621554    -6.351047    -2.645823            8      7
   -6.621554    -7.080264    -0.171516            8      7
   -6.621554    -3.876740    -1.916607            8      7
   -6.621554    -7.080264    -1.916607            8      7
   -8.274421    -6.947347     2.192714            6      8
   -8.274421    -4.907347     4.232714            6      8
   -9.452215    -3.729552     3.370509            6      8
   -7.096626    -6.085141     3.370509            6      8
   -9.452215    -3.729552     1.014920            6      8
   -8.652057    -4.529711     4.161567            6      8
   -7.896785    -5.284983     4.161567            6      8
   -8.652057    -5.284983     4.161567            6      8
   -8.652057    -2.938494     2.570350            6      8
   -7.896785    -6.876200     2.570350            6      8
   -8.652057    -6.876200     2.570350            6      8
   -8.652057    -2.938494     1.815078            6      8
   -7.896785    -6.876200     1.815078            6      8
   -8.652057    -6.876200     1.815078            6      8
   -6.305568    -5.284983     2.570350            6      8
  -10.243274    -4.529711     1.815078            6      8
   -9.682880    -3.498888     2.633267            6      8
   -6.865962    -6.315806     2.633267            6      8
   -9.682880    -3.498888     1.752161            6      8
   -6.865962    -6.315806     1.752161            6      8
   -6.865962    -5.347900     3.601173            6      8
   -9.682880    -4.466794     0.784255            6      8
   -9.682880    -5.347900     0.784255            6      8
   -8.714974    -3.498888     3.601173            6      8
   -7.833868    -6.315806     3.601173            6      8
   -8.714974    -6.315806     3.601173            6      8
   -7.833868    -3.498888     0.784255            6      8
   -8.714974    -3.498888     0.784255            6      8
   -9.081627    -4.100140     3.883405            6      8
   -7.467214    -5.714553     3.883405            6      8
   -9.081627    -4.100140     0.502023            6      8
   -9.081627    -3.216656     2.999921            6      8
   -7.467214    -6.598038     2.999921            6      8
   -9.081627    -3.216656     1.385508            6      8
   -9.081627    -6.598038     1.385508            6      8
   -9.965111    -4.100140     2.999921            6      8
   -6.583730    -5.714553     2.999921            6      8
   -9.965111    -4.100140     1.385508            6      8
   -9.965111    -5.714553     1.385508            6      8
   -9.250294    -3.115903     2.192714            6      8
   -7.298548    -6.698791     2.192714            6      8
   -9.250294    -6.698791     2.192714            6      8
  -10.065865    -3.931474     2.192714            6      8
   -6.482977    -5.883220     2.192714            6      8
   -7.298548    -4.907347     3.984158            6      8
  -10.065865    -4.907347     1.216841            6      8
   -8.274421    -5.883220     3.984158            6      8
   -8.274421    -6.698791     3.168587            6      8
   -8.274421    -3.115903     1.216841            6      8
  -10.015077    -6.165938     0.472754            1      9
   -8.695077    -7.485938     0.472754            1      9
   -8.695077    -6.165938    -0.847246            1      9
   -9.457180    -6.928040     1.234857            1      9
   -9.457180    -5.403836    -0.289348            1      9
   -7.932975    -6.928040    -0.289348            1      9
   -9.457180    -6.928040    -0.289348            1      9
   -8.450725    -5.921585    -0.801210            1      9
   -8.939430    -5.921585    -0.801210            1      9
   -8.450725    -6.410291    -0.801210            1      9
   -8.939430    -6.410291    -0.801210            1      9
   -8.450725    -7.439902     0.717107            1      9
   -8.939430    -7.439902     0.717107            1      9
   -8.450725    -7.439902     0.228402            1      9
   -8.939430    -7.439902     0.228402            1      9
   -9.969041    -5.921585     0.717107            1      9
   -9.969041    -6.410291     0.717107            1      9
   -9.969041    -5.921585     0.228402            1      9
   -9.969041    -6.410291     0.228402            1      9
   -9.606433    -7.077294     0.757818            1      9
   -9.606433    -5.254582     0.187691            1      9
   -7.783721    -7.077294     0.187691            1      9
   -9.606433    -7.077294     0.187691            1      9
   -9.606433    -6.451002     1.384110            1      9
   -9.606433    -5.880874    -0.438602            1      9
   -9.606433    -6.451002    -0.438602            1      9
   -8.410014    -7.077294     1.384110            1      9
   -8.980141    -7.077294     1.384110            1      9
   -8.410014    -7.077294    -0.438602            1      9
   -8.980141    -7.077294    -0.438602            1      9
   -9.217387    -6.688248     1.566731            1      9
   -9.217387    -5.643628    -0.621222            1      9
   -8.172767    -6.688248    -0.621222            1      9
   -9.217387    -6.688248    -0.621222            1      9
   -8.172767    -7.259914     0.995064            1      9
   -9.217387    -7.259914     0.995064            1      9
   -8.172767    -7.259914    -0.049556            1      9
   -9.217387    -7.259914    -0.049556            1      9
   -9.789054    -5.643628     0.995064            1      9
   -9.789054    -6.688248     0.995064            1      9
   -9.789054    -5.643628    -0.049556            1      9
   -9.789054    -6.688248    -0.049556            1      9
   -8.063630    -7.325108     0.472754            1      9
   -9.326524    -7.325108     0.472754            1      9
   -9.854247    -5.534491     0.472754            1      9
   -9.854247    -6.797385     0.472754            1      9
   -9.326524    -6.165938    -0.686416            1      9
   -9.854247    -6.165938     1.104201            1      9
   -9.854247    -6.165938    -0.158693            1      9
   -8.695077    -5.534491    -0.686416            1      9
   -8.695077    -6.797385    -0.686416            1      9
   -8.695077    -7.325108     1.104201            1      9
   -8.695077    -7.325108    -0.158693            1      9
   -7.421001    -1.908724     2.787970            6     10
   -7.421001    -3.948724     4.827970            6     10
   -6.243206    -2.770929     3.965765            6     10
   -8.598795    -2.770929     3.965765            6     10
   -6.243206    -5.126518     3.965765            6     10
   -8.598795    -2.770929     1.610176            6     10
   -7.043365    -3.571088     4.756823            6     10
   -7.798637    -3.571088     4.756823            6     10
   -7.043365    -4.326360     4.756823            6     10
   -7.798637    -4.326360     4.756823            6     10
   -7.798637    -3.571088     0.819117            6     10
   -7.043365    -1.979871     3.165606            6     10
   -7.798637    -1.979871     3.165606            6     10
   -7.043365    -5.917577     3.165606            6     10
   -7.043365    -1.979871     2.410334            6     10
   -7.798637    -1.979871     2.410334            6     10
   -9.389854    -3.571088     3.165606            6     10
   -5.452148    -4.326360     3.165606            6     10
   -9.389854    -3.571088     2.410334            6     10
   -8.829460    -2.540265     3.228523            6     10
   -6.012542    -5.357183     3.228523            6     10
   -8.829460    -2.540265     2.347417            6     10
   -6.012542    -5.357183     2.347417            6     10
   -6.012542    -3.508171     4.196429            6     10
   -8.829460    -3.508171     4.196429            6     10
   -6.012542    -4.389277     4.196429            6     10
   -8.829460    -4.389277     4.196429            6     10
   -8.829460    -3.508171     1.379511            6     10
   -6.980448    -2.540265     4.196429            6     10
   -7.861554    -2.540265     4.196429            6     10
   -6.980448    -5.357183     4.196429            6     10
   -7.861554    -5.357183     4.196429            6     10
   -7.861554    -2.540265     1.379511            6     10
   -6.613794    -3.141517     4.478661            6     10
   -8.228207    -3.141517     4.478661            6     10
   -6.613794    -4.755930     4.478661            6     10
   -8.228207    -4.755930     4.478661            6     10
   -8.228207    -3.141517     1.097279            6     10
   -6.613794    -2.258033     3.595177            6     10
   -8.228207    -2.258033     3.595177            6     10
   -6.613794    -5.639415     3.595177            6     10
   -8.228207    -2.258033     1.980764            6     10
   -6.613794    -5.639415     1.980764            6     10
   -5.730310    -3.141517     3.595177            6     10
   -9.111692    -3.141517     3.595177            6     10
   -5.730310    -4.755930     3.595177            6     10
   -9.111692    -3.141517     1.980764            6     10
   -8.396874    -2.157280     2.787970            6     10
   -6.445128    -5.740168     2.787970            6     10
   -9.212445    -2.972851     2.787970            6     10
   -5.629557    -4.924597     2.787970            6     10
   -6.445128    -3.948724     4.579414            6     10
   -8.396874    -3.948724     4.579414            6     10
   -5.629557    -3.948724     3.763843            6     10
   -9.212445    -3.948724     3.763843            6     10
   -7.421001    -2.972851     4.579414            6     10
   -7.421001    -4.924597     4.579414            6     10
   -7.421001    -2.972851     0.996526            6     10
   -7.421001    -2.157280     3.763843            6     10
   -7.421001    -5.740168     3.763843            6     10
   -7.421001    -2.157280     1.812097            6     10
   -4.299465    -2.776983     2.496963            1     11
   -5.619465    -1.456983     2.496963            1     11
   -5.619465    -2.776983     3.816963            1     11
   -4.857363    -2.014881     3.259065            1     11
   -6.381567    -2.014881     3.259065            1     11
   -4.857363    -3.539086     3.259065            1     11
   -4.857363    -2.014881     1.734861            1     11
   -5.375112    -2.532631     3.770927            1     11
   -5.863818    -2.532631     3.770927            1     11
   -5.375112    -3.021336     3.770927            1     11
   -5.863818    -3.021336     3.770927            1     11
   -5.375112    -1.503020     2.741316            1     11
   -5.863818    -1.503020     2.741316            1     11
   -5.375112    -1.503020     2.252610            1     11
   -5.863818    -1.503020     2.252610            1     11
   -4.345501    -2.532631     2.741316            1     11
   -4.345501    -3.021336     2.741316            1     11
   -4.345501    -2.532631     2.252610            1     11
   -4.345501    -3.021336     2.252610            1     11
   -4.708109    -1.865628     2.782027            1     11
   -6.530821    -1.865628     2.782027            1     11
   -4.708109    -3.688339     2.782027            1     11
   -4.708109    -1.865628     2.211899            1     11
   -4.708109    -2.491920     3.408319            1     11
   -4.708109    -3.062047     3.408319            1     11
   -4.708109    -2.491920     1.585607            1     11
   -5.334401    -1.865628     3.408319            1     11
   -5.904529    -1.865628     3.408319            1     11
   -5.334401    -1.865628     1.585607            1     11
   -5.904529    -1.865628     1.585607            1     11
   -5.097155    -2.254673     3.590939            1     11
   -6.141775    -2.254673     3.590939            1     11
   -5.097155    -3.299294     3.590939            1     11
   -5.097155    -2.254673     1.402987            1     11
   -5.097155    -1.683007     3.019273            1     11
   -6.141775    -1.683007     3.019273            1     11
   -5.097155    -1.683007     1.974653            1     11
   -6.141775    -1.683007     1.974653            1     11
   -4.525489    -2.254673     3.019273            1     11
   -4.525489    -3.299294     3.019273            1     11
   -4.525489    -2.254673     1.974653            1     11
   -4.525489    -3.299294     1.974653            1     11
   -4.988018    -1.617814     2.496963            1     11
   -6.250912    -1.617814     2.496963            1     11
   -4.460295    -2.145536     2.496963            1     11
   -4.460295    -3.408431     2.496963            1     11
   -4.988018    -2.776983     3.656133            1     11
   -6.250912    -2.776983     3.656133            1     11
   -4.460295    -2.776983     3.128410            1     11
   -4.460295    -2.776983     1.865516            1     11
   -5.619465    -2.145536     3.656133            1     11
   -5.619465    -3.408431     3.656133            1     11
   -5.619465    -1.617814     3.128410            1     11
   -5.619465    -1.617814     1.865516            1     11
  -11.173135    -5.972586     2.385625            1     12
   -9.853135    -7.292586     2.385625            1     12
   -9.853135    -5.972586     1.065625            1     12
  -10.615237    -6.734688     3.147728            1     12
  -10.615237    -5.210484     1.623523            1     12
   -9.091032    -6.734688     1.623523            1     12
  -10.615237    -6.734688     1.623523            1     12
  -10.097487    -5.728233     1.111662            1     12
  -10.097487    -6.216939     1.111662            1     12
   -9.608782    -7.246550     2.629978            1     12
  -10.097487    -7.246550     2.629978            1     12
   -9.608782    -7.246550     2.141273            1     12
  -10.097487    -7.246550     2.141273            1     12
  -11.127098    -5.728233     2.629978            1     12
  -11.127098    -6.216939     2.629978            1     12
  -11.127098    -5.728233     2.141273            1     12
  -11.127098    -6.216939     2.141273            1     12
   -8.941779    -6.883942     2.670689            1     12
  -10.764491    -6.883942     2.670689            1     12
  -10.764491    -5.061230     2.100562            1     12
   -8.941779    -6.883942     2.100562            1     12
  -10.764491    -6.883942     2.100562            1     12
  -10.764491    -5.687522     3.296981            1     12
  -10.764491    -6.257650     3.296981            1     12
  -10.764491    -5.687522     1.474270            1     12
  -10.764491    -6.257650     1.474270            1     12
   -9.568071    -6.883942     3.296981            1     12
  -10.138198    -6.883942     3.296981            1     12
  -10.138198    -5.061230     1.474270            1     12
   -9.568071    -6.883942     1.474270            1     12
  -10.138198    -6.883942     1.474270            1     12
  -10.375445    -6.494896     3.479602            1     12
  -10.375445    -5.450276     1.291649            1     12
  -10.375445    -6.494896     1.291649            1     12
   -9.330825    -7.066562     2.907935            1     12
  -10.375445    -7.066562     2.907935            1     12
  -10.375445    -4.878610     1.863315            1     12
   -9.330825    -7.066562     1.863315            1     12
  -10.375445    -7.066562     1.863315            1     12
  -10.947111    -5.450276     2.907935            1     12
  -10.947111    -6.494896     2.907935            1     12
  -10.947111    -5.450276     1.863315            1     12
  -10.947111    -6.494896     1.863315            1     12
   -9.221688    -7.131756     2.385625            1     12
  -10.484582    -7.131756     2.385625            1     12
  -11.012304    -5.341139     2.385625            1     12
  -11.012304    -6.604033     2.385625            1     12
  -10.484582    -5.972586     1.226456            1     12
  -11.012304    -5.972586     3.017072            1     12
  -11.012304    -5.972586     1.754178            1     12
   -9.853135    -6.604033     3.544795            1     12
   -9.853135    -5.341139     1.226456            1     12
   -9.853135    -6.604033     1.226456            1     12
   -9.853135    -7.131756     3.017072            1     12
   -9.853135    -7.131756     1.754178            1     12
