$hessian                                                                        
        0.3386731533  -0.0644737572   0.0501893381  -0.0629363034  -0.0016764670
       -0.0100082863  -0.1088179878  -0.0280599179   0.0451014957  -0.1492695965
        0.1151770690  -0.0493878544  -0.0453586564  -0.0386462295  -0.0210916922
        0.0114997616   0.0132533296  -0.0197281635   0.0162096292   0.0044259730
        0.0049251627
       -0.0644737572   0.5241907892   0.0257291838  -0.0016795853  -0.0552538075
       -0.0011322859  -0.0276343447  -0.0358055674   0.0143646794   0.1153550576
       -0.1565296550   0.0416091248  -0.0389964261  -0.2482842172  -0.0792819126
        0.0138769227  -0.0154140650   0.0444160012   0.0035521330  -0.0129034771
       -0.0457047907
        0.0501893381   0.0257291838   0.3482344717  -0.0070252446  -0.0000486304
       -0.0945757154   0.0391376175   0.0127675576  -0.0397646246  -0.0479133420
        0.0409483205  -0.0556674654  -0.0206394727  -0.0783437780  -0.0682139070
       -0.0154090369   0.0311501552  -0.0412568441   0.0016601406  -0.0322028087
       -0.0487559152
       -0.0629363034  -0.0016795853  -0.0070252446   0.2544664593  -0.1868340775
        0.0185327150  -0.0076806473  -0.0039574383   0.0240655369  -0.0027211877
        0.0015173925  -0.0169417253   0.0006744905   0.0006809069  -0.0042660848
       -0.1039224763   0.1172721086  -0.0556265240  -0.0778803351   0.0730006931
        0.0412613268
       -0.0016764670  -0.0552538075  -0.0000486304  -0.1868340775   0.8729841410
        0.0291708992  -0.0031832840  -0.0003935680   0.0079433518   0.0055752046
       -0.0020767188   0.0172900869  -0.0041942036  -0.0031326370  -0.0238415093
        0.1210459424  -0.4099893259   0.1634692020   0.0692668851  -0.4021380839
       -0.1939834002
       -0.0100082863  -0.0011322859  -0.0945757154   0.0185327150   0.0291708992
        0.4314550955   0.0087715652   0.0032986999  -0.0091184307  -0.0014012703
        0.0022285920  -0.0021254469  -0.0005032666  -0.0027562178  -0.0043374459
       -0.0525401013   0.1511120583  -0.1438228078   0.0371486444  -0.1819217457
       -0.1774752487
       -0.1088179878  -0.0276343447   0.0391376175  -0.0076806473  -0.0031832840
        0.0087715652   0.1588036024   0.0458554270  -0.0615219150  -0.0288266130
       -0.0064538674   0.0107597501  -0.0164408850  -0.0095889667   0.0058097260
        0.0016464392  -0.0005811899  -0.0015019977   0.0013160916   0.0015862256
       -0.0014547460
       -0.0280599179  -0.0358055674   0.0127675576  -0.0039574383  -0.0003935680
        0.0032986999   0.0458554270   0.0365644844  -0.0202085333   0.0087531127
        0.0061945555  -0.0047990770  -0.0239890159  -0.0070841172   0.0097782035
        0.0011702623  -0.0000362888  -0.0001229693   0.0002275702   0.0005605015
       -0.0007138814
        0.0451014957   0.0143646794  -0.0397646246   0.0240655369   0.0079433518
       -0.0091184307  -0.0615219150  -0.0202085333   0.0452288767   0.0014320683
       -0.0011872587   0.0025180031  -0.0012447290   0.0010699542   0.0033207763
       -0.0045270473   0.0009114311  -0.0011782505  -0.0033054096  -0.0028936245
       -0.0010063503
       -0.1492695965   0.1153550576  -0.0479133420  -0.0027211877   0.0055752046
       -0.0014012703  -0.0288266130   0.0087531127   0.0014320683   0.1768827671
       -0.1282572963   0.0488294864   0.0038984479  -0.0014317655   0.0007008388
       -0.0004020534   0.0011708007  -0.0027700989   0.0004382356  -0.0011651138
        0.0011223176
        0.1151770690  -0.1565296550   0.0409483205   0.0015173925  -0.0020767188
        0.0022285920  -0.0064538674   0.0061945555  -0.0011872587  -0.1282572963
        0.1731810399  -0.0508037384   0.0183207434  -0.0213549413   0.0074557671
        0.0001865575   0.0003159084   0.0020873930  -0.0004905987   0.0002698113
       -0.0007290756
       -0.0493878544   0.0416091248  -0.0556674654  -0.0169417253   0.0172900869
       -0.0021254469   0.0107597501  -0.0047990770   0.0025180031   0.0488294864
       -0.0508037384   0.0614628536   0.0065702420  -0.0080933597   0.0032088897
       -0.0016351290   0.0050195906  -0.0113655076   0.0018052302  -0.0002226273
        0.0019686736
       -0.0453586564  -0.0389964261  -0.0206394727   0.0006744905  -0.0041942036
       -0.0005032666  -0.0164408850  -0.0239890159  -0.0012447290   0.0038984479
        0.0183207434   0.0065702420   0.0571914020   0.0494258042   0.0168004836
       -0.0003789200   0.0006070882   0.0006727486   0.0004141209  -0.0011739901
       -0.0016560060
       -0.0386462295  -0.2482842172  -0.0783437780   0.0006809069  -0.0031326370
       -0.0027562178  -0.0095889667  -0.0070841172   0.0010699542  -0.0014317655
       -0.0213549413  -0.0080933597   0.0494258042   0.2787774843   0.0891459724
       -0.0001004760   0.0009730891   0.0010719222  -0.0003392734   0.0001053393
       -0.0020944933
       -0.0210916922  -0.0792819126  -0.0682139070  -0.0042660848  -0.0238415093
       -0.0043374459   0.0058097260   0.0097782035   0.0033207763   0.0007008388
        0.0074557671   0.0032088897   0.0168004836   0.0891459724   0.0760229277
        0.0013708218   0.0009325728   0.0022892914   0.0006759068  -0.0041890938
       -0.0122905322
        0.0114997616   0.0138769227  -0.0154090369  -0.1039224763   0.1210459424
       -0.0525401013   0.0016464392   0.0011702623  -0.0045270473  -0.0004020534
        0.0001865575  -0.0016351290  -0.0003789200  -0.0001004760   0.0013708218
        0.0787480019  -0.1667236143   0.0745495639   0.0128092470   0.0305444055
       -0.0018090711
        0.0132533296  -0.0154140650   0.0311501552   0.1172721086  -0.4099893259
        0.1511120583  -0.0005811899  -0.0000362888   0.0009114311   0.0011708007
        0.0003159084   0.0050195906   0.0006070882   0.0009730891   0.0009325728
       -0.1667236143   0.5207668755  -0.1941115203   0.0350014770  -0.0966161932
        0.0049857124
       -0.0197281635   0.0444160012  -0.0412568441  -0.0556265240   0.1634692020
       -0.1438228078  -0.0015019977  -0.0001229693  -0.0011782505  -0.0027700989
        0.0020873930  -0.0113655076   0.0006727486   0.0010719222   0.0022892914
        0.0745495639  -0.1941115203   0.1749762057   0.0044044715  -0.0168100289
        0.0203579129
        0.0162096292   0.0035521330   0.0016601406  -0.0778803351   0.0692668851
        0.0371486444   0.0013160916   0.0002275702  -0.0033054096   0.0004382356
       -0.0004905987   0.0018052302   0.0004141209  -0.0003392734   0.0006759068
        0.0128092470   0.0350014770   0.0044044715   0.0466930107  -0.1072181933
       -0.0423889839
        0.0044259730  -0.0129034771  -0.0322028087   0.0730006931  -0.4021380839
       -0.1819217457   0.0015862256   0.0005605015  -0.0028936245  -0.0011651138
        0.0002698113  -0.0002226273  -0.0011739901   0.0001053393  -0.0041890938
        0.0305444055  -0.0966161932  -0.0168100289  -0.1072181933   0.5107221022
        0.2382399288
        0.0049251627  -0.0457047907  -0.0487559152   0.0412613268  -0.1939834002
       -0.1774752487  -0.0014547460  -0.0007138814  -0.0010063503   0.0011223176
       -0.0007290756   0.0019686736  -0.0016560060  -0.0020944933  -0.0122905322
       -0.0018090711   0.0049857124   0.0203579129  -0.0423889839   0.2382399288
        0.2172014599
