$hessian                                                                        
        0.5972043409   0.1602393699   0.1805837766  -0.0709701416   0.0208459012
       -0.0338048353  -0.0266124093   0.0036148720  -0.0242584234   0.0210666443
        0.0060906588   0.0187331833  -0.0439927884  -0.0171964898  -0.0146456013
       -0.0979910591  -0.0637440472   0.0424589922   0.0112221208   0.0125532106
       -0.0051045294  -0.3778911526  -0.0934154937  -0.1634382125   0.0049948301
       -0.0112546515   0.0152022190   0.0003777143  -0.0045269310  -0.0040141386
       -0.0320173784  -0.0096048742  -0.0165984048   0.0012244482  -0.0034976025
       -0.0044973198   0.0070459934  -0.0073915843   0.0147178441   0.0063388372
        0.0072876617  -0.0053345502
        0.1602393699   0.3710292900  -0.1136463520   0.0013231895  -0.1144961864
        0.0648209321   0.0248135055   0.0174648911  -0.0027735395   0.0059337023
       -0.0194889913   0.0170726151  -0.0383774704  -0.0051036412  -0.0299056229
       -0.0442714065  -0.1485838836   0.0670390646   0.0025923712   0.0030786733
       -0.0014363382  -0.0934067301  -0.0878400440  -0.0368801595   0.0040233587
       -0.0119481665   0.0202320101  -0.0055519622   0.0051250931   0.0025907728
       -0.0093907146  -0.0031074957  -0.0037763620  -0.0025190769   0.0062297613
        0.0038970899   0.0024585798  -0.0022305018   0.0047192980  -0.0078667162
       -0.0101287983   0.0080465914
        0.1805837766  -0.1136463520   0.4430410994  -0.0110398603   0.0813357204
       -0.1636641505  -0.0490072392  -0.0206674588  -0.0201725625   0.0185881771
        0.0170934325  -0.0134125339   0.0101132848  -0.0119993070   0.0197610190
        0.0196262616   0.0505559558  -0.1025564494   0.0064155046   0.0069127388
       -0.0026424774  -0.1634071894  -0.0368936350  -0.1463371967  -0.0025525587
        0.0073150883  -0.0082497748  -0.0028662599   0.0034465405   0.0049114057
       -0.0163653066  -0.0038178121  -0.0090204715  -0.0056937277   0.0030420736
        0.0029741700   0.0030791384  -0.0036278483   0.0068496728   0.0125259989
        0.0209508632  -0.0114817502
       -0.0709701416   0.0013231895  -0.0110398603   0.6015609114   0.2157137572
        0.1748935587  -0.3233358770  -0.0708818496  -0.1604306856  -0.0482689137
       -0.0443839782   0.0099833192  -0.0113254385   0.0057704824  -0.0151391698
        0.0211945724   0.0025169819   0.0104133187  -0.0048151041  -0.0045608055
        0.0013442079  -0.0409272497   0.0091523092  -0.0569198434  -0.1244826454
       -0.1110661321   0.0507953730  -0.0097356690  -0.0024293451  -0.0079740182
        0.0136530354  -0.0001881506   0.0074310879  -0.0002759729   0.0006678642
       -0.0001705040  -0.0016300350   0.0026303748  -0.0036457346  -0.0006414725
       -0.0042646982   0.0004589505
        0.0208459012  -0.1144961864   0.0813357204   0.2157137572   0.3865683511
       -0.1544884161  -0.1044070510  -0.0862894190  -0.0304319844  -0.0222140067
       -0.0096634455  -0.0063470106   0.0012880864   0.0002211264  -0.0008722347
       -0.0031867871  -0.0165150546   0.0230834580   0.0004520236   0.0015984440
       -0.0016606156   0.0008536117   0.0153349516  -0.0006070491  -0.1106200683
       -0.1759509242   0.0749729006   0.0109402678   0.0047858138   0.0074192901
       -0.0085672703  -0.0027600988   0.0020505104   0.0004621195  -0.0000988283
       -0.0007394461   0.0023501734  -0.0014317318   0.0025202336  -0.0039107575
       -0.0013029984   0.0037646434
       -0.0338048353   0.0648209321  -0.1636641505   0.1748935587  -0.1544884161
        0.4251228913  -0.1210742428  -0.0019319368  -0.1370421023  -0.0159210583
       -0.0252098928   0.0169365130  -0.0098746484   0.0029910263  -0.0132914545
        0.0170993084   0.0279953386  -0.0126808160  -0.0045088813  -0.0059472887
        0.0029822963  -0.0472632673   0.0062719240  -0.0328526997   0.0501686009
        0.0745820997  -0.0756950520  -0.0237135785  -0.0039605372  -0.0122615859
        0.0171170890   0.0092087007   0.0091041193   0.0001151311  -0.0005430000
       -0.0003293593  -0.0032692701   0.0027376282  -0.0070231788   0.0000360938
        0.0034734220   0.0006945793
       -0.0266124093   0.0248135055  -0.0490072392  -0.3233358770  -0.1044070510
       -0.1210742428   0.5791986111   0.1708834961   0.1961274887  -0.1088031199
       -0.0725534676   0.0307610103   0.0163028897  -0.0057278261   0.0196308654
       -0.0175548598  -0.0092528785  -0.0028532864   0.0017616448   0.0016120572
       -0.0064745798   0.0125712104   0.0012934922   0.0053194141  -0.0181243737
       -0.0064064896  -0.0069481196  -0.0650624045   0.0360578871  -0.0675454138
       -0.0516643321  -0.0267237991  -0.0060892737   0.0006905187   0.0000288729
       -0.0030393418   0.0009107102  -0.0090900426   0.0107306682  -0.0002782087
       -0.0005277565   0.0004620505
        0.0036148720   0.0174648911  -0.0206674588  -0.0708818496  -0.0862894190
       -0.0019319368   0.1708834961   0.3904609117  -0.1787938615  -0.0902684667
       -0.1738406058   0.0730935409   0.0038914545  -0.0231117073   0.0315834984
       -0.0137494794  -0.0078694557  -0.0041832721   0.0024872440   0.0093407087
       -0.0004905849   0.0082092193   0.0012834827   0.0105358137  -0.0202328516
       -0.0079014309  -0.0092976795   0.0362895709  -0.0974763907   0.1034225719
       -0.0323809070  -0.0178276122  -0.0159811107  -0.0003984266   0.0007800771
        0.0037469704   0.0027903975  -0.0049330765   0.0091388565  -0.0002542735
       -0.0000803731  -0.0001753474
       -0.0242584234  -0.0027735395  -0.0201725625  -0.1604306856  -0.0304319844
       -0.1370421023   0.1961274887  -0.1787938615   0.4879232776   0.0514813152
        0.0881008453  -0.1046212362   0.0083923111   0.0234896996  -0.0192822436
        0.0024172457  -0.0003119187   0.0010098473  -0.0074808030  -0.0012438634
        0.0021643010  -0.0026849777   0.0047550423  -0.0033519650   0.0092859013
        0.0024528051   0.0038118633  -0.0677133000   0.1032707785  -0.2131768258
        0.0005651444  -0.0110930004   0.0056063321  -0.0025659094   0.0040877063
       -0.0027535221  -0.0032414187  -0.0010817220  -0.0006635543   0.0001061116
       -0.0004269873   0.0005483905
        0.0210666443   0.0059337023   0.0185881771  -0.0482689137  -0.0222140067
       -0.0159210583  -0.1088031199  -0.0902684667   0.0514813152   0.4985836222
        0.1699971565   0.1352553102  -0.0686426408   0.0245471717  -0.0485688433
       -0.0292794278   0.0014378080  -0.0274754136  -0.0485402094  -0.0440965082
       -0.0004754224  -0.0170339030  -0.0048575374  -0.0094789062  -0.0017778398
       -0.0044073566  -0.0046519452   0.0055549152   0.0047594503  -0.0025841146
       -0.1822515213  -0.0376639406  -0.0614472221   0.0049775818  -0.0088605420
        0.0128618780  -0.0236467764   0.0095587257  -0.0421485113  -0.0019384113
       -0.0038656563  -0.0054352435
        0.0060906588  -0.0194889913   0.0170934325  -0.0443839782  -0.0096634455
       -0.0252098928  -0.0725534676  -0.1738406058   0.0881008453   0.1699971565
        0.4161848761  -0.2164005431   0.0068696735  -0.1208598646   0.0944433847
        0.0235276946   0.0149759022   0.0037203958  -0.0504349656  -0.0235675383
       -0.0008847911  -0.0049297566   0.0005913593  -0.0037529059  -0.0034531570
        0.0050272544   0.0026509631  -0.0075219780  -0.0116518647   0.0097743990
       -0.0375584070  -0.0791850079  -0.0087563973   0.0033262053  -0.0123667499
        0.0198139339   0.0158351191   0.0090178182   0.0176937869  -0.0048107979
        0.0048268578   0.0017133890
        0.0187331833   0.0170726151  -0.0134125339   0.0099833192  -0.0063470106
        0.0169365130   0.0307610103   0.0730935409  -0.1046212362   0.1352553102
       -0.2164005431   0.4767898821  -0.0278379457   0.1094109930  -0.1978074512
       -0.0534393453  -0.0151435934  -0.0266373288   0.0069355892   0.0045218007
        0.0131073662  -0.0095391768  -0.0037283328  -0.0027327057  -0.0057646755
        0.0017982553   0.0027724741   0.0116835728   0.0201234216  -0.0114742976
       -0.0613887809  -0.0087393344  -0.1015682982  -0.0014907913   0.0094809439
       -0.0101736054  -0.0495826248   0.0122891357  -0.0443256234  -0.0043086447
        0.0025681082   0.0031468449
       -0.0439927884  -0.0383774704   0.0101132848  -0.0113254385   0.0012880864
       -0.0098746484   0.0163028897   0.0038914545   0.0083923111  -0.0686426408
        0.0068696735  -0.0278379457   0.5917224828   0.2014462820   0.1708190017
       -0.3229782325  -0.0700770097  -0.1609814132   0.0030578097   0.0078798297
       -0.0073906860   0.0091355997  -0.0000959217   0.0040753464   0.0000865637
        0.0006171213  -0.0005763809  -0.0009150371  -0.0042298200   0.0005835110
       -0.0348433027   0.0078764669  -0.0323661789  -0.1258161983  -0.1104145859
        0.0523797416  -0.0015263738  -0.0053414088  -0.0011004904  -0.0102653336
       -0.0013326977  -0.0062354531
       -0.0171964898  -0.0051036412  -0.0119993070   0.0057704824   0.0002211264
        0.0029910263  -0.0057278261  -0.0231117073   0.0234896996   0.0245471717
       -0.1208598646   0.1094109930   0.2014462820   0.4054270699  -0.1721324883
       -0.1037015942  -0.0858420204  -0.0302755001  -0.0040706090  -0.0021443153
        0.0001072535  -0.0069460019  -0.0030361305   0.0029699039   0.0003069648
        0.0003726072  -0.0002466539  -0.0038205594  -0.0013519683   0.0032421328
        0.0136369962   0.0040192096  -0.0021903713  -0.1105683937  -0.1759669592
        0.0710523310  -0.0061980700   0.0051064896  -0.0030250357   0.0125216471
        0.0022701042   0.0066060161
       -0.0146456013  -0.0299056229   0.0197610190  -0.0151391698  -0.0008722347
       -0.0132914545   0.0196308654   0.0315834984  -0.0192822436  -0.0485688433
        0.0944433847  -0.1978074512   0.1708190017  -0.1721324883   0.4602318867
       -0.1217382619  -0.0017340856  -0.1377901549   0.0066081134   0.0102889826
       -0.0055621700   0.0121306294   0.0087371896   0.0044536459  -0.0002482716
        0.0000170324  -0.0002754399   0.0001034323   0.0029021435   0.0009406685
       -0.0390501500  -0.0071442455  -0.0327894117   0.0526470158   0.0711864921
       -0.0740229945  -0.0001201120  -0.0022205729   0.0096180756  -0.0224286481
       -0.0051494734  -0.0141839754
       -0.0979910591  -0.0442714065   0.0196262616   0.0211945724  -0.0031867871
        0.0170993084  -0.0175548598  -0.0137494794   0.0024172457  -0.0292794278
        0.0235276946  -0.0534393453  -0.3229782325  -0.1037015942  -0.1217382619
        0.5794073674   0.1622160446   0.2182614657  -0.0045600654  -0.0047447356
        0.0025067480  -0.0615069282  -0.0487709904  -0.0064898863   0.0008468644
       -0.0003166743  -0.0029070976  -0.0004573583   0.0000081346   0.0004574052
        0.0189482127   0.0043389712   0.0067000185  -0.0175905077  -0.0079337868
       -0.0081782231  -0.0035565100   0.0034200238  -0.0069650775  -0.0649220682
        0.0331645855  -0.0673505612
       -0.0637440472  -0.1485838836   0.0505559558   0.0025169819  -0.0165150546
        0.0279953386  -0.0092528785  -0.0078694557  -0.0003119187   0.0014378080
        0.0149759022  -0.0151435934  -0.0700770097  -0.0858420204  -0.0017340856
        0.1622160446   0.3557697690  -0.1662798973  -0.0044278777  -0.0052371097
        0.0011701820  -0.0404966946  -0.0109797079  -0.0046130183  -0.0006815486
        0.0005828852   0.0042493131   0.0002562540  -0.0003238514  -0.0006343299
        0.0125732183   0.0041680323   0.0119988151  -0.0213921939  -0.0053654683
       -0.0081061212  -0.0015658361   0.0032250663  -0.0052813802   0.0326377797
       -0.0980051035   0.1061347401
        0.0424589922   0.0670390646  -0.1025564494   0.0104133187   0.0230834580
       -0.0126808160  -0.0028532864  -0.0041832721   0.0010098473  -0.0274754136
        0.0037203958  -0.0266373288  -0.1609814132  -0.0302755001  -0.1377901549
        0.2182614657  -0.1662798973   0.4778371906   0.0021808701   0.0009703256
       -0.0002734384  -0.0161420421  -0.0114983327   0.0141009527  -0.0025104103
        0.0045587490  -0.0027009672   0.0002008957  -0.0008306864   0.0000827892
       -0.0031468521   0.0048577023  -0.0031827470   0.0074834806   0.0032905928
        0.0057308090  -0.0010724071  -0.0010090096   0.0001412330  -0.0668171983
        0.1065564101  -0.2130809200
        0.0112221208   0.0025923712   0.0064155046  -0.0048151041   0.0004520236
       -0.0045088813   0.0017616448   0.0024872440  -0.0074808030  -0.0485402094
       -0.0504349656   0.0069355892   0.0030578097  -0.0040706090   0.0066081134
       -0.0045600654  -0.0044278777   0.0021808701   0.2220093630   0.2025640620
       -0.0670377364  -0.0090996712  -0.0025733139  -0.0048449923  -0.0014185950
       -0.0002287982   0.0002306230   0.0001203544   0.0001599500   0.0001469856
       -0.1859085791  -0.1495630147   0.0670701582  -0.0015469382   0.0002061328
       -0.0017182044   0.0178465104   0.0026512336  -0.0036131927  -0.0001286408
        0.0001855618  -0.0003840341
        0.0125532106   0.0030786733   0.0069127388  -0.0045608055   0.0015984440
       -0.0059472887   0.0016120572   0.0093407087  -0.0012438634  -0.0440965082
       -0.0235675383   0.0045218007   0.0078798297  -0.0021443153   0.0102889826
       -0.0047447356  -0.0052371097   0.0009703256   0.2025640620   0.2996485761
       -0.1517836684  -0.0100468870  -0.0025381475  -0.0052092823  -0.0003304398
       -0.0011439813  -0.0005492005   0.0005388008   0.0000500447   0.0001233287
       -0.1363563861  -0.2473340708   0.1036788840  -0.0000505461   0.0016059227
       -0.0015473284  -0.0246979494  -0.0335579925   0.0401591321  -0.0002637025
        0.0002007859  -0.0003745608
       -0.0051045294  -0.0014363382  -0.0026424774   0.0013442079  -0.0016606156
        0.0029822963  -0.0064745798  -0.0004905849   0.0021643010  -0.0004754224
       -0.0008847911   0.0131073662  -0.0073906860   0.0001072535  -0.0055621700
        0.0025067480   0.0011701820  -0.0002734384  -0.0670377364  -0.1517836684
        0.1438557202   0.0037848516   0.0010406344   0.0022230802   0.0003312880
       -0.0004628475  -0.0004985284  -0.0002985759  -0.0002019761  -0.0002058872
        0.0517040103   0.0925541013  -0.1242643179  -0.0014575935  -0.0014006180
        0.0006473644   0.0284187061   0.0634742487  -0.0316910837   0.0001493115
       -0.0000249802   0.0001577748
       -0.3778911526  -0.0934067301  -0.1634071894  -0.0409272497   0.0008536117
       -0.0472632673   0.0125712104   0.0082092193  -0.0026849777  -0.0170339030
       -0.0049297566  -0.0095391768   0.0091355997  -0.0069460019   0.0121306294
       -0.0615069282  -0.0404966946  -0.0161420421  -0.0090996712  -0.0100468870
        0.0037848516   0.4693325896   0.1307768086   0.2210131574   0.0003061417
        0.0013909522   0.0004983083  -0.0022819528   0.0003070335  -0.0009061808
        0.0253905034   0.0079439055   0.0138442098  -0.0029428026  -0.0005738365
       -0.0004021184  -0.0056426541   0.0056516657  -0.0117256092   0.0005902694
        0.0012667101   0.0007994052
       -0.0934154937  -0.0878400440  -0.0368936350   0.0091523092   0.0153349516
        0.0062719240   0.0012934922   0.0012834827   0.0047550423  -0.0048575374
        0.0005913593  -0.0037283328  -0.0000959217  -0.0030361305   0.0087371896
       -0.0487709904  -0.0109797079  -0.0114983327  -0.0025733139  -0.0025381475
        0.0010406344   0.1307768086   0.0842904547   0.0377674583   0.0005694885
        0.0007908019  -0.0027387347   0.0010085436  -0.0006668654  -0.0003639166
        0.0077751297   0.0012539322   0.0032731359  -0.0012018027  -0.0014926317
       -0.0012813101  -0.0016915969   0.0018821456  -0.0033714004   0.0020308847
        0.0011263990  -0.0019697222
       -0.1634382125  -0.0368801595  -0.1463371967  -0.0569198434  -0.0006070491
       -0.0328526997   0.0053194141   0.0105358137  -0.0033519650  -0.0094789062
       -0.0037529059  -0.0027327057   0.0040753464   0.0029699039   0.0044536459
       -0.0064898863  -0.0046130183   0.0141009527  -0.0048449923  -0.0052092823
        0.0022230802   0.2210131574   0.0377674583   0.1638642583   0.0014272656
       -0.0020638688   0.0017143052  -0.0016348716  -0.0009730920  -0.0020334796
        0.0136822792   0.0032849658   0.0062083177   0.0004222891  -0.0006852433
       -0.0005251150  -0.0029854816   0.0028537434  -0.0056735363  -0.0001475580
       -0.0026272658   0.0009421380
        0.0049948301   0.0040233587  -0.0025525587  -0.1244826454  -0.1106200683
        0.0501686009  -0.0181243737  -0.0202328516   0.0092859013  -0.0017778398
       -0.0034531570  -0.0057646755   0.0000865637   0.0003069648  -0.0002482716
        0.0008468644  -0.0006815486  -0.0025104103  -0.0014185950  -0.0003304398
        0.0003312880   0.0003061417   0.0005694885   0.0014272656   0.1392334987
        0.1296451987  -0.0527831871  -0.0002898719   0.0012239517   0.0018663231
        0.0010055558  -0.0015289769   0.0009642821  -0.0002692744   0.0003428004
        0.0002472328  -0.0001432245   0.0002405548  -0.0004220252   0.0000323703
        0.0004947244  -0.0000097655
       -0.0112546515  -0.0119481665   0.0073150883  -0.1110661321  -0.1759509242
        0.0745820997  -0.0064064896  -0.0079014309   0.0024528051  -0.0044073566
        0.0050272544   0.0017982553   0.0006171213   0.0003726072   0.0000170324
       -0.0003166743   0.0005828852   0.0045587490  -0.0002287982  -0.0011439813
       -0.0004628475   0.0013909522   0.0007908019  -0.0020638688   0.1296451987
        0.1920765699  -0.0876557644   0.0020533436  -0.0012345196  -0.0016887257
        0.0002224261   0.0007512210   0.0016784629   0.0003055290  -0.0004680013
       -0.0004419042  -0.0002182406   0.0002189543  -0.0003691637  -0.0003362282
       -0.0011732700   0.0002797816
        0.0152022190   0.0202320101  -0.0082497748   0.0507953730   0.0749729006
       -0.0756950520  -0.0069481196  -0.0092976795   0.0038118633  -0.0046519452
        0.0026509631   0.0027724741  -0.0005763809  -0.0002466539  -0.0002754399
       -0.0029070976   0.0042493131  -0.0027009672   0.0002306230  -0.0005492005
       -0.0004985284   0.0004983083  -0.0027387347   0.0017143052  -0.0527831871
       -0.0876557644   0.0802057250   0.0008681706  -0.0024008384  -0.0006144268
       -0.0011125229   0.0002396594   0.0007669997   0.0003081775  -0.0004228047
       -0.0003528783   0.0001024192   0.0000237809   0.0001368755   0.0009739627
        0.0009430489  -0.0010211752
        0.0003777143  -0.0055519622  -0.0028662599  -0.0097356690   0.0109402678
       -0.0237135785  -0.0650624045   0.0362895709  -0.0677133000   0.0055549152
       -0.0075219780   0.0116835728  -0.0009150371  -0.0038205594   0.0001034323
       -0.0004573583   0.0002562540   0.0002008957   0.0001203544   0.0005388008
       -0.0002985759  -0.0022819528   0.0010085436  -0.0016348716  -0.0002898719
        0.0020533436   0.0008681706   0.0737096556  -0.0334615340   0.0816367907
        0.0007382198   0.0001868971   0.0020641912   0.0003245327  -0.0007342810
        0.0005865050  -0.0018068903  -0.0005438337  -0.0011650720  -0.0002762081
        0.0003604704   0.0002480996
       -0.0045269310   0.0051250931   0.0034465405  -0.0024293451   0.0047858138
       -0.0039605372   0.0360578871  -0.0974763907   0.1032707785   0.0047594503
       -0.0116518647   0.0201234216  -0.0042298200  -0.0013519683   0.0029021435
        0.0000081346  -0.0003238514  -0.0008306864   0.0001599500   0.0000500447
       -0.0002019761   0.0003070335  -0.0006668654  -0.0009730920   0.0012239517
       -0.0012345196  -0.0024008384  -0.0334615340   0.1039232381  -0.1220805968
        0.0025037206  -0.0014006257   0.0015032640   0.0000979091  -0.0004688555
        0.0014078987  -0.0007869155   0.0011439001  -0.0017809700   0.0003165085
       -0.0004531485  -0.0004253499
       -0.0040141386   0.0025907728   0.0049114057  -0.0079740182   0.0074192901
       -0.0122615859  -0.0675454138   0.1034225719  -0.2131768258  -0.0025841146
        0.0097743990  -0.0114742976   0.0005835110   0.0032421328   0.0009406685
        0.0004574052  -0.0006343299   0.0000827892   0.0001469856   0.0001233287
       -0.0002058872  -0.0009061808  -0.0003639166  -0.0020334796   0.0018663231
       -0.0016887257  -0.0006144268   0.0816367907  -0.1220805968   0.2353824486
       -0.0006739239  -0.0004615375  -0.0020065506  -0.0004003834   0.0006695525
       -0.0004824078  -0.0008848410  -0.0016061039   0.0012873035   0.0002919987
       -0.0004068373  -0.0003491542
       -0.0320173784  -0.0093907146  -0.0163653066   0.0136530354  -0.0085672703
        0.0171170890  -0.0516643321  -0.0323809070   0.0005651444  -0.1822515213
       -0.0375584070  -0.0613887809  -0.0348433027   0.0136369962  -0.0390501500
        0.0189482127   0.0125732183  -0.0031468521  -0.1859085791  -0.1363563861
        0.0517040103   0.0253905034   0.0077751297   0.0136822792   0.0010055558
        0.0002224261  -0.0011125229   0.0007382198   0.0025037206  -0.0006739239
        0.5372844304   0.1599285991   0.1147089412   0.0001533806  -0.0011597640
        0.0031498177  -0.1115732318   0.0300188248  -0.0799077531   0.0010850072
       -0.0012454658   0.0007180079
       -0.0096048742  -0.0031074957  -0.0038178121  -0.0001881506  -0.0027600988
        0.0092087007  -0.0267237991  -0.0178276122  -0.0110930004  -0.0376639406
       -0.0791850079  -0.0087393344   0.0078764669   0.0040192096  -0.0071442455
        0.0043389712   0.0041680323   0.0048577023  -0.1495630147  -0.2473340708
        0.0925541013   0.0079439055   0.0012539322   0.0032849658  -0.0015289769
        0.0007512210   0.0002396594   0.0001868971  -0.0014006257  -0.0004615375
        0.1599285991   0.4931892639  -0.2250221915   0.0012086939  -0.0022063391
        0.0011803718   0.0432544309  -0.1503668792   0.1432358261   0.0005347915
        0.0008064704   0.0017167940
       -0.0165984048  -0.0037763620  -0.0090204715   0.0074310879   0.0020505104
        0.0091041193  -0.0060892737  -0.0159811107   0.0056063321  -0.0614472221
       -0.0087563973  -0.1015682982  -0.0323661789  -0.0021903713  -0.0327894117
        0.0067000185   0.0119988151  -0.0031827470   0.0670701582   0.1036788840
       -0.1242643179   0.0138442098   0.0032731359   0.0062083177   0.0009642821
        0.0016784629   0.0007669997   0.0020641912   0.0015032640  -0.0020065506
        0.1147089412  -0.2250221915   0.5478063889   0.0004135902  -0.0007805797
       -0.0006767273  -0.0953729926   0.1320510924  -0.2965424953  -0.0013224068
        0.0002728479   0.0005588617
        0.0012244482  -0.0025190769  -0.0056937277  -0.0002759729   0.0004621195
        0.0001151311   0.0006905187  -0.0003984266  -0.0025659094   0.0049775818
        0.0033262053  -0.0014907913  -0.1258161983  -0.1105683937   0.0526470158
       -0.0175905077  -0.0213921939   0.0074834806  -0.0015469382  -0.0000505461
       -0.0014575935  -0.0029428026  -0.0012018027   0.0004222891  -0.0002692744
        0.0003055290   0.0003081775   0.0003245327   0.0000979091  -0.0004003834
        0.0001533806   0.0012086939   0.0004135902   0.1413765866   0.1297608499
       -0.0521177266  -0.0000455028  -0.0003059893   0.0005301659  -0.0002598517
        0.0012751223   0.0018062817
       -0.0034976025   0.0062297613   0.0030420736   0.0006678642  -0.0000988283
       -0.0005430000   0.0000288729   0.0007800771   0.0040877063  -0.0088605420
       -0.0123667499   0.0094809439  -0.1104145859  -0.1759669592   0.0711864921
       -0.0079337868  -0.0053654683   0.0032905928   0.0002061328   0.0016059227
       -0.0014006180  -0.0005738365  -0.0014926317  -0.0006852433   0.0003428004
       -0.0004680013  -0.0004228047  -0.0007342810  -0.0004688555   0.0006695525
       -0.0011597640  -0.0022063391  -0.0007805797   0.1297608499   0.1912285788
       -0.0862699877   0.0000565724  -0.0001758486   0.0000248762   0.0021113060
       -0.0012346579  -0.0016800040
       -0.0044973198   0.0038970899   0.0029741700  -0.0001705040  -0.0007394461
       -0.0003293593  -0.0030393418   0.0037469704  -0.0027535221   0.0128618780
        0.0198139339  -0.0101736054   0.0523797416   0.0710523310  -0.0740229945
       -0.0081782231  -0.0081061212   0.0057308090  -0.0017182044  -0.0015473284
        0.0006473644  -0.0004021184  -0.0012813101  -0.0005251150   0.0002472328
       -0.0004419042  -0.0003528783   0.0005865050   0.0014078987  -0.0004824078
        0.0031498177   0.0011803718  -0.0006767273  -0.0521177266  -0.0862699877
        0.0804285841   0.0000857044  -0.0003083211   0.0001824809   0.0008125585
       -0.0024041770  -0.0006467987
        0.0070459934   0.0024585798   0.0030791384  -0.0016300350   0.0023501734
       -0.0032692701   0.0009107102   0.0027903975  -0.0032414187  -0.0236467764
        0.0158351191  -0.0495826248  -0.0015263738  -0.0061980700  -0.0001201120
       -0.0035565100  -0.0015658361  -0.0010724071   0.0178465104  -0.0246979494
        0.0284187061  -0.0056426541  -0.0016915969  -0.0029854816  -0.0001432245
       -0.0002182406   0.0001024192  -0.0018068903  -0.0007869155  -0.0008848410
       -0.1115732318   0.0432544309  -0.0953729926  -0.0000455028   0.0000565724
        0.0000857044   0.1248321120  -0.0320699227   0.1251669359  -0.0010641274
        0.0004832580  -0.0003237560
       -0.0073915843  -0.0022305018  -0.0036278483   0.0026303748  -0.0014317318
        0.0027376282  -0.0090900426  -0.0049330765  -0.0010817220   0.0095587257
        0.0090178182   0.0122891357  -0.0053414088   0.0051064896  -0.0022205729
        0.0034200238   0.0032250663  -0.0010090096   0.0026512336  -0.0335579925
        0.0634742487   0.0056516657   0.0018821456   0.0028537434   0.0002405548
        0.0002189543   0.0000237809  -0.0005438337   0.0011439001  -0.0016061039
        0.0300188248  -0.1503668792   0.1320510924  -0.0003059893  -0.0001758486
       -0.0003083211  -0.0320699227   0.1727595589  -0.2033075447   0.0005713782
       -0.0006579026  -0.0002685068
        0.0147178441   0.0047192980   0.0068496728  -0.0036457346   0.0025202336
       -0.0070231788   0.0107306682   0.0091388565  -0.0006635543  -0.0421485113
        0.0176937869  -0.0443256234  -0.0011004904  -0.0030250357   0.0096180756
       -0.0069650775  -0.0052813802   0.0001412330  -0.0036131927   0.0401591321
       -0.0316910837  -0.0117256092  -0.0033714004  -0.0056735363  -0.0004220252
       -0.0003691637   0.0001368755  -0.0011650720  -0.0017809700   0.0012873035
       -0.0799077531   0.1432358261  -0.2965424953   0.0005301659   0.0000248762
        0.0001824809   0.1251669359  -0.2033075447   0.3690294530  -0.0004521481
       -0.0003565147  -0.0013256224
        0.0063388372  -0.0078667162   0.0125259989  -0.0006414725  -0.0039107575
        0.0000360938  -0.0002782087  -0.0002542735   0.0001061116  -0.0019384113
       -0.0048107979  -0.0043086447  -0.0102653336   0.0125216471  -0.0224286481
       -0.0649220682   0.0326377797  -0.0668171983  -0.0001286408  -0.0002637025
        0.0001493115   0.0005902694   0.0020308847  -0.0001475580   0.0000323703
       -0.0003362282   0.0009739627  -0.0002762081   0.0003165085   0.0002919987
        0.0010850072   0.0005347915  -0.0013224068  -0.0002598517   0.0021113060
        0.0008125585  -0.0010641274   0.0005713782  -0.0004521481   0.0717278383
       -0.0332818199   0.0805805682
        0.0072876617  -0.0101287983   0.0209508632  -0.0042646982  -0.0013029984
        0.0034734220  -0.0005277565  -0.0000803731  -0.0004269873  -0.0038656563
        0.0048268578   0.0025681082  -0.0013326977   0.0022701042  -0.0051494734
        0.0331645855  -0.0980051035   0.1065564101   0.0001855618   0.0002007859
       -0.0000249802   0.0012667101   0.0011263990  -0.0026272658   0.0004947244
       -0.0011732700   0.0009430489   0.0003604704  -0.0004531485  -0.0004068373
       -0.0012454658   0.0008064704   0.0002728479   0.0012751223  -0.0012346579
       -0.0024041770   0.0004832580  -0.0006579026  -0.0003565147  -0.0332818199
        0.1038056351  -0.1233684643
       -0.0053345502   0.0080465914  -0.0114817502   0.0004589505   0.0037646434
        0.0006945793   0.0004620505  -0.0001753474   0.0005483905  -0.0054352435
        0.0017133890   0.0031468449  -0.0062354531   0.0066060161  -0.0141839754
       -0.0673505612   0.1061347401  -0.2130809200  -0.0003840341  -0.0003745608
        0.0001577748   0.0007994052  -0.0019697222   0.0009421380  -0.0000097655
        0.0002797816  -0.0010211752   0.0002480996  -0.0004253499  -0.0003491542
        0.0007180079   0.0017167940   0.0005588617   0.0018062817  -0.0016800040
       -0.0006467987  -0.0003237560  -0.0002685068  -0.0013256224   0.0805805682
       -0.1233684643   0.2360408069
