           1           2   1.15506559471663     
           2           3   1.63646822587982     
           3           4   1.23814261519168     
           4           5   1.23815377645769     
           1           6   1.15508799888931     
           5           6   1.63644933751779     
           1           8   1.52831946189715     
           2           9  0.968686156629592     
           3          10  0.962943393893979     
           4          11   1.16116378028321     
           7          11   1.29974621822460     
           5          12  0.962951525364743     
           7          13  0.227609242898581     
          11          13   1.29998214139509     
           6          14  0.968681584873944     
