$hessian                                                                        
        0.5679726153   0.3043057181  -0.1370526417  -0.3382261707  -0.1751385463
        0.1915202690  -0.0025337238  -0.0028434194  -0.0030012378  -0.0417640795
       -0.0008382877   0.0220637676  -0.0005300588   0.0002728806   0.0062590415
       -0.0265602622  -0.0186891273  -0.0007023304  -0.1534060616  -0.1044638358
       -0.0826269117  -0.0049522587  -0.0026053824   0.0035400435
        0.3043057181   0.3114036032   0.0169375113  -0.1776684147  -0.1332349620
        0.0968563525  -0.0041088140  -0.0025007133  -0.0015659641  -0.0010514240
       -0.0438735701  -0.0425853948  -0.0020106273   0.0006180574   0.0033108999
       -0.0174161408  -0.0122375874   0.0021956081  -0.1042678909  -0.1211516706
       -0.0735254685   0.0022175936   0.0009768429  -0.0016235444
       -0.1370526417   0.0169375113   0.6025123988   0.1800566781   0.0886602400
       -0.2004666048  -0.0082612963  -0.0050688946   0.0031245102   0.0208680297
       -0.0434152868  -0.2944246837  -0.0031295830  -0.0033089998  -0.0035650556
        0.0044409850   0.0056239629   0.0114160430  -0.0817395670  -0.0728741163
       -0.1000388964   0.0248173953   0.0134455833  -0.0185577115
       -0.3382261707  -0.1776684147   0.1800566781   0.5411389330   0.2692837275
       -0.2022302417  -0.0475689686  -0.0459146605   0.0071142457  -0.0040977479
       -0.0004644294   0.0077974463   0.0056984600  -0.0131753555  -0.0185599006
       -0.0901607836  -0.0166768620  -0.0213239075  -0.0208478769  -0.0152455302
        0.0110830162  -0.0459358454  -0.0001384753   0.0360626635
       -0.1751385463  -0.1332349620   0.0886602400   0.2692837275   0.2777368585
       -0.0237419083  -0.0422721275  -0.0072307063   0.0017691375   0.0033491171
        0.0017186804   0.0008816486  -0.0145270508   0.0013161881  -0.0290791254
       -0.0201707704  -0.0915069270  -0.0165527831  -0.0202447369  -0.0079192061
        0.0084622961  -0.0002796128  -0.0408799257  -0.0303995054
        0.1915202690   0.0968563525  -0.2004666048  -0.2022302417  -0.0237419083
        0.6188669446   0.0222599323   0.0120086578   0.0075593930   0.0250621563
        0.0131773331  -0.0214634906  -0.0237324255  -0.0326377923  -0.0488171891
       -0.0378115580  -0.0276484882  -0.0808265760  -0.0107229168  -0.0070755314
        0.0072710316   0.0356547844  -0.0309386232  -0.2821235087
       -0.0025337238  -0.0041088140  -0.0082612963  -0.0475689686  -0.0422721275
        0.0222599323   0.3508021524   0.1711096571  -0.2331402696   0.0008480849
        0.0000373880  -0.0002061408  -0.0061436955  -0.0073298881   0.0461255685
       -0.2909908773  -0.1171598893   0.1725670006  -0.0049256840  -0.0014390243
        0.0008472545   0.0005127120   0.0011626982  -0.0001920493
       -0.0028434194  -0.0025007133  -0.0050688946  -0.0459146605  -0.0072307063
        0.0120086578   0.1711096571   0.1140898685  -0.1013999476  -0.0001617290
        0.0007152575  -0.0003282328  -0.0039000566   0.0198581342   0.0079798265
       -0.1183642701  -0.1212583639   0.0847672663  -0.0012259302  -0.0035387778
        0.0012226657   0.0013004086  -0.0001346989   0.0008186587
       -0.0030012378  -0.0015659641   0.0031245102   0.0071142457   0.0017691375
        0.0075593930  -0.2331402696  -0.1013999476   0.2663408285  -0.0005539994
       -0.0006130274   0.0000798128   0.0601535492   0.0176450734  -0.0777339928
        0.1682131980   0.0816949724  -0.2024273753   0.0006492409   0.0011189850
        0.0000899164   0.0005652730   0.0013507707   0.0029669071
       -0.0417640795  -0.0010514240   0.0208680297  -0.0040977479   0.0033491171
        0.0250621563   0.0008480849  -0.0001617290  -0.0005539994   0.0432923849
        0.0068699425  -0.0323409131   0.0010597021   0.0003338584  -0.0006669426
       -0.0020817551   0.0036386933   0.0014331248   0.0017688845  -0.0049490131
       -0.0180396173   0.0009745260  -0.0080294452   0.0042381616
       -0.0008382877  -0.0438735701  -0.0434152868  -0.0004644294   0.0017186804
        0.0131773331   0.0000373880   0.0007152575  -0.0006130274   0.0068699425
        0.0382843613   0.0459195162   0.0002927378   0.0005425750  -0.0003185421
        0.0030112521  -0.0040986837   0.0021916980  -0.0007504507  -0.0011608885
       -0.0166641376  -0.0081581528   0.0078722681  -0.0002775534
        0.0220637676  -0.0425853948  -0.2944246837   0.0077974463   0.0008816486
       -0.0214634906  -0.0002061408  -0.0003282328   0.0000798128  -0.0323409131
        0.0459195162   0.3314497777  -0.0005805328  -0.0001849081   0.0012924101
       -0.0012393551   0.0003021550  -0.0013981359   0.0008258645  -0.0033741902
       -0.0146356241   0.0036798635  -0.0006305938  -0.0009000663
       -0.0005300588  -0.0020106273  -0.0031295830   0.0056984600  -0.0145270508
       -0.0237324255  -0.0061436955  -0.0039000566   0.0601535492   0.0010597021
        0.0002927378  -0.0005805328   0.0759289120   0.0216991498  -0.0646323607
       -0.0726500453   0.0004511750   0.0363012469  -0.0004866883   0.0012811474
       -0.0005674501  -0.0028765863  -0.0032864754  -0.0038124439
        0.0002728806   0.0006180574  -0.0033089998  -0.0131753555   0.0013161881
       -0.0326377923  -0.0073298881   0.0198581342   0.0176450734   0.0003338584
        0.0005425750  -0.0001849081   0.0216991498   0.0605499491   0.0966943623
        0.0010187355  -0.0783294957  -0.0741675956   0.0009828495  -0.0015899709
        0.0003044850  -0.0038022303  -0.0029654371  -0.0043446249
        0.0062590415   0.0033108999  -0.0035650556  -0.0185599006  -0.0290791254
       -0.0488171891   0.0461255685   0.0079798265  -0.0777339928  -0.0006669426
       -0.0003185421   0.0012924101  -0.0646323607   0.0966943623   0.6066090403
        0.0387633837  -0.0727186065  -0.4722666761  -0.0016442728  -0.0003545748
        0.0008364764  -0.0056445169  -0.0055142400  -0.0063550131
       -0.0265602622  -0.0174161408   0.0044409850  -0.0901607836  -0.0201707704
       -0.0378115580  -0.2909908773  -0.1183642701   0.1682131980  -0.0020817551
        0.0030112521  -0.0012393551  -0.0726500453   0.0010187355   0.0387633837
        0.4702102385   0.1538651749  -0.1812224351   0.0068104496  -0.0052135911
        0.0019573928   0.0054230353   0.0032696098   0.0068983888
       -0.0186891273  -0.0122375874   0.0056239629  -0.0166768620  -0.0915069270
       -0.0276484882  -0.1171598893  -0.1212583639   0.0816949724   0.0036386933
       -0.0040986837   0.0003021550   0.0004511750  -0.0783294957  -0.0727186065
        0.1538651749   0.2940961259   0.0142348989  -0.0042828328   0.0112895814
       -0.0022839008  -0.0011463319   0.0020453504   0.0007950063
       -0.0007023304   0.0021956081   0.0114160430  -0.0213239075  -0.0165527831
       -0.0808265760   0.1725670006   0.0847672663  -0.2024273753   0.0014331248
        0.0021916980  -0.0013981359   0.0363012469  -0.0741675956  -0.4722666761
       -0.1812224351   0.0142348989   0.7623528812   0.0063693089   0.0008249491
       -0.0017808017  -0.0134220083  -0.0134940417  -0.0150693593
       -0.1534060616  -0.1042678909  -0.0817395670  -0.0208478769  -0.0202447369
       -0.0107229168  -0.0049256840  -0.0012259302   0.0006492409   0.0017688845
       -0.0007504507   0.0008258645  -0.0004866883   0.0009828495  -0.0016442728
        0.0068104496  -0.0042828328   0.0063693089   0.1722054124   0.1267493299
        0.0872923282  -0.0011184357   0.0030396620  -0.0010299859
       -0.1044638358  -0.1211516706  -0.0728741163  -0.0152455302  -0.0079192061
       -0.0070755314  -0.0014390243  -0.0035387778   0.0011189850  -0.0049490131
       -0.0011608885  -0.0033741902   0.0012811474  -0.0015899709  -0.0003545748
       -0.0052135911   0.0112895814   0.0008249491   0.1267493299   0.1273472879
        0.0809902505   0.0032805172  -0.0032763553   0.0007442281
       -0.0826269117  -0.0735254685  -0.1000388964   0.0110830162   0.0084622961
        0.0072710316   0.0008472545   0.0012226657   0.0000899164  -0.0180396173
       -0.0166641376  -0.0146356241  -0.0005674501   0.0003044850   0.0008364764
        0.0019573928  -0.0022839008  -0.0017808017   0.0872923282   0.0809902505
        0.1073949693   0.0000539874   0.0014938095   0.0008629285
       -0.0049522587   0.0022175936   0.0248173953  -0.0459358454  -0.0002796128
        0.0356547844   0.0005127120   0.0013004086   0.0005652730   0.0009745260
       -0.0081581528   0.0036798635  -0.0028765863  -0.0038022303  -0.0056445169
        0.0054230353  -0.0011463319  -0.0134220083  -0.0011184357   0.0032805172
        0.0000539874   0.0479728527   0.0065878083  -0.0457047783
       -0.0026053824   0.0009768429   0.0134455833  -0.0001384753  -0.0408799257
       -0.0309386232   0.0011626982  -0.0001346989   0.0013507707  -0.0080294452
        0.0078722681  -0.0006305938  -0.0032864754  -0.0029654371  -0.0055142400
        0.0032696098   0.0020453504  -0.0134940417   0.0030396620  -0.0032763553
        0.0014938095   0.0065878083   0.0363619555   0.0342873350
        0.0035400435  -0.0016235444  -0.0185577115   0.0360626635  -0.0303995054
       -0.2821235087  -0.0001920493   0.0008186587   0.0029669071   0.0042381616
       -0.0002775534  -0.0009000663  -0.0038124439  -0.0043446249  -0.0063550131
        0.0068983888   0.0007950063  -0.0150693593  -0.0010299859   0.0007442281
        0.0008629285  -0.0457047783   0.0342873350   0.3191758231
