$hessian                                                                        
        0.4509104034   0.0192022821  -0.0307218706  -0.1189891452  -0.0578025491
       -0.0211550510   0.0074113142  -0.0005300152  -0.0020604569   0.0011710312
        0.0031856734   0.0024967430  -0.1055683574   0.0317448380  -0.0478625354
       -0.0295381312   0.0068485753  -0.0199033696   0.0026259930   0.0003034628
        0.0014009400   0.0007948517   0.0010426208  -0.0018530369  -0.0038062584
       -0.0025669785  -0.0026613978  -0.0814446519   0.0610432399   0.0517738209
       -0.0962275658  -0.0387825380   0.0814641080  -0.0169749380  -0.0137640010
       -0.0088756533  -0.0105658423  -0.0116594538  -0.0031038310  -0.0001694672
        0.0007381765  -0.0001022382   0.0003707638   0.0009966667   0.0011638289
        0.0192022821   0.4573781635   0.0179820721  -0.0592227963  -0.1250205911
       -0.0242924711  -0.0124414698  -0.0166143663  -0.0105632882   0.0024614396
       -0.0037270597  -0.0038498493   0.0477908457  -0.1157650667   0.0549044388
       -0.0095028625   0.0111212611  -0.0125616077  -0.0034435324   0.0016833970
       -0.0017718919  -0.0018461295   0.0009841863  -0.0017631056  -0.0038099307
       -0.0013410231  -0.0020529716   0.0616035516  -0.1344208844  -0.0710419030
       -0.0365262992  -0.0686902297   0.0524722045   0.0100762549   0.0072530962
        0.0046974223  -0.0138037967  -0.0140576217  -0.0039310313  -0.0001019736
        0.0001486932   0.0004289029  -0.0004355832   0.0010680456   0.0013430792
       -0.0307218706   0.0179820721   0.4590871628  -0.0253500070  -0.0274580861
       -0.0767953792  -0.0103501307  -0.0121246004  -0.0072180091   0.0004879317
       -0.0056950866  -0.0045481736  -0.0557898268   0.0442501805  -0.1064776513
       -0.0136578745  -0.0000655197  -0.0165524710  -0.0011650446   0.0012652046
        0.0006546651   0.0029542106  -0.0002132064   0.0033732164  -0.0023601452
       -0.0011955896  -0.0005174876   0.0521953186  -0.0743105009  -0.0971343596
        0.0807021018   0.0522277216  -0.1538995949  -0.0112455278  -0.0090382755
       -0.0058924157   0.0152783596   0.0160576357   0.0061028185  -0.0000546638
       -0.0000553055   0.0005338462  -0.0009228312  -0.0016266439  -0.0007161668
       -0.1189891452  -0.0592227963  -0.0253500070   0.4895522427   0.0141573061
        0.0268522005  -0.0838232140   0.0259171066   0.0270235211   0.0098432243
       -0.0216978908  -0.0194837848  -0.0213406315  -0.0126658110  -0.0138805899
       -0.0031095336   0.0009374265  -0.0031128189  -0.0001511630   0.0002343388
        0.0000157798   0.0001290907   0.0001996330  -0.0002804317  -0.0006321099
       -0.0006056647  -0.0004532442   0.0070486408   0.0067677098   0.0026243230
       -0.0126850859  -0.0139278546  -0.0021873667  -0.1691935572   0.0801889113
       -0.0796925173  -0.0732213259  -0.0450921460   0.0626453277  -0.0156468299
        0.0184318311   0.0132019575  -0.0077806023   0.0063779004   0.0120776510
       -0.0578025491  -0.1250205911  -0.0274580861   0.0141573061   0.4687013355
       -0.0587938068   0.0269375691  -0.0788132021  -0.0205838398  -0.0096061062
       -0.0326006877  -0.0310915196   0.0053113504   0.0110219075   0.0019045315
        0.0020732167  -0.0004522230   0.0018336343   0.0000598204   0.0001053323
        0.0001719378   0.0000829271   0.0000283013  -0.0000597223   0.0005920827
        0.0004951284   0.0003132532  -0.0144020942  -0.0196699271  -0.0102901861
       -0.0129884126  -0.0112008407  -0.0015614684   0.0786644007  -0.0927256024
        0.0511546519  -0.0456750106  -0.1102516059   0.0967237967   0.0178945554
       -0.0159347765  -0.0097724337  -0.0052990560   0.0063174515   0.0075092574
       -0.0211550510  -0.0242924711  -0.0767953792   0.0268522005  -0.0587938068
        0.4799496431   0.0268694146  -0.0191846286  -0.0868876261  -0.0089528836
       -0.0276842786  -0.0151646012  -0.0203824633  -0.0126047426  -0.0095314286
       -0.0020454827   0.0021198221  -0.0020456880   0.0000144970   0.0000949945
        0.0000957158  -0.0001182581  -0.0000266688  -0.0000408460  -0.0009144862
       -0.0005370719  -0.0002334994  -0.0106979684  -0.0159535764  -0.0068006307
        0.0139062376   0.0140514792   0.0063663461  -0.0812718112   0.0531995278
       -0.0933629595   0.0624151913   0.0944664065  -0.1756130311  -0.0044788290
        0.0061760128   0.0061818838   0.0199596925  -0.0110309981  -0.0261178990
        0.0074113142  -0.0124414698  -0.0103501307  -0.0838232140   0.0269375691
        0.0268694146   0.3501559805   0.0068389756   0.0196034230  -0.1396767664
       -0.0711435437  -0.0436988766  -0.0010883950   0.0004502192   0.0008714658
        0.0002880066   0.0006081208  -0.0002261853  -0.0002850833   0.0000452941
        0.0000146553   0.0001857534  -0.0001342359  -0.0000301196  -0.0001452197
       -0.0001422538  -0.0002056830  -0.0019123204  -0.0042605676  -0.0022372827
        0.0005131117  -0.0012582703  -0.0016166449  -0.0115122606   0.0169153810
        0.0123076792  -0.0039857437   0.0058752146   0.0097934342  -0.0734784605
        0.0321609812  -0.0223687864  -0.0426467028  -0.0004514147   0.0112736369
       -0.0005300152  -0.0166143663  -0.0121246004   0.0259171066  -0.0788132021
       -0.0191846286   0.0068389756   0.3746869459   0.0280035689  -0.0859294534
       -0.1501380834  -0.0477393335   0.0007192299  -0.0000368826  -0.0000078757
       -0.0001142987  -0.0003397042   0.0001919920  -0.0000544753   0.0001163833
       -0.0000677228  -0.0000951167   0.0000889359  -0.0002241591   0.0000436534
       -0.0000736140   0.0001397893  -0.0011719377  -0.0000638566  -0.0009361860
        0.0005937856  -0.0000446452  -0.0011304403   0.0097205288  -0.0107097271
       -0.0087549612  -0.0055812707   0.0078077784   0.0090154763   0.0481723248
       -0.0780130056   0.0332324850   0.0014709630  -0.0478529565   0.0195865961
       -0.0020604569  -0.0105632882  -0.0072180091   0.0270235211  -0.0205838398
       -0.0868876261   0.0196034230   0.0280035689   0.3608834047  -0.0592770426
       -0.0545733212  -0.1020067507   0.0003420316   0.0011899194   0.0003549808
       -0.0002018749  -0.0004630353  -0.0000915607  -0.0001925985   0.0002608202
        0.0001278531   0.0001014505   0.0000625215  -0.0001192628   0.0000563099
       -0.0000374409   0.0000354004   0.0002479888   0.0013323471   0.0009212553
        0.0011310999   0.0016666686   0.0005299551  -0.0051491673   0.0070648476
        0.0071724713   0.0112411621  -0.0121638050  -0.0178579594  -0.0166064859
        0.0218295730  -0.0572475193   0.0237406393   0.0369744640  -0.0985966326
        0.0011710312   0.0024614396   0.0004879317   0.0098432243  -0.0096061062
       -0.0089528836  -0.1396767664  -0.0859294534  -0.0592770426   0.2063045575
        0.1519841963   0.0914861822   0.0010362841  -0.0005716543  -0.0004153973
       -0.0001287508  -0.0000622688   0.0003251145   0.0001737281  -0.0001685189
       -0.0000480650  -0.0000147467   0.0000795812   0.0000587056   0.0000603286
        0.0001089228   0.0000935200   0.0000265849  -0.0005943953  -0.0005297811
        0.0002019456   0.0006648523   0.0006194305   0.0010206313  -0.0016295748
        0.0005295836  -0.0001673848   0.0005342781  -0.0012479951  -0.0483344200
       -0.0169571823  -0.0313829203  -0.0315162467  -0.0403141163   0.0082536170
        0.0031856734  -0.0037270597  -0.0056950866  -0.0216978908  -0.0326006877
       -0.0276842786  -0.0711435437  -0.1501380834  -0.0545733212   0.1519841963
        0.2048436927   0.0927423574   0.0004935548  -0.0003198455  -0.0000844690
       -0.0003164308   0.0000020451  -0.0000838413   0.0001486757  -0.0001002986
        0.0000669396   0.0000904686  -0.0000345053   0.0001076589  -0.0000339664
        0.0001312592  -0.0000535158  -0.0010573158  -0.0024110698  -0.0013972794
        0.0006748970   0.0007124708   0.0003425827  -0.0011200422   0.0021595302
        0.0023399625  -0.0001776865   0.0014581684   0.0004709737  -0.0193677002
        0.0178124398  -0.0124237728  -0.0416628895  -0.0377880563   0.0059250898
        0.0024967430  -0.0038498493  -0.0045481736  -0.0194837848  -0.0310915196
       -0.0151646012  -0.0436988766  -0.0477393335  -0.1020067507   0.0914861822
        0.0927423574   0.1086855647   0.0005286444  -0.0004971602   0.0001178333
       -0.0001601539  -0.0000448941  -0.0000046468   0.0000938629  -0.0001433968
       -0.0000166655  -0.0000371913  -0.0000592958   0.0000902229   0.0000042452
        0.0000595331   0.0000087570  -0.0010264296  -0.0020064540  -0.0009485685
        0.0001050251   0.0001207402   0.0001700323  -0.0000393685   0.0011875772
        0.0011998422  -0.0009393568   0.0017540097   0.0022663458  -0.0339181285
       -0.0115978923  -0.0133973171   0.0045885873   0.0011655779   0.0235481253
       -0.1055683574   0.0477908457  -0.0557898268  -0.0213406315   0.0053113504
       -0.0203824633  -0.0010883950   0.0007192299   0.0003420316   0.0010362841
        0.0004935548   0.0005286444   0.3122039967   0.0461374641   0.1479513601
       -0.1217699513  -0.0768078275  -0.0298041470   0.0050771096  -0.0079200120
       -0.0062892193  -0.0275753636  -0.0259067987  -0.0022539081  -0.0214484419
       -0.0124241314  -0.0121543011  -0.0242306467   0.0246155215  -0.0156166192
        0.0063488814   0.0000517373  -0.0057315339  -0.0039412248  -0.0029834131
       -0.0024020651   0.0015804836   0.0012168806   0.0014099752   0.0005587157
       -0.0006395577   0.0003200352   0.0001575413   0.0003451559  -0.0001279626
        0.0317448380  -0.1157650667   0.0442501805  -0.0126658110   0.0110219075
       -0.0126047426   0.0004502192  -0.0000368826   0.0011899194  -0.0005716543
       -0.0003198455  -0.0004971602   0.0461374641   0.3268940109  -0.0421704728
       -0.0588678209  -0.1407740422  -0.0123660694  -0.0224989424  -0.0328375122
       -0.0173731112  -0.0230839331  -0.0182118816   0.0016489850   0.0091680777
        0.0097520945   0.0038464831   0.0263717768  -0.0246062431   0.0165836959
        0.0089787601  -0.0141374702   0.0212812011  -0.0044479325  -0.0020290023
       -0.0025734673   0.0003128328   0.0006770191  -0.0000896393  -0.0010599828
        0.0002146101  -0.0008014812   0.0000321083   0.0001583044  -0.0003243210
       -0.0478625354   0.0549044388  -0.1064776513  -0.0138805899   0.0019045315
       -0.0095314286   0.0008714658  -0.0000078757   0.0003549808  -0.0004153973
       -0.0000844690   0.0001178333   0.1479513601  -0.0421704728   0.2093578239
       -0.0361756248  -0.0253966368  -0.0650605080  -0.0155131338  -0.0190901701
       -0.0072916758   0.0106015772   0.0124664042   0.0106688709  -0.0193029915
       -0.0125083587  -0.0101197674  -0.0040179703   0.0045287008   0.0087111015
       -0.0205729161   0.0263994331  -0.0316496307  -0.0017692537  -0.0012481058
       -0.0005075034   0.0009049391  -0.0002032502   0.0010469557  -0.0006365073
        0.0001291410   0.0000048731  -0.0001824220   0.0003766898   0.0003757260
       -0.0295381312  -0.0095028625  -0.0136578745  -0.0031095336   0.0020732167
       -0.0020454827   0.0002880066  -0.0001142987  -0.0002018749  -0.0001287508
       -0.0003164308  -0.0001601539  -0.1217699513  -0.0588678209  -0.0361756248
        0.4473903573  -0.0572842713   0.0002228686  -0.0850187706   0.0756412854
        0.0481384213  -0.0958472188  -0.0302408894   0.0859039488  -0.1152970577
        0.0810071305  -0.0809632471   0.0009537334  -0.0017172209  -0.0011302340
        0.0027198196  -0.0000012905   0.0012516922  -0.0006653988  -0.0010550566
       -0.0006092822   0.0000928404   0.0003627397  -0.0004607333  -0.0000623299
        0.0000514108  -0.0001436471  -0.0000076147  -0.0000356414   0.0000312234
        0.0068485753   0.0111212611  -0.0000655197   0.0009374265  -0.0004522230
        0.0021198221   0.0006081208  -0.0003397042  -0.0004630353  -0.0000622688
        0.0000020451  -0.0000448941  -0.0768078275  -0.1407740422  -0.0253966368
       -0.0572842713   0.4638167045  -0.0405114850   0.0738195854  -0.1573795918
       -0.0741281788  -0.0299576132  -0.0619637798   0.0534794295   0.0759512097
       -0.1181980144   0.0817195565   0.0028553470   0.0022649275   0.0025573070
        0.0022975233   0.0013623591   0.0011551043   0.0008273093   0.0001294680
        0.0004205511   0.0002117734   0.0004151152  -0.0005412686  -0.0002362545
        0.0000264876  -0.0001948002  -0.0000086354  -0.0000310125  -0.0001059519
       -0.0199033696  -0.0125616077  -0.0165524710  -0.0031128189   0.0018336343
       -0.0020456880  -0.0002261853   0.0001919920  -0.0000915607   0.0003251145
       -0.0000838413  -0.0000046468  -0.0298041470  -0.0123660694  -0.0650605080
        0.0002228686  -0.0405114850   0.4838843088   0.0471577272  -0.0745605530
       -0.0932995508   0.0874247782   0.0548839549  -0.1784035036  -0.0793577016
        0.0855630270  -0.1306504519   0.0013149364   0.0003559611   0.0018086210
       -0.0032324822  -0.0018769300   0.0010211670  -0.0008939140  -0.0008227599
       -0.0003956906   0.0000923394   0.0002672138  -0.0001060888   0.0000567223
       -0.0002809489   0.0000350193  -0.0000638681  -0.0000315880  -0.0001389560
        0.0026259930  -0.0034435324  -0.0011650446  -0.0001511630   0.0000598204
        0.0000144970  -0.0002850833  -0.0000544753  -0.0001925985   0.0001737281
        0.0001486757   0.0000938629   0.0050771096  -0.0224989424  -0.0155131338
       -0.0850187706   0.0738195854   0.0471577272   0.0957541598  -0.0770968195
       -0.0516177234  -0.0091491164   0.0129857836   0.0110297048  -0.0090797427
        0.0148793034   0.0083405190   0.0003766707   0.0008794198   0.0014137516
       -0.0006051614   0.0002148406   0.0002982655   0.0000670198   0.0000169159
        0.0000090531   0.0000981041   0.0000595896  -0.0000337984   0.0001004607
        0.0000246585   0.0001234106   0.0000157917   0.0000051767   0.0000415071
        0.0003034628   0.0016833970   0.0012652046   0.0002343388   0.0001053323
        0.0000949945   0.0000452941   0.0001163833   0.0002608202  -0.0001685189
       -0.0001002986  -0.0001433968  -0.0079200120  -0.0328375122  -0.0190901701
        0.0756412854  -0.1573795918  -0.0745605530  -0.0770968195   0.1977957843
        0.0972809081  -0.0017532556   0.0058212808   0.0033284842   0.0118537039
       -0.0157965218  -0.0077613921  -0.0011666242   0.0005363858  -0.0005670167
       -0.0000506889  -0.0001163361  -0.0001056416   0.0000025504   0.0001032434
       -0.0000207684   0.0001099565  -0.0000194551  -0.0000114713  -0.0000284416
        0.0000746892   0.0000710771  -0.0000062313   0.0000132194  -0.0000410787
        0.0014009400  -0.0017718919   0.0006546651   0.0000157798   0.0001719378
        0.0000957158   0.0000146553  -0.0000677228   0.0001278531  -0.0000480650
        0.0000669396  -0.0000166655  -0.0062892193  -0.0173731112  -0.0072916758
        0.0481384213  -0.0741281788  -0.0932995508  -0.0516177234   0.0972809081
        0.1089316629   0.0168294823  -0.0188287338  -0.0171021555  -0.0083475133
        0.0138356860   0.0083479170  -0.0005760846   0.0005281518   0.0000565434
        0.0003537491  -0.0000483021  -0.0003642500   0.0000021116   0.0000723287
       -0.0000215503   0.0001311144   0.0000918774  -0.0000155727  -0.0000571005
        0.0001330585  -0.0000692445   0.0000494522   0.0000370526  -0.0000336922
        0.0007948517  -0.0018461295   0.0029542106   0.0001290907   0.0000829271
       -0.0001182581   0.0001857534  -0.0000951167   0.0001014505  -0.0000147467
        0.0000904686  -0.0000371913  -0.0275753636  -0.0230839331   0.0106015772
       -0.0958472188  -0.0299576132   0.0874247782  -0.0091491164  -0.0017532556
        0.0168294823   0.1226879918   0.0497546475  -0.1038171884   0.0086026166
        0.0056724332  -0.0127671620  -0.0000808730   0.0001820131   0.0000677466
        0.0002722809   0.0005732403  -0.0011181617   0.0000303735   0.0001035077
       -0.0000142375   0.0001637440   0.0001749333  -0.0000270204  -0.0001509859
        0.0000812002   0.0000094616  -0.0000483982   0.0000206769  -0.0000894877
        0.0010426208   0.0009841863  -0.0002132064   0.0001996330   0.0000283013
       -0.0000266688  -0.0001342359   0.0000889359   0.0000625215   0.0000795812
       -0.0000345053  -0.0000592958  -0.0259067987  -0.0182118816   0.0124664042
       -0.0302408894  -0.0619637798   0.0548839549   0.0129857836   0.0058212808
       -0.0188287338   0.0497546475   0.0797030326  -0.0645011113  -0.0076799405
       -0.0065899427   0.0172013929  -0.0000678499  -0.0001915293  -0.0003109604
       -0.0001632724   0.0003778982  -0.0006779086   0.0000428770   0.0000494182
       -0.0000259461   0.0001130608   0.0000078434   0.0000194768  -0.0000131106
       -0.0000788906   0.0000827759  -0.0000121066   0.0000096326  -0.0000726950
       -0.0018530369  -0.0017631056   0.0033732164  -0.0002804317  -0.0000597223
       -0.0000408460  -0.0000301196  -0.0002241591  -0.0001192628   0.0000587056
        0.0001076589   0.0000902229  -0.0022539081   0.0016489850   0.0106688709
        0.0859039488   0.0534794295  -0.1784035036   0.0110297048   0.0033284842
       -0.0171021555  -0.1038171884  -0.0645011113   0.2006937826   0.0094024851
        0.0078725293  -0.0186215602   0.0002084388  -0.0000357806  -0.0007508069
        0.0016110353   0.0000642153   0.0002835576   0.0000598734  -0.0000296698
        0.0000106667  -0.0000543471   0.0000062042  -0.0000885215   0.0000015909
        0.0000810679  -0.0000231250   0.0000132490   0.0000249747   0.0000294647
       -0.0038062584  -0.0038099307  -0.0023601452  -0.0006321099   0.0005920827
       -0.0009144862  -0.0001452197   0.0000436534   0.0000563099   0.0000603286
       -0.0000339664   0.0000042452  -0.0214484419   0.0091680777  -0.0193029915
       -0.1152970577   0.0759512097  -0.0793577016  -0.0090797427   0.0118537039
       -0.0083475133   0.0086026166  -0.0076799405   0.0094024851   0.1416369584
       -0.0854814838   0.1005197769   0.0003897146  -0.0002930897   0.0000817563
       -0.0000121319  -0.0002043965   0.0003361119  -0.0002863094  -0.0002219380
       -0.0001472811   0.0000395054   0.0000838592   0.0000251422  -0.0000362230
        0.0000150891  -0.0000272528   0.0000143709   0.0000170700   0.0000315442
       -0.0025669785  -0.0013410231  -0.0011955896  -0.0006056647   0.0004951284
       -0.0005370719  -0.0001422538  -0.0000736140  -0.0000374409   0.0001089228
        0.0001312592   0.0000595331  -0.0124241314   0.0097520945  -0.0125083587
        0.0810071305  -0.1181980144   0.0855630270   0.0148793034  -0.0157965218
        0.0138356860   0.0056724332  -0.0065899427   0.0078725293  -0.0854814838
        0.1314266479  -0.0927170937  -0.0003431358   0.0001427624  -0.0000160109
       -0.0000091051   0.0000159155  -0.0002841121  -0.0002392992  -0.0001406116
       -0.0001491317   0.0000848361   0.0000904064   0.0000225893   0.0000262588
        0.0000426454   0.0000757868   0.0000331675   0.0000428679   0.0000156581
       -0.0026613978  -0.0020529716  -0.0005174876  -0.0004532442   0.0003132532
       -0.0002334994  -0.0002056830   0.0001397893   0.0000354004   0.0000935200
       -0.0000535158   0.0000087570  -0.0121543011   0.0038464831  -0.0101197674
       -0.0809632471   0.0817195565  -0.1306504519   0.0083405190  -0.0077613921
        0.0083479170  -0.0127671620   0.0172013929  -0.0186215602   0.1005197769
       -0.0927170937   0.1513675413   0.0001802124  -0.0002390596  -0.0000480210
        0.0001404227  -0.0002223052   0.0004890718  -0.0001318576  -0.0001389727
       -0.0000874927  -0.0000085033   0.0000027819   0.0000103152   0.0000466340
       -0.0000531754   0.0000037958   0.0000243110   0.0000152293   0.0000154819
       -0.0814446519   0.0616035516   0.0521953186   0.0070486408  -0.0144020942
       -0.0106979684  -0.0019123204  -0.0011719377   0.0002479888   0.0000265849
       -0.0010573158  -0.0010264296  -0.0242306467   0.0263717768  -0.0040179703
        0.0009537334   0.0028553470   0.0013149364   0.0003766707  -0.0011666242
       -0.0005760846  -0.0000808730  -0.0000678499   0.0002084388   0.0003897146
       -0.0003431358   0.0001802124   0.1082156567  -0.0838371844  -0.0525892361
       -0.0101841139   0.0118428413   0.0153588349   0.0005661979  -0.0005594616
       -0.0002077098   0.0001816833   0.0000923719  -0.0002225015   0.0001127982
       -0.0001867187   0.0000059843  -0.0000190746   0.0000264338  -0.0001738139
        0.0610432399  -0.1344208844  -0.0743105009   0.0067677098  -0.0196699271
       -0.0159535764  -0.0042605676  -0.0000638566   0.0013323471  -0.0005943953
       -0.0024110698  -0.0020064540   0.0246155215  -0.0246062431   0.0045287008
       -0.0017172209   0.0022649275   0.0003559611   0.0008794198   0.0005363858
        0.0005281518   0.0001820131  -0.0001915293  -0.0000357806  -0.0002930897
        0.0001427624  -0.0002390596  -0.0838371844   0.1711981966   0.0817608530
       -0.0040384952   0.0060884766   0.0036357563   0.0004268405   0.0009110412
        0.0001966093   0.0003640155  -0.0000705904   0.0001397635   0.0003078121
        0.0000613906   0.0002533447   0.0001543808   0.0002309200  -0.0001861160
        0.0517738209  -0.0710419030  -0.0971343596   0.0026243230  -0.0102901861
       -0.0068006307  -0.0022372827  -0.0009361860   0.0009212553  -0.0005297811
       -0.0013972794  -0.0009485685  -0.0156166192   0.0165836959   0.0087111015
       -0.0011302340   0.0025573070   0.0018086210   0.0014137516  -0.0005670167
        0.0000565434   0.0000677466  -0.0003109604  -0.0007508069   0.0000817563
       -0.0000160109  -0.0000480210  -0.0525892361   0.0817608530   0.1120279131
        0.0159546725  -0.0170387486  -0.0178745558  -0.0001181030  -0.0001537454
       -0.0002050974   0.0003281952   0.0004094203   0.0001174067   0.0000007651
        0.0001928751  -0.0001140844  -0.0000237752   0.0002478851   0.0002332833
       -0.0962275658  -0.0365262992   0.0807021018  -0.0126850859  -0.0129884126
        0.0139062376   0.0005131117   0.0005937856   0.0011310999   0.0002019456
        0.0006748970   0.0001050251   0.0063488814   0.0089787601  -0.0205729161
        0.0027198196   0.0022975233  -0.0032324822  -0.0006051614  -0.0000506889
        0.0003537491   0.0002722809  -0.0001632724   0.0016110353  -0.0000121319
       -0.0000091051   0.0001404227  -0.0101841139  -0.0040384952   0.0159546725
        0.1127521658   0.0440759779  -0.0879765535  -0.0000932085   0.0000756900
        0.0002124665  -0.0032595788  -0.0032881473  -0.0013472297  -0.0001492743
        0.0001646482  -0.0001620964   0.0004079155   0.0002031385  -0.0008255325
       -0.0387825380  -0.0686902297   0.0522277216  -0.0139278546  -0.0112008407
        0.0140514792  -0.0012582703  -0.0000446452   0.0016666686   0.0006648523
        0.0007124708   0.0001207402   0.0000517373  -0.0141374702   0.0263994331
       -0.0000012905   0.0013623591  -0.0018769300   0.0002148406  -0.0001163361
       -0.0000483021   0.0005732403   0.0003778982   0.0000642153  -0.0002043965
        0.0000159155  -0.0002223052   0.0118428413   0.0060884766  -0.0170387486
        0.0440759779   0.0885245218  -0.0737041414   0.0001231126   0.0000915603
        0.0000842885  -0.0037689028  -0.0030400023  -0.0009078466   0.0001742156
       -0.0000484755   0.0001304333   0.0002224348   0.0001047976  -0.0009467060
        0.0814641080   0.0524722045  -0.1538995949  -0.0021873667  -0.0015614684
        0.0063663461  -0.0016166449  -0.0011304403   0.0005299551   0.0006194305
        0.0003425827   0.0001700323  -0.0057315339   0.0212812011  -0.0316496307
        0.0012516922   0.0011551043   0.0010211670   0.0002982655  -0.0001056416
       -0.0003642500  -0.0011181617  -0.0006779086   0.0002835576   0.0003361119
       -0.0002841121   0.0004890718   0.0153588349   0.0036357563  -0.0178745558
       -0.0879765535  -0.0737041414   0.1948754719   0.0001603164  -0.0001121093
        0.0000840979  -0.0007820584  -0.0016261444  -0.0000321718   0.0000548574
        0.0001317879  -0.0001449735  -0.0001312977   0.0001833293   0.0001454770
       -0.0169749380   0.0100762549  -0.0112455278  -0.1691935572   0.0786644007
       -0.0812718112  -0.0115122606   0.0097205288  -0.0051491673   0.0010206313
       -0.0011200422  -0.0000393685  -0.0039412248  -0.0044479325  -0.0017692537
       -0.0006653988   0.0008273093  -0.0008939140   0.0000670198   0.0000025504
        0.0000021116   0.0000303735   0.0000428770   0.0000598734  -0.0002863094
       -0.0002392992  -0.0001318576   0.0005661979   0.0004268405  -0.0001181030
       -0.0000932085   0.0001231126   0.0001603164   0.1968288881  -0.0932711971
        0.0943636178   0.0072108613  -0.0038790844   0.0039909424  -0.0029222614
        0.0034205820   0.0024537096  -0.0001348132  -0.0003469010  -0.0004115681
       -0.0137640010   0.0072530962  -0.0090382755   0.0801889113  -0.0927256024
        0.0531995278   0.0169153810  -0.0107097271   0.0070648476  -0.0016295748
        0.0021595302   0.0011875772  -0.0029834131  -0.0020290023  -0.0012481058
       -0.0010550566   0.0001294680  -0.0008227599   0.0000169159   0.0001032434
        0.0000723287   0.0001035077   0.0000494182  -0.0000296698  -0.0002219380
       -0.0001406116  -0.0001389727  -0.0005594616   0.0009110412  -0.0001537454
        0.0000756900   0.0000915603  -0.0001121093  -0.0932711971   0.1084033707
       -0.0589310125   0.0135007265  -0.0104918455   0.0118080668   0.0034102620
       -0.0034130629  -0.0035832035  -0.0007267524   0.0004091236   0.0007255063
       -0.0088756533   0.0046974223  -0.0058924157  -0.0796925173   0.0511546519
       -0.0933629595   0.0123076792  -0.0087549612   0.0071724713   0.0005295836
        0.0023399625   0.0011998422  -0.0024020651  -0.0025734673  -0.0005075034
       -0.0006092822   0.0004205511  -0.0003956906   0.0000090531  -0.0000207684
       -0.0000215503  -0.0000142375  -0.0000259461   0.0000106667  -0.0001472811
       -0.0001491317  -0.0000874927  -0.0002077098   0.0001966093  -0.0002050974
        0.0002124665   0.0000842885   0.0000840979   0.0943636178  -0.0589310125
        0.1075595643  -0.0182594536   0.0155301561  -0.0152676537   0.0027077741
       -0.0035397214  -0.0014060700   0.0000780257  -0.0004286330   0.0011197911
       -0.0105658423  -0.0138037967   0.0152783596  -0.0732213259  -0.0456750106
        0.0624151913  -0.0039857437  -0.0055812707   0.0112411621  -0.0001673848
       -0.0001776865  -0.0009393568   0.0015804836   0.0003128328   0.0009049391
        0.0000928404   0.0002117734   0.0000923394   0.0000981041   0.0001099565
        0.0001311144   0.0001637440   0.0001130608  -0.0000543471   0.0000395054
        0.0000848361  -0.0000085033   0.0001816833   0.0003640155   0.0003281952
       -0.0032595788  -0.0037689028  -0.0007820584   0.0072108613   0.0135007265
       -0.0182594536   0.0844061899   0.0538956834  -0.0743847879  -0.0002050130
       -0.0006221134   0.0001952998  -0.0023685237   0.0010358957   0.0038419062
       -0.0116594538  -0.0140576217   0.0160576357  -0.0450921460  -0.1102516059
        0.0944664065   0.0058752146   0.0078077784  -0.0121638050   0.0005342781
        0.0014581684   0.0017540097   0.0012168806   0.0006770191  -0.0002032502
        0.0003627397   0.0004151152   0.0002672138   0.0000595896  -0.0000194551
        0.0000918774   0.0001749333   0.0000078434   0.0000062042   0.0000838592
        0.0000904064   0.0000027819   0.0000923719  -0.0000705904   0.0004094203
       -0.0032881473  -0.0030400023  -0.0016261444  -0.0038790844  -0.0104918455
        0.0155301561   0.0538956834   0.1277320169  -0.1104401702  -0.0004167163
        0.0009789003  -0.0004318144   0.0020399972  -0.0012361272  -0.0037205214
       -0.0031038310  -0.0039310313   0.0061028185   0.0626453277   0.0967237967
       -0.1756130311   0.0097934342   0.0090154763  -0.0178579594  -0.0012479951
        0.0004709737   0.0022663458   0.0014099752  -0.0000896393   0.0010469557
       -0.0004607333  -0.0005412686  -0.0001060888  -0.0000337984  -0.0000114713
       -0.0000155727  -0.0000270204   0.0000194768  -0.0000885215   0.0000251422
        0.0000225893   0.0000103152  -0.0002225015   0.0001397635   0.0001174067
       -0.0013472297  -0.0009078466  -0.0000321718   0.0039909424   0.0118080668
       -0.0152676537  -0.0743847879  -0.1104401702   0.2029184491  -0.0007335513
        0.0006725668   0.0007561772   0.0036966271  -0.0029512826  -0.0042374691
       -0.0001694672  -0.0001019736  -0.0000546638  -0.0156468299   0.0178945554
       -0.0044788290  -0.0734784605   0.0481723248  -0.0166064859  -0.0483344200
       -0.0193677002  -0.0339181285   0.0005587157  -0.0010599828  -0.0006365073
       -0.0000623299  -0.0002362545   0.0000567223   0.0001004607  -0.0000284416
       -0.0000571005  -0.0001509859  -0.0000131106   0.0000015909  -0.0000362230
        0.0000262588   0.0000466340   0.0001127982   0.0003078121   0.0000007651
       -0.0001492743   0.0001742156   0.0000548574  -0.0029222614   0.0034102620
        0.0027077741  -0.0002050130  -0.0004167163  -0.0007335513   0.1332934062
       -0.0486268409   0.0529588697   0.0070898844  -0.0001344084   0.0006580530
        0.0007381765   0.0001486932  -0.0000553055   0.0184318311  -0.0159347765
        0.0061760128   0.0321609812  -0.0780130056   0.0218295730  -0.0169571823
        0.0178124398  -0.0115978923  -0.0006395577   0.0002146101   0.0001291410
        0.0000514108   0.0000264876  -0.0002809489   0.0000246585   0.0000746892
        0.0001330585   0.0000812002  -0.0000788906   0.0000810679   0.0000150891
        0.0000426454  -0.0000531754  -0.0001867187   0.0000613906   0.0001928751
        0.0001646482  -0.0000484755   0.0001317879   0.0034205820  -0.0034130629
       -0.0035397214  -0.0006221134   0.0009789003   0.0006725668  -0.0486268409
        0.0944832534  -0.0312528237   0.0119438355  -0.0163548983   0.0174337843
       -0.0001022382   0.0004289029   0.0005338462   0.0132019575  -0.0097724337
        0.0061818838  -0.0223687864   0.0332324850  -0.0572475193  -0.0313829203
       -0.0124237728  -0.0133973171   0.0003200352  -0.0008014812   0.0000048731
       -0.0001436471  -0.0001948002   0.0000350193   0.0001234106   0.0000710771
       -0.0000692445   0.0000094616   0.0000827759  -0.0000231250  -0.0000272528
        0.0000757868   0.0000037958   0.0000059843   0.0002533447  -0.0001140844
       -0.0001620964   0.0001304333  -0.0001449735   0.0024537096  -0.0035832035
       -0.0014060700   0.0001952998  -0.0004318144   0.0007561772   0.0529588697
       -0.0312528237   0.0869611181  -0.0150817870   0.0241855240  -0.0220743795
        0.0003707638  -0.0004355832  -0.0009228312  -0.0077806023  -0.0052990560
        0.0199596925  -0.0426467028   0.0014709630   0.0237406393  -0.0315162467
       -0.0416628895   0.0045885873   0.0001575413   0.0000321083  -0.0001824220
       -0.0000076147  -0.0000086354  -0.0000638681   0.0000157917  -0.0000062313
        0.0000494522  -0.0000483982  -0.0000121066   0.0000132490   0.0000143709
        0.0000331675   0.0000243110  -0.0000190746   0.0001543808  -0.0000237752
        0.0004079155   0.0002224348  -0.0001312977  -0.0001348132  -0.0007267524
        0.0000780257  -0.0023685237   0.0020399972   0.0036966271   0.0070898844
        0.0119438355  -0.0150817870   0.0764657085   0.0322543672  -0.0357446029
        0.0009966667   0.0010680456  -0.0016266439   0.0063779004   0.0063174515
       -0.0110309981  -0.0004514147  -0.0478529565   0.0369744640  -0.0403141163
       -0.0377880563   0.0011655779   0.0003451559   0.0001583044   0.0003766898
       -0.0000356414  -0.0000310125  -0.0000315880   0.0000051767   0.0000132194
        0.0000370526   0.0000206769   0.0000096326   0.0000249747   0.0000170700
        0.0000428679   0.0000152293   0.0000264338   0.0002309200   0.0002478851
        0.0002031385   0.0001047976   0.0001833293  -0.0003469010   0.0004091236
       -0.0004286330   0.0010358957  -0.0012361272  -0.0029512826  -0.0001344084
       -0.0163548983   0.0241855240   0.0322543672   0.0949086883  -0.0471415811
        0.0011638289   0.0013430792  -0.0007161668   0.0120776510   0.0075092574
       -0.0261178990   0.0112736369   0.0195865961  -0.0985966326   0.0082536170
        0.0059250898   0.0235481253  -0.0001279626  -0.0003243210   0.0003757260
        0.0000312234  -0.0001059519  -0.0001389560   0.0000415071  -0.0000410787
       -0.0000336922  -0.0000894877  -0.0000726950   0.0000294647   0.0000315442
        0.0000156581   0.0000154819  -0.0001738139  -0.0001861160   0.0002332833
       -0.0008255325  -0.0009467060   0.0001454770  -0.0004115681   0.0007255063
        0.0011197911   0.0038419062  -0.0037205214  -0.0042374691   0.0006580530
        0.0174337843  -0.0220743795  -0.0357446029  -0.0471415811   0.1264478460
