           1           2   1.00631551427205     
           2           3  0.954538444890440     
           3           4   1.15614195355327     
           1           5  0.979733636297492     
           5           6  0.978620842734299     
           6           7  0.976691110875888     
           6           8  0.977754948066017     
           6           9  0.978145483182502     
           1          10  0.966289775677624     
           1          11  0.966395294192586     
           2          12  0.978156772738138     
           2          13  0.978717702739695     
           3          14  0.931036788903576     
           3          15  0.923497447193522     
