$hessian                                                                        
        0.4647401892  -0.0379539805  -0.0107477842  -0.0519777833  -0.0175843356
       -0.0057032954  -0.1367360440   0.0788292132   0.0306029257  -0.1097417499
        0.0112640705  -0.0768938837  -0.0690173070  -0.0205048926   0.0526841328
        0.0018790248   0.0036961611  -0.0005150744  -0.0501748882   0.0034532022
        0.0080816814   0.0001068981  -0.0013375099  -0.0000435457  -0.0490783397
       -0.0198619284   0.0025348434
       -0.0379539805   0.3623353006  -0.0174455628  -0.0163837567  -0.0705197584
        0.0006881541   0.0946962564  -0.1695214400  -0.0394573719   0.0068909780
       -0.0386471522   0.0125769153  -0.0249744614  -0.0543509711   0.0501464056
       -0.0094507852  -0.0219354002  -0.0003565239  -0.0307529389  -0.0218977778
       -0.0035341250  -0.0056839916  -0.0106150012  -0.0036894759   0.0236126800
        0.0251522005   0.0010715845
       -0.0107477842  -0.0174455628   0.4441802681  -0.0053307244   0.0007545194
       -0.0614410825   0.0345670696  -0.0374976057  -0.0892583250  -0.0806112718
        0.0170953564  -0.1365104959   0.0543837436   0.0442398008  -0.1600489759
        0.0062478913   0.0164955818   0.0000558350  -0.0017254657  -0.0079800629
        0.0019422930  -0.0112505134  -0.0226887386  -0.0092108347   0.0144670549
        0.0070267117   0.0102913178
       -0.0519777833  -0.0163837567  -0.0053307244   0.4037943204  -0.0628656837
       -0.0122887721  -0.0202893743  -0.0169462174  -0.0019405332  -0.0134143578
       -0.0144249829  -0.0052065703  -0.0082690593  -0.0110263166   0.0004694217
       -0.0432081102   0.0212236922  -0.0201490200  -0.2438326499   0.0484087697
        0.0332104024  -0.0364368605   0.0007627275  -0.0021932451   0.0136338750
        0.0512517681   0.0134290411
       -0.0175843356  -0.0705197584   0.0007545194  -0.0628656837   0.4125750135
        0.0025829043   0.0167650615  -0.0504888592  -0.0170415816  -0.0000141844
       -0.0002158099   0.0007564843  -0.0077692021  -0.0090173352   0.0002596805
        0.0278076998  -0.1196949567   0.0722062736   0.0347476427  -0.0757945451
       -0.0042850284   0.0038711586  -0.0574982736  -0.0441595708   0.0050418433
       -0.0293454754  -0.0110736813
       -0.0057032954   0.0006881541  -0.0614410825  -0.0122887721   0.0025829043
        0.4426907061   0.0074184118  -0.0131003797  -0.0006454569  -0.0143870830
       -0.0139671298  -0.0052452238   0.0144745718   0.0175573295  -0.0017115340
       -0.0255959709   0.0731795411  -0.1142562184   0.0295325162  -0.0063746078
       -0.0801982849   0.0054120474  -0.0437032107  -0.1845225364   0.0011375741
       -0.0168626010   0.0053296307
       -0.1367360440   0.0946962564   0.0345670696  -0.0202893743   0.0167650615
        0.0074184118   0.2326725439  -0.0945551149  -0.0491244742  -0.0348588488
        0.0336880426  -0.0002294783  -0.0254861265   0.0202087243   0.0260968099
        0.0033593293  -0.0025378853   0.0015994767  -0.0171640268  -0.0811689431
       -0.0180265585   0.0026890361  -0.0013018228  -0.0031515887  -0.0041864891
        0.0142056814   0.0008503317
        0.0788292132  -0.1695214400  -0.0374976057  -0.0169462174  -0.0504888592
       -0.0131003797  -0.0945551149   0.3255984419   0.0850596852   0.0224769745
       -0.0147776098   0.0046398348   0.0097092118   0.0028353927  -0.0170577111
       -0.0001273565  -0.0028053006  -0.0003786914  -0.0016915554  -0.0519805161
       -0.0177631641  -0.0001252912  -0.0031116028  -0.0014948105   0.0024301359
       -0.0357485060  -0.0024071574
        0.0306029257  -0.0394573719  -0.0892583250  -0.0019405332  -0.0170415816
       -0.0006454569  -0.0491244742   0.0850596852   0.0973612653  -0.0072389860
        0.0108208757   0.0175695869   0.0270485715  -0.0261699588  -0.0095194135
        0.0001983367  -0.0011109704   0.0003444522   0.0038193329  -0.0076232360
        0.0121562909  -0.0007729891  -0.0004308513   0.0010924511  -0.0025921843
       -0.0040465909  -0.0291008510
       -0.1097417499   0.0068909780  -0.0806112718  -0.0134143578  -0.0000141844
       -0.0143870830  -0.0348588488   0.0224769745  -0.0072389860   0.1516544041
       -0.0274464310   0.0981249725   0.0073943836  -0.0019708105   0.0054354609
        0.0015880972  -0.0001965085   0.0005367841  -0.0012697830  -0.0041127227
       -0.0001588195  -0.0013697853  -0.0022612700  -0.0008261796   0.0000176399
        0.0066339746  -0.0008748776
        0.0112640705  -0.0386471522   0.0170953564  -0.0144249829  -0.0002158099
       -0.0139671298   0.0336880426  -0.0147776098   0.0108208757  -0.0274464310
        0.0587973122  -0.0240917520   0.0051021359  -0.0003843277   0.0124111206
       -0.0015302520   0.0012523447  -0.0015290435  -0.0024062204   0.0015246099
        0.0002840864  -0.0016285257  -0.0025885486  -0.0013053067  -0.0026178370
       -0.0049608185   0.0002817929
       -0.0768938837   0.0125769153  -0.1365104959  -0.0052065703   0.0007564843
       -0.0052452238  -0.0002294783   0.0046398348   0.0175695869   0.0981249725
       -0.0240917520   0.1569634316  -0.0180363061   0.0071024430  -0.0341448586
        0.0012446845  -0.0000684709   0.0020292123   0.0002698388  -0.0014781483
        0.0003635897  -0.0005051955  -0.0012888734   0.0003916520   0.0012319382
        0.0018515672  -0.0014168943
       -0.0690173070  -0.0249744614   0.0543837436  -0.0082690593  -0.0077692021
        0.0144745718  -0.0254861265   0.0097092118   0.0270485715   0.0073943836
        0.0051021359  -0.0180363061   0.0967817294   0.0190499930  -0.0798571635
       -0.0012292212  -0.0024735425   0.0002014141  -0.0014300216  -0.0030153088
       -0.0011766679   0.0011672535  -0.0000130412  -0.0002096016   0.0000883691
        0.0043842153   0.0031714380
       -0.0205048926  -0.0543509711   0.0442398008  -0.0110263166  -0.0090173352
        0.0175573295   0.0202087243   0.0028353927  -0.0261699588  -0.0019708105
       -0.0003843277   0.0071024430   0.0190499930   0.0661305499  -0.0432557260
       -0.0018501223  -0.0035342942  -0.0001333683  -0.0018593149   0.0004521176
        0.0003619741  -0.0004355181   0.0006469347   0.0009309626  -0.0016117421
       -0.0027780667  -0.0006334569
        0.0526841328   0.0501464056  -0.1600489759   0.0004694217   0.0002596805
       -0.0017115340   0.0260968099  -0.0170577111  -0.0095194135   0.0054354609
        0.0124111206  -0.0341448586  -0.0798571635  -0.0432557260   0.2032175793
        0.0002664448  -0.0000040348   0.0009235530  -0.0006618032   0.0025407465
        0.0018446180  -0.0013971864  -0.0007257306   0.0030318905  -0.0030361172
       -0.0043147507  -0.0035928589
        0.0018790248  -0.0094507852   0.0062478913  -0.0432081102   0.0278076998
       -0.0255959709   0.0033593293  -0.0001273565   0.0001983367   0.0015880972
       -0.0015302520   0.0012446845  -0.0012292212  -0.0018501223   0.0002664448
        0.0760376118  -0.0462742363   0.0373481545  -0.0360644641   0.0361842397
       -0.0146414450   0.0028017456  -0.0002145542  -0.0027102314  -0.0051640132
       -0.0045446332  -0.0023578644
        0.0036961611  -0.0219354002   0.0164955818   0.0212236922  -0.1196949567
        0.0731795411  -0.0025378853  -0.0028053006  -0.0011109704  -0.0001965085
        0.0012523447  -0.0000684709  -0.0024735425  -0.0035342942  -0.0000040348
       -0.0462742363   0.1521696332  -0.0892065988   0.0241671732  -0.0114053628
       -0.0000183461  -0.0018880157   0.0045398005  -0.0012694775   0.0042831617
        0.0014135361   0.0020027756
       -0.0005150744  -0.0003565239   0.0000558350  -0.0201490200   0.0722062736
       -0.1142562184   0.0015994767  -0.0003786914   0.0003444522   0.0005367841
       -0.0015290435   0.0020292123   0.0002014141  -0.0001333683   0.0009235530
        0.0373481545  -0.0892065988   0.1336373016  -0.0098196178  -0.0012560198
        0.0141844644  -0.0079917109   0.0229218260  -0.0348903728  -0.0012104062
       -0.0022678539  -0.0020282274
       -0.0501748882  -0.0307529389  -0.0017254657  -0.2438326499   0.0347476427
        0.0295325162  -0.0171640268  -0.0016915554   0.0038193329  -0.0012697830
       -0.0024062204   0.0002698388  -0.0014300216  -0.0018593149  -0.0006618032
       -0.0360644641   0.0241671732  -0.0098196178   0.4080065042  -0.0234546435
       -0.0470502585  -0.0240270940   0.0118690528   0.0277480144  -0.0340435765
       -0.0106191956  -0.0021125572
        0.0034532022  -0.0218977778  -0.0079800629   0.0484087697  -0.0757945451
       -0.0063746078  -0.0811689431  -0.0519805161  -0.0076232360  -0.0041127227
        0.0015246099  -0.0014781483  -0.0030153088   0.0004521176   0.0025407465
        0.0361842397  -0.0114053628  -0.0012560198  -0.0234546435   0.1616397785
        0.0280901152   0.0207179295  -0.0041932511  -0.0135323900   0.0029874770
        0.0016549469   0.0076136030
        0.0080816814  -0.0035341250   0.0019422930   0.0332104024  -0.0042850284
       -0.0801982849  -0.0180265585  -0.0177631641   0.0121562909  -0.0001588195
        0.0002840864   0.0003635897  -0.0011766679   0.0003619741   0.0018446180
       -0.0146414450  -0.0000183461   0.0141844644  -0.0470502585   0.0280901152
        0.0797672789   0.0382049135  -0.0122410308  -0.0048613181   0.0015567521
        0.0091055186  -0.0251989320
        0.0001068981  -0.0056839916  -0.0112505134  -0.0364368605   0.0038711586
        0.0054120474   0.0026890361  -0.0001252912  -0.0007729891  -0.0013697853
       -0.0016285257  -0.0005051955   0.0011672535  -0.0004355181  -0.0013971864
        0.0028017456  -0.0018880157  -0.0079917109  -0.0240270940   0.0207179295
        0.0382049135   0.0594171647  -0.0102899087  -0.0222648900  -0.0043483581
       -0.0045378371   0.0005655243
       -0.0013375099  -0.0106150012  -0.0226887386   0.0007627275  -0.0574982736
       -0.0437032107  -0.0013018228  -0.0031116028  -0.0004308513  -0.0022612700
       -0.0025885486  -0.0012888734  -0.0000130412   0.0006469347  -0.0007257306
       -0.0002145542   0.0045398005   0.0229218260   0.0118690528  -0.0041932511
       -0.0122410308  -0.0102899087   0.0723997839   0.0595119507   0.0027863264
        0.0004201584  -0.0013553413
       -0.0000435457  -0.0036894759  -0.0092108347  -0.0021932451  -0.0441595708
       -0.1845225364  -0.0031515887  -0.0014948105   0.0010924511  -0.0008261796
       -0.0013053067   0.0003916520  -0.0002096016   0.0009309626   0.0030318905
       -0.0027102314  -0.0012694775  -0.0348903728   0.0277480144  -0.0135323900
       -0.0048613181  -0.0222648900   0.0595119507   0.2308492266   0.0036512677
        0.0050081180  -0.0018801583
       -0.0490783397   0.0236126800   0.0144670549   0.0136338750   0.0050418433
        0.0011375741  -0.0041864891   0.0024301359  -0.0025921843   0.0000176399
       -0.0026178370   0.0012319382   0.0000883691  -0.0016117421  -0.0030361172
       -0.0051640132   0.0042831617  -0.0012104062  -0.0340435765   0.0029874770
        0.0015567521  -0.0043483581   0.0027863264   0.0036512677   0.0830808927
       -0.0369120452  -0.0152058793
       -0.0198619284   0.0251522005   0.0070267117   0.0512517681  -0.0293454754
       -0.0168626010   0.0142056814  -0.0357485060  -0.0040465909   0.0066339746
       -0.0049608185   0.0018515672   0.0043842153  -0.0027780667  -0.0043147507
       -0.0045446332   0.0014135361  -0.0022678539  -0.0106191956   0.0016549469
        0.0091055186  -0.0045378371   0.0004201584   0.0050081180  -0.0369120452
        0.0441920248   0.0044998809
        0.0025348434   0.0010715845   0.0102913178   0.0134290411  -0.0110736813
        0.0053296307   0.0008503317  -0.0024071574  -0.0291008510  -0.0008748776
        0.0002817929  -0.0014168943   0.0031714380  -0.0006334569  -0.0035928589
       -0.0023578644   0.0020027756  -0.0020282274  -0.0021125572   0.0076136030
       -0.0251989320   0.0005655243  -0.0013553413  -0.0018801583  -0.0152058793
        0.0044998809   0.0475969733
