$hessian                                                                        
        0.5504841255   0.2924644634  -0.1483244318  -0.3373133592  -0.1755476458
        0.1906469763  -0.0025775667  -0.0027456104  -0.0029266301  -0.0417123227
       -0.0019760167   0.0230568765  -0.0003908146   0.0001151547   0.0058816037
       -0.0231101546  -0.0156434027  -0.0005670995  -0.1399266467  -0.0932061674
       -0.0704298958  -0.0054532611  -0.0034607751   0.0026626006
        0.2924644634   0.2979258357   0.0063110657  -0.1785309083  -0.1328717830
        0.0967239012  -0.0037719161  -0.0024406048  -0.0016447092  -0.0019162699
       -0.0421601039  -0.0401899312  -0.0018508357   0.0008607420   0.0027667217
       -0.0147365241  -0.0109565498   0.0026239570  -0.0935103073  -0.1112231371
       -0.0640477392   0.0018522980   0.0008656009  -0.0025432659
       -0.1483244318   0.0063110657   0.5912372619   0.1776667925   0.0872915674
       -0.1981515003  -0.0071104268  -0.0043807493   0.0023672355   0.0227612682
       -0.0402328719  -0.2890892695  -0.0021030616  -0.0028700442  -0.0046719919
        0.0033191803   0.0052111913   0.0123677150  -0.0723096409  -0.0653680128
       -0.0944340212   0.0261003200   0.0140378539  -0.0196254294
       -0.3373133592  -0.1785309083   0.1776667925   0.5228715757   0.2590902264
       -0.2106691307  -0.0519428639  -0.0481059999   0.0113453199  -0.0049433158
        0.0006668542   0.0088543761   0.0064226768  -0.0138881665  -0.0214517925
       -0.0653187239   0.0012507504  -0.0092307211  -0.0244551506  -0.0199015986
        0.0106874372  -0.0453208392  -0.0005811578   0.0327977186
       -0.1755476458  -0.1328717830   0.0872915674   0.2590902264   0.2617568860
       -0.0332234058  -0.0459715327  -0.0081758464   0.0045959366   0.0042311752
        0.0005476835   0.0019390864  -0.0143027017   0.0012413261  -0.0327494870
       -0.0014137586  -0.0726952651  -0.0046223833  -0.0249010154  -0.0084347146
        0.0076294083  -0.0011847475  -0.0413682865  -0.0308607226
        0.1906469763   0.0967239012  -0.1981515003  -0.2106691307  -0.0332234058
        0.5959776718   0.0202028349   0.0103914538   0.0077392923   0.0252527925
        0.0136478634  -0.0222234574  -0.0225258993  -0.0335395510  -0.0552397144
       -0.0224637502  -0.0131624735  -0.0619173691  -0.0107444138  -0.0077797859
        0.0076030563   0.0303005903  -0.0330580021  -0.2737879792
       -0.0025775667  -0.0037719161  -0.0071104268  -0.0519428639  -0.0459715327
        0.0202028349   0.3708734834   0.1766868622  -0.2572517705   0.0009381543
        0.0000327687  -0.0003579792  -0.0025534118  -0.0096796253   0.0320649649
       -0.3091494497  -0.1159507351   0.2131701099  -0.0061220583  -0.0023574244
        0.0001178718   0.0005337128   0.0010116027  -0.0008356048
       -0.0027456104  -0.0024406048  -0.0043807493  -0.0481059999  -0.0081758464
        0.0103914538   0.1766868622   0.1170847996  -0.1105539216  -0.0002593660
        0.0007324578  -0.0003373474  -0.0028938636   0.0209358088   0.0006378858
       -0.1223058665  -0.1237465805   0.1025094986  -0.0017469194  -0.0042649805
        0.0008970399   0.0013707635  -0.0001250539   0.0008361402
       -0.0029266301  -0.0016447092   0.0023672355   0.0113453199   0.0045959366
        0.0077392923  -0.2572517705  -0.1105539216   0.2953543659  -0.0009488428
       -0.0008075188   0.0004907985   0.0595582746   0.0196099595  -0.0647121505
        0.1882152881   0.0851864885  -0.2467420791   0.0011777774   0.0016455708
        0.0006093059   0.0008305833   0.0019681942   0.0048932315
       -0.0417123227  -0.0019162699   0.0227612682  -0.0049433158   0.0042311752
        0.0252527925   0.0009381543  -0.0002593660  -0.0009488428   0.0437788395
        0.0074194842  -0.0334468519   0.0015445060   0.0004813302  -0.0017297180
       -0.0018095395   0.0036309933   0.0028855965   0.0011087288  -0.0052977866
       -0.0192493516   0.0010949495  -0.0082895604   0.0044751071
       -0.0019760167  -0.0421601039  -0.0402328719   0.0006668542   0.0005476835
        0.0136478634   0.0000327687   0.0007324578  -0.0008075188   0.0074194842
        0.0375774165   0.0435268309   0.0006406190   0.0006001914  -0.0007917892
        0.0026447071  -0.0034835748   0.0026583536  -0.0009907080  -0.0020254421
       -0.0177223589  -0.0084377084   0.0082113718  -0.0002785091
        0.0230568765  -0.0401899312  -0.2890892695   0.0088543761   0.0019390864
       -0.0222234574  -0.0003579792  -0.0003373474   0.0004907985  -0.0334468519
        0.0435268309   0.3281145377  -0.0009487972  -0.0001421829   0.0025295104
       -0.0010507955  -0.0001635225  -0.0030559441   0.0002589154  -0.0038946703
       -0.0158191496   0.0036342558  -0.0007382630  -0.0009470259
       -0.0003908146  -0.0018508357  -0.0021030616   0.0064226768  -0.0143027017
       -0.0225258993  -0.0025534118  -0.0028938636   0.0595582746   0.0015445060
        0.0006406190  -0.0009487972   0.0803485793   0.0195923655  -0.0794995658
       -0.0822295448   0.0003774067   0.0506944997  -0.0001923059   0.0015303609
       -0.0008538893  -0.0029496850  -0.0030933512  -0.0043215612
        0.0001151547   0.0008607420  -0.0028700442  -0.0138881665   0.0012413261
       -0.0335395510  -0.0096796253   0.0209358088   0.0196099595   0.0004813302
        0.0006001914  -0.0001421829   0.0195923655   0.0612296488   0.0981397407
        0.0060779901  -0.0796299056  -0.0769609896   0.0009701874  -0.0017611802
        0.0002022261  -0.0036692362  -0.0034766312  -0.0044391586
        0.0058816037   0.0027667217  -0.0046719919  -0.0214517925  -0.0327494870
       -0.0552397144   0.0320649649   0.0006378858  -0.0647121505  -0.0017297180
       -0.0007917892   0.0025295104  -0.0794995658   0.0981397407   0.6512331100
        0.0741209805  -0.0609945952  -0.5245514128  -0.0029182348  -0.0012162996
        0.0010597655  -0.0064682379  -0.0057921773  -0.0056471163
       -0.0231101546  -0.0147365241   0.0033191803  -0.0653187239  -0.0014137586
       -0.0224637502  -0.3091494497  -0.1223058665   0.1882152881  -0.0018095395
        0.0026447071  -0.0010507955  -0.0822295448   0.0060779901   0.0741209805
        0.4664895665   0.1284880962  -0.2535952168   0.0087312429  -0.0030206317
        0.0025843359   0.0063966031   0.0042659874   0.0088699777
       -0.0156434027  -0.0109565498   0.0052111913   0.0012507504  -0.0726952651
       -0.0131624735  -0.1159507351  -0.1237465805   0.0851864885   0.0036309933
       -0.0034835748  -0.0001635225   0.0003774067  -0.0796299056  -0.0609945952
        0.1284880962   0.2749726025  -0.0162634909  -0.0019626452   0.0121872252
       -0.0017734960  -0.0001904637   0.0033520481   0.0019598983
       -0.0005670995   0.0026239570   0.0123677150  -0.0092307211  -0.0046223833
       -0.0619173691   0.2131701099   0.1025094986  -0.2467420791   0.0028855965
        0.0026583536  -0.0030559441   0.0506944997  -0.0769609896  -0.5245514128
       -0.2535952168  -0.0162634909   0.8415765198   0.0079686276   0.0022017587
       -0.0021821205  -0.0113257963  -0.0121467041  -0.0154953094
       -0.1399266467  -0.0935103073  -0.0723096409  -0.0244551506  -0.0249010154
       -0.0107444138  -0.0061220583  -0.0017469194   0.0011777774   0.0011087288
       -0.0009907080   0.0002589154  -0.0001923059   0.0009701874  -0.0029182348
        0.0087312429  -0.0019626452   0.0079686276   0.1617665866   0.1182499508
        0.0772853431  -0.0009103968   0.0038914571  -0.0007183740
       -0.0932061674  -0.1112231371  -0.0653680128  -0.0199015986  -0.0084347146
       -0.0077797859  -0.0023574244  -0.0042649805   0.0016455708  -0.0052977866
       -0.0020254421  -0.0038946703   0.0015303609  -0.0017611802  -0.0012162996
       -0.0030206317   0.0121872252   0.0022017587   0.1182499508   0.1190421327
        0.0731069161   0.0040032971  -0.0035199034   0.0013045229
       -0.0704298958  -0.0640477392  -0.0944340212   0.0106874372   0.0076294083
        0.0076030563   0.0001178718   0.0008970399   0.0006093059  -0.0192493516
       -0.0177223589  -0.0158191496  -0.0008538893   0.0002022261   0.0010597655
        0.0025843359  -0.0017734960  -0.0021821205   0.0772853431   0.0731069161
        0.1016987333  -0.0001418512   0.0017080036   0.0014644304
       -0.0054532611   0.0018522980   0.0261003200  -0.0453208392  -0.0011847475
        0.0303005903   0.0005337128   0.0013707635   0.0008305833   0.0010949495
       -0.0084377084   0.0036342558  -0.0029496850  -0.0036692362  -0.0064682379
        0.0063966031  -0.0001904637  -0.0113257963  -0.0009103968   0.0040032971
       -0.0001418512   0.0466089167   0.0062557972  -0.0429298641
       -0.0034607751   0.0008656009   0.0140378539  -0.0005811578  -0.0413682865
       -0.0330580021   0.0010116027  -0.0001250539   0.0019681942  -0.0082895604
        0.0082113718  -0.0007382630  -0.0030933512  -0.0034766312  -0.0057921773
        0.0042659874   0.0033520481  -0.0121467041   0.0038914571  -0.0035199034
        0.0017080036   0.0062557972   0.0360608542   0.0340210948
        0.0026626006  -0.0025432659  -0.0196254294   0.0327977186  -0.0308607226
       -0.2737879792  -0.0008356048   0.0008361402   0.0048932315   0.0044751071
       -0.0002785091  -0.0009470259  -0.0043215612  -0.0044391586  -0.0056471163
        0.0088699777   0.0019598983  -0.0154953094  -0.0007183740   0.0013045229
        0.0014644304  -0.0429298641   0.0340210948   0.3091451982
