$hessian                                                                        
        0.4215462951  -0.0240340174  -0.0059866814  -0.0715245964  -0.0234389271
       -0.0049396881  -0.1268858827   0.0758470575   0.0288872213  -0.0958492883
        0.0093812401  -0.0661459581  -0.0620267652  -0.0185553768   0.0444021599
        0.0032866335   0.0040559245  -0.0003364007  -0.0410933108  -0.0037431998
        0.0047333786   0.0013703541  -0.0004788645   0.0002195308  -0.0288234393
       -0.0190338366  -0.0008335622
       -0.0240340174   0.3554440040  -0.0129217078  -0.0199570097  -0.0761651417
       -0.0002389928   0.0925657368  -0.1656056689  -0.0388509091   0.0014170248
       -0.0366350853   0.0086934077  -0.0256398713  -0.0516686320   0.0484359591
       -0.0102765927  -0.0166042031  -0.0011497614  -0.0224394632  -0.0130286654
       -0.0020629992  -0.0057789439  -0.0068722934  -0.0016261111   0.0141431366
        0.0111356858  -0.0002788854
       -0.0059866814  -0.0129217078   0.4117821284  -0.0037786502   0.0001550697
       -0.0629420768   0.0331240390  -0.0365811693  -0.0854640732  -0.0712557837
        0.0169743665  -0.1244638576   0.0457537669   0.0378683852  -0.1420682691
        0.0066450730   0.0152152386   0.0011669506  -0.0009513622  -0.0043543931
        0.0024396809  -0.0119095811  -0.0203020727  -0.0064777439   0.0083591798
        0.0039462831   0.0060272608
       -0.0715245964  -0.0199570097  -0.0037786502   0.3889494960  -0.0569364939
       -0.0029036886  -0.0019018319  -0.0113680243  -0.0026081264  -0.0140311280
       -0.0164000281  -0.0057773140  -0.0087060254  -0.0131712967  -0.0000039277
       -0.0432952481   0.0306331152  -0.0290168220  -0.2151605930   0.0479290395
        0.0305589614  -0.0341467100   0.0019300268   0.0023166452  -0.0001833634
        0.0373406711   0.0112129223
       -0.0234389271  -0.0761651417   0.0001550697  -0.0569364939   0.4387697330
       -0.0053191403   0.0123972293  -0.0544810565  -0.0181148696  -0.0019952345
        0.0001412767  -0.0000603000  -0.0102493214  -0.0095710646   0.0014185604
        0.0334161889  -0.1427874738   0.0941329628   0.0215189429  -0.0716627761
       -0.0044014946   0.0035838510  -0.0595297615  -0.0563547550   0.0217037647
       -0.0247137354  -0.0114560335
       -0.0049396881  -0.0002389928  -0.0629420768  -0.0029036886  -0.0053191403
        0.4907726884   0.0041088503  -0.0154744733   0.0008006040  -0.0161677437
       -0.0142349272  -0.0052306322   0.0151865496   0.0180000453  -0.0009655722
       -0.0301847803   0.0944905579  -0.1317882927   0.0233855233  -0.0079225379
       -0.0695656671   0.0043570906  -0.0559700478  -0.2247705989   0.0071578870
       -0.0133304838   0.0036895475
       -0.1268858827   0.0925657368   0.0331240390  -0.0019018319   0.0123972293
        0.0041088503   0.1994695146  -0.1215915373  -0.0528505045  -0.0388066792
        0.0363021416  -0.0027571029  -0.0285079440   0.0207864705   0.0297529138
        0.0003995073  -0.0008996503   0.0007344707  -0.0180009280  -0.0692644065
       -0.0154589435   0.0001079893  -0.0003829977  -0.0010750216   0.0141262547
        0.0300870136   0.0044212987
        0.0758470575  -0.1656056689  -0.0365811693  -0.0113680243  -0.0544810565
       -0.0154744733  -0.1215915373   0.2892025530   0.0806214704   0.0302842541
       -0.0204654380   0.0075707218   0.0155112645   0.0006887651  -0.0230301243
       -0.0008487784  -0.0034503723  -0.0005938785   0.0022679370  -0.0454578105
       -0.0155561743  -0.0009673550  -0.0038249117  -0.0012489218   0.0108651819
        0.0033939399   0.0042925493
        0.0288872213  -0.0388509091  -0.0854640732  -0.0026081264  -0.0181148696
        0.0008006040  -0.0528505045   0.0806214704   0.0887100304  -0.0061121549
        0.0112042121   0.0176353917   0.0298374208  -0.0279738017  -0.0139516817
       -0.0000370087  -0.0013732287  -0.0000670742   0.0042816869  -0.0066866935
        0.0082166895  -0.0003451339  -0.0006252119   0.0003204303  -0.0010534007
        0.0017990318  -0.0162003166
       -0.0958492883   0.0014170248  -0.0712557837  -0.0140311280  -0.0019952345
       -0.0161677437  -0.0388066792   0.0302842541  -0.0061121549   0.1434104279
       -0.0272751668   0.0902267583   0.0070190390  -0.0018332304   0.0045851741
        0.0008504379   0.0002143240   0.0001300465  -0.0028212933  -0.0046447165
       -0.0006582364  -0.0019780605  -0.0025667105  -0.0010716635   0.0022065444
        0.0063994559   0.0003236033
        0.0093812401  -0.0366350853   0.0169743665  -0.0164000281   0.0001412767
       -0.0142349272   0.0363021416  -0.0204654380   0.0112042121  -0.0272751668
        0.0623882866  -0.0238087528   0.0047611990  -0.0008414511   0.0126620779
       -0.0013172961   0.0008011724  -0.0013170255  -0.0023399893  -0.0001045452
       -0.0003208467  -0.0015661619  -0.0026529984  -0.0012363907  -0.0015459385
       -0.0026312175   0.0000772864
       -0.0661459581   0.0086934077  -0.1244638576  -0.0057773140  -0.0000603000
       -0.0052306322  -0.0027571029   0.0075707218   0.0176353917   0.0902267583
       -0.0238087528   0.1476662640  -0.0174582045   0.0083998320  -0.0365859645
        0.0008030249   0.0001942592   0.0016680254   0.0000398379  -0.0019886138
       -0.0003446020  -0.0006707563  -0.0015124705   0.0000110496   0.0017397147
        0.0025119164  -0.0003556743
       -0.0620267652  -0.0256398713   0.0457537669  -0.0087060254  -0.0102493214
        0.0151865496  -0.0285079440   0.0155112645   0.0298374208   0.0070190390
        0.0047611990  -0.0174582045   0.0941928288   0.0173168259  -0.0749950786
       -0.0017639332  -0.0028066000   0.0002938783  -0.0026754689  -0.0036395896
       -0.0008570327   0.0006829794   0.0000515010   0.0003119627   0.0017852894
        0.0046945920   0.0019267375
       -0.0185553768  -0.0516686320   0.0378683852  -0.0131712967  -0.0095710646
        0.0180000453   0.0207864705   0.0006887651  -0.0279738017  -0.0018332304
       -0.0008414511   0.0083998320   0.0173168259   0.0666924619  -0.0371108394
       -0.0018688055  -0.0037256136  -0.0001246225  -0.0018903056  -0.0014763422
        0.0003249252  -0.0005239829   0.0004244541   0.0008482759  -0.0002602986
       -0.0005225775  -0.0002322000
        0.0444021599   0.0484359591  -0.1420682691  -0.0000039277   0.0014185604
       -0.0009655722   0.0297529138  -0.0230301243  -0.0139516817   0.0045851741
        0.0126620779  -0.0365859645  -0.0749950786  -0.0371108394   0.1917056503
        0.0004136047   0.0004058123   0.0005973190  -0.0002381863   0.0025758355
        0.0012270333  -0.0009385505  -0.0009420256   0.0021956772  -0.0029781094
       -0.0044152559  -0.0021541923
        0.0032866335  -0.0102765927   0.0066450730  -0.0432952481   0.0334161889
       -0.0301847803   0.0003995073  -0.0008487784  -0.0000370087   0.0008504379
       -0.0013172961   0.0008030249  -0.0017639332  -0.0018688055   0.0004136047
        0.0728519007  -0.0508580055   0.0408987967  -0.0309905042   0.0324040596
       -0.0144818606   0.0019734359   0.0000645740  -0.0019804670  -0.0033122299
       -0.0007153443  -0.0020763827
        0.0040559245  -0.0166042031   0.0152152386   0.0306331152  -0.1427874738
        0.0944905579  -0.0008996503  -0.0034503723  -0.0013732287   0.0002143240
        0.0008011724   0.0001942592  -0.0028066000  -0.0037256136   0.0004058123
       -0.0508580055   0.1730889111  -0.1095471189   0.0183234102  -0.0112386978
        0.0015847959  -0.0016715393   0.0043827440  -0.0027279340   0.0030090212
       -0.0004664669   0.0017576178
       -0.0003364007  -0.0011497614   0.0011669506  -0.0290168220   0.0941329628
       -0.1317882927   0.0007344707  -0.0005938785  -0.0000670742   0.0001300465
       -0.0013170255   0.0016680254   0.0002938783  -0.0001246225   0.0005973190
        0.0408987967  -0.1095471189   0.1493011685  -0.0057322262  -0.0029956558
        0.0115136115  -0.0071629639   0.0226063949  -0.0308914513   0.0001912206
       -0.0010112950  -0.0015002567
       -0.0410933108  -0.0224394632  -0.0009513622  -0.2151605930   0.0215189429
        0.0233855233  -0.0180009280   0.0022679370   0.0042816869  -0.0028212933
       -0.0023399893   0.0000398379  -0.0026754689  -0.0018903056  -0.0002381863
       -0.0309905042   0.0183234102  -0.0057322262   0.3762724652   0.0042953131
       -0.0354464118  -0.0211915167   0.0089293269   0.0201147469  -0.0443388504
       -0.0286651719  -0.0054536086
       -0.0037431998  -0.0130286654  -0.0043543931   0.0479290395  -0.0716627761
       -0.0079225379  -0.0692644065  -0.0454578105  -0.0066866935  -0.0046447165
       -0.0001045452  -0.0019886138  -0.0036395896  -0.0014763422   0.0025758355
        0.0324040596  -0.0112386978  -0.0029956558   0.0042953131   0.2646105648
        0.0557396188   0.0182295060  -0.0046410701  -0.0105326747  -0.0215660058
       -0.1170006575  -0.0238348854
        0.0047333786  -0.0020629992   0.0024396809   0.0305589614  -0.0044014946
       -0.0695656671  -0.0154589435  -0.0155561743   0.0082166895  -0.0006582364
       -0.0003208467  -0.0003446020  -0.0008570327   0.0003249252   0.0012270333
       -0.0144818606   0.0015847959   0.0115136115  -0.0354464118   0.0557396188
        0.0802463705   0.0351993760  -0.0121108817  -0.0044901636  -0.0035892310
       -0.0231969433  -0.0292429528
        0.0013703541  -0.0057789439  -0.0119095811  -0.0341467100   0.0035838510
        0.0043570906   0.0001079893  -0.0009673550  -0.0003451339  -0.0019780605
       -0.0015661619  -0.0006707563   0.0006829794  -0.0005239829  -0.0009385505
        0.0019734359  -0.0016715393  -0.0071629639  -0.0211915167   0.0182295060
        0.0351993760   0.0559950625  -0.0098788354  -0.0203027772  -0.0028135341
       -0.0014265386   0.0017732963
       -0.0004788645  -0.0068722934  -0.0203020727   0.0019300268  -0.0595297615
       -0.0559700478  -0.0003829977  -0.0038249117  -0.0006252119  -0.0025667105
       -0.0026529984  -0.0015124705   0.0000515010   0.0004244541  -0.0009420256
        0.0000645740   0.0043827440   0.0226063949   0.0089293269  -0.0046410701
       -0.0121108817  -0.0098788354   0.0733483345   0.0706398095   0.0023319795
       -0.0006344974  -0.0017834943
        0.0002195308  -0.0016261111  -0.0064777439   0.0023166452  -0.0563547550
       -0.2247705989  -0.0010750216  -0.0012489218   0.0003204303  -0.0010716635
       -0.0012363907   0.0000110496   0.0003119627   0.0008482759   0.0021956772
       -0.0019804670  -0.0027279340  -0.0308914513   0.0201147469  -0.0105326747
       -0.0044901636  -0.0203027772   0.0706398095   0.2663192967   0.0014670437
        0.0022387018  -0.0022164961
       -0.0288234393   0.0141431366   0.0083591798  -0.0001833634   0.0217037647
        0.0071578870   0.0141262547   0.0108651819  -0.0010534007   0.0022065444
       -0.0015459385   0.0017397147   0.0017852894  -0.0002602986  -0.0029781094
       -0.0033122299   0.0030090212   0.0001912206  -0.0443388504  -0.0215660058
       -0.0035892310  -0.0028135341   0.0023319795   0.0014670437   0.0613533285
       -0.0286808412  -0.0112943046
       -0.0190338366   0.0111356858   0.0039462831   0.0373406711  -0.0247137354
       -0.0133304838   0.0300870136   0.0033939399   0.0017990318   0.0063994559
       -0.0026312175   0.0025119164   0.0046945920  -0.0005225775  -0.0044152559
       -0.0007153443  -0.0004664669  -0.0010112950  -0.0286651719  -0.1170006575
       -0.0231969433  -0.0014265386  -0.0006344974   0.0022387018  -0.0286808412
        0.1314395265   0.0314580449
       -0.0008335622  -0.0002788854   0.0060272608   0.0112129223  -0.0114560335
        0.0036895475   0.0044212987   0.0042925493  -0.0162003166   0.0003236033
        0.0000772864  -0.0003556743   0.0019267375  -0.0002322000  -0.0021541923
       -0.0020763827   0.0017576178  -0.0015002567  -0.0054536086  -0.0238348854
       -0.0292429528   0.0017732963  -0.0017834943  -0.0022164961  -0.0112943046
        0.0314580449   0.0419530806
