$hessian                                                                        
        0.4947907550   0.2125000487  -0.1318224656  -0.0851319477  -0.0164329936
        0.0349406684   0.0017736575  -0.0029921972  -0.0010342113  -0.0059392464
       -0.0006495717   0.0033304520   0.0309119032   0.0188235011  -0.0125234094
       -0.0083648533   0.0086487272   0.0239055743  -0.0161934678   0.0039930725
        0.0270382589  -0.0025883768  -0.0080197275  -0.0033368221  -0.0437794830
       -0.0449477155  -0.0260360024   0.0002079733   0.0006582496   0.0005055922
       -0.2322222245  -0.0656878225   0.1408420111  -0.1326198653  -0.1051184773
       -0.0570387169  -0.0008448242  -0.0007750939   0.0012290709
        0.2125000487   0.3574566053   0.1655380328   0.0124547294  -0.0968096828
       -0.1252910408  -0.0034685187   0.0002380847  -0.0039264627   0.0097336903
        0.0015152805  -0.0055798112  -0.0009039179  -0.0163281774  -0.0214227638
       -0.0024836856   0.0013763271   0.0099139634   0.0003945802  -0.0001292989
        0.0016878350  -0.0050277297   0.0007474069  -0.0022586720  -0.0224678970
       -0.0161453386   0.0052038191   0.0006311778   0.0003809686   0.0004031922
       -0.0950236638  -0.0838143612   0.0444808481  -0.1047887384  -0.1485310541
       -0.0688783619  -0.0015500753   0.0000432398   0.0001294218
       -0.1318224656   0.1655380328   0.5848999736   0.0871879619  -0.0866290891
       -0.3102749543  -0.0020482766  -0.0046068035  -0.0006725861   0.0221271370
        0.0083156260  -0.0171613512  -0.0481716233  -0.0477971507  -0.0258926817
        0.0037158442  -0.0050037649  -0.0162901586   0.0205771038  -0.0030978256
       -0.0345214866   0.0020229379   0.0017199906   0.0061297219   0.0147804276
        0.0353368080   0.0418197357   0.0004631437   0.0003733972  -0.0002563571
        0.0877302602   0.0051826716  -0.1461213920  -0.0563823596  -0.0684020928
       -0.0813654672  -0.0001800912  -0.0009297997  -0.0002929964
       -0.0851319477   0.0124547294   0.0871879619   0.4504890817   0.1843549652
       -0.1440460135   0.0005456500   0.0004032264   0.0002715693  -0.0016237854
       -0.0036191578   0.0036871747  -0.1434285222  -0.0970537382  -0.0548203622
       -0.1937394397  -0.0672649013   0.1001949831  -0.0322269838  -0.0192146072
        0.0077790560   0.0113323372  -0.0019557282  -0.0035945626  -0.0028832223
       -0.0041761580  -0.0075830604  -0.0018418118  -0.0043331504   0.0039112068
       -0.0036043228   0.0095999379   0.0248787248   0.0020426997  -0.0093128926
       -0.0179897484   0.0000702671   0.0001174747   0.0001230705
       -0.0164329936  -0.0968096828  -0.0866290891   0.1843549652   0.3265019575
        0.1753636703   0.0005220385   0.0007822667   0.0003445558  -0.0039459829
        0.0029600806  -0.0002733915  -0.0713027858  -0.1427355389  -0.0667710538
       -0.0671325811  -0.0596857359   0.0320700003  -0.0336734648  -0.0105993659
        0.0265310435  -0.0118561230  -0.0163695843  -0.0342195137  -0.0080161600
       -0.0207694636  -0.0216162097  -0.0038618104   0.0035885649  -0.0008901207
        0.0302914163   0.0230304164  -0.0024394174   0.0011325636  -0.0100951664
       -0.0219391412  -0.0000790819   0.0002012517   0.0004686673
        0.0349406684  -0.1252910408  -0.3102749543  -0.1440460135   0.1753636703
        0.6036337936   0.0005331615   0.0005266990   0.0004497059   0.0030997512
       -0.0007121799   0.0005856661  -0.0082026078  -0.0323654339  -0.1007346674
        0.1004291105   0.0322600554  -0.1038258656  -0.0183473052   0.0071877506
        0.0372169992  -0.0215110289  -0.0474387768  -0.0458228459  -0.0146181157
       -0.0267842187  -0.0318284764   0.0047541143  -0.0002727608   0.0000963436
        0.0623226589   0.0252796752  -0.0357235770   0.0008965745  -0.0079664442
       -0.0144589922  -0.0002509683   0.0002130044   0.0006868704
        0.0017736575  -0.0034685187  -0.0020482766   0.0005456500   0.0005220385
        0.0005331615   0.3249118481   0.2101460236  -0.0217396603   0.0005516785
        0.0017193146  -0.0013356457   0.0088639558  -0.0027289096  -0.0065960666
       -0.0018673410  -0.0001079401   0.0003938222  -0.0229673133  -0.0103775748
        0.0195547974  -0.0037488396   0.0027226448   0.0090777491  -0.1640037056
       -0.0419096314   0.0970519029   0.0023823102   0.0018758768  -0.0026961048
       -0.0322716246  -0.0184827769   0.0147371489  -0.0022436289  -0.0016904183
        0.0000178858  -0.1119266471  -0.1382201286  -0.1069507138
       -0.0029921972   0.0002380847  -0.0046068035   0.0004032264   0.0007822667
        0.0005266990   0.2101460236   0.2598550706   0.1423804900   0.0021448168
       -0.0006975921   0.0010167653  -0.0016278515   0.0027839922  -0.0066325899
        0.0000613101  -0.0009523566   0.0006160919   0.0034327942   0.0050632913
       -0.0056216310  -0.0000665654   0.0006000901   0.0024041063  -0.0546826030
       -0.0643230953   0.0202050353   0.0029737794  -0.0000152519  -0.0000203373
       -0.0300049298  -0.0109035234   0.0138720492  -0.0016579850  -0.0010615313
        0.0002287821  -0.1281298187  -0.1913694450  -0.1643686574
       -0.0010342113  -0.0039264627  -0.0006725861   0.0002715693   0.0003445558
        0.0004497059  -0.0217396603   0.1423804900   0.3113879469  -0.0006172815
        0.0015398599   0.0007605680  -0.0045655487  -0.0050683476   0.0045151304
        0.0007665262   0.0008782008  -0.0007273094   0.0445599464   0.0128798884
       -0.0307374849   0.0040263192  -0.0013407847  -0.0085152857   0.0740056362
        0.0031261390  -0.1284844160  -0.0007461886   0.0014396916   0.0013684796
       -0.0062237400  -0.0016181958   0.0090106652   0.0000288540   0.0002255042
        0.0004383004  -0.0887322208  -0.1508605390  -0.1587937143
       -0.0059392464   0.0097336903   0.0221271370  -0.0016237854  -0.0039459829
        0.0030997512   0.0005516785   0.0021448168  -0.0006172815   0.0530907150
       -0.0084035124  -0.0594258491  -0.0002319796  -0.0004982442  -0.0002254070
       -0.0003236505  -0.0001435574   0.0016112943  -0.0003716679  -0.0044023441
       -0.0000254783  -0.0003498612   0.0006535976  -0.0000889024   0.0030972220
       -0.0061974155  -0.0167908022   0.0002202308  -0.0008682557  -0.0007773355
       -0.0480855606   0.0102720245   0.0513160868  -0.0001559874   0.0015765602
       -0.0002936375   0.0001218928   0.0000786228   0.0000904243
       -0.0006495717   0.0015152805   0.0083156260  -0.0036191578   0.0029600806
       -0.0007121799   0.0017193146  -0.0006975921   0.0015398599  -0.0084035124
        0.0703930469   0.1023292874  -0.0005937848   0.0003680011   0.0009754535
       -0.0005185586   0.0006824114  -0.0000188375  -0.0046923126   0.0005879239
       -0.0027332938   0.0007083553  -0.0008887599  -0.0002281012   0.0051045990
       -0.0089805454  -0.0211814626  -0.0004652196  -0.0003886148  -0.0015419664
        0.0098448466  -0.0652138785  -0.0884316334   0.0011914173  -0.0008583185
        0.0013952737   0.0003735846   0.0005209648   0.0002919742
        0.0033304520  -0.0055798112  -0.0171613512   0.0036871747  -0.0002733915
        0.0005856661  -0.0013356457   0.0010167653   0.0007605680  -0.0594258491
        0.1023292874   0.2849002691  -0.0003950879   0.0008249172   0.0023239050
        0.0009495361  -0.0005214122  -0.0011294236  -0.0005529880  -0.0031350683
        0.0006675686  -0.0000084034  -0.0001382639  -0.0015692574   0.0036094806
       -0.0060891538  -0.0169240101  -0.0000400932  -0.0009981014  -0.0009381833
        0.0505462399  -0.0889935597  -0.2523825684  -0.0009905218   0.0008871714
        0.0004017220   0.0006257057   0.0006706206   0.0004650952
        0.0309119032  -0.0009039179  -0.0481716233  -0.1434285222  -0.0713027858
       -0.0082026078   0.0088639558  -0.0016278515  -0.0045655487  -0.0002319796
       -0.0005937848  -0.0003950879   0.4380740049   0.1495769078  -0.1138305239
       -0.0182128458  -0.0186389008  -0.0077836392  -0.1859865192  -0.0745752214
        0.0473345019  -0.0756783802   0.0167972054   0.0624039843  -0.0024039808
        0.0369522685   0.0593642290  -0.0158097499  -0.0080173576   0.0084708629
       -0.0390219604  -0.0252771953   0.0011576992   0.0033949049  -0.0015955341
        0.0043905463  -0.0004708307  -0.0007938325  -0.0001727927
        0.0188235011  -0.0163281774  -0.0477971507  -0.0970537382  -0.1427355389
       -0.0323654339  -0.0027289096   0.0027839922  -0.0050683476  -0.0004982442
        0.0003680011   0.0008249172   0.1495769078   0.3558676370   0.1712527671
       -0.0062728805  -0.0055175444  -0.0037232808  -0.0486438972  -0.0859519285
       -0.0005033598   0.0167682901  -0.1062601223  -0.1209935804   0.0188178347
        0.0207093007   0.0268866747  -0.0202373673  -0.0085686876   0.0090170569
       -0.0264622213  -0.0205634342   0.0053789362  -0.0019651928   0.0062373510
       -0.0021016259  -0.0001240824  -0.0000408489  -0.0008075731
       -0.0125234094  -0.0214227638  -0.0258926817  -0.0548203622  -0.0667710538
       -0.1007346674  -0.0065960666  -0.0066325899   0.0045151304  -0.0002254070
        0.0009754535   0.0023239050  -0.1138305239   0.1712527671   0.6128375422
        0.0146040045   0.0127715520   0.0048317897   0.0942026187   0.0341644103
       -0.1137946133   0.0624151335  -0.1209983271  -0.3542064559   0.0265776652
        0.0026580014  -0.0388989740  -0.0136610672  -0.0073113222   0.0063736279
       -0.0009548180   0.0037463135   0.0041919308   0.0037559422  -0.0025645698
       -0.0008330638   0.0010562902   0.0001321288  -0.0007134699
       -0.0083648533  -0.0024836856   0.0037158442  -0.1937394397  -0.0671325811
        0.1004291105  -0.0018673410   0.0000613101   0.0007665262  -0.0003236505
       -0.0005185586   0.0009495361  -0.0182128458  -0.0062728805   0.0146040045
        0.2179111730   0.0799776411  -0.1178848654  -0.0002306386  -0.0053445711
       -0.0006259845   0.0019127446   0.0019673433  -0.0023679534   0.0022831853
        0.0004852285  -0.0013653639  -0.0020803708  -0.0006768863   0.0003540329
        0.0025664545  -0.0019633285   0.0027717248  -0.0000017747   0.0017845468
       -0.0011821886   0.0001473569   0.0001164220  -0.0001644235
        0.0086487272   0.0013763271  -0.0050037649  -0.0672649013  -0.0596857359
        0.0322600554  -0.0001079401  -0.0009523566   0.0008782008  -0.0001435574
        0.0006824114  -0.0005214122  -0.0186389008  -0.0055175444   0.0127715520
        0.0799776411   0.0618945058  -0.0340230292  -0.0050974725   0.0006976779
       -0.0036771635   0.0030862014   0.0000333553   0.0005237613   0.0005542731
        0.0003622515  -0.0012058843  -0.0011515043  -0.0013115177   0.0007995880
       -0.0021991081   0.0035936682  -0.0037859582   0.0021599328  -0.0011748648
        0.0009928464   0.0001766089   0.0000018222  -0.0000087915
        0.0239055743   0.0099139634  -0.0162901586   0.1001949831   0.0320700003
       -0.1038258656   0.0003938222   0.0006160919  -0.0007273094   0.0016112943
       -0.0000188375  -0.0011294236  -0.0077836392  -0.0037232808   0.0048317897
       -0.1178848654  -0.0340230292   0.1177671170  -0.0001303793  -0.0033143936
        0.0006766413  -0.0003551957   0.0019946059   0.0015558118  -0.0011550667
       -0.0010929568   0.0001896404  -0.0005514434   0.0001343856   0.0000649693
        0.0023538514  -0.0040956340  -0.0032668624  -0.0005418749   0.0014651924
        0.0000609703  -0.0000570607   0.0000738923   0.0000926798
       -0.0161934678   0.0003945802   0.0205771038  -0.0322269838  -0.0336734648
       -0.0183473052  -0.0229673133   0.0034327942   0.0445599464  -0.0003716679
       -0.0046923126  -0.0005529880  -0.1859865192  -0.0486438972   0.0942026187
       -0.0002306386  -0.0050974725  -0.0001303793   0.4427504438   0.1941715383
       -0.1227162896  -0.0100961610   0.0014005228   0.0310385194  -0.0751636011
       -0.0176273528   0.0159853118  -0.1259534171  -0.1035279240  -0.0544886610
        0.0246926541   0.0110796232  -0.0117061043   0.0005756263   0.0005134296
        0.0004636627   0.0011710455   0.0022699356   0.0011145645
        0.0039930725  -0.0001292989  -0.0030978256  -0.0192146072  -0.0105993659
        0.0071877506  -0.0103775748   0.0050632913   0.0128798884  -0.0044023441
        0.0005879239  -0.0031350683  -0.0745752214  -0.0859519285   0.0341644103
       -0.0053445711   0.0006976779  -0.0033143936   0.1941715383   0.3368639419
        0.1896119558   0.0113633287   0.0117842742  -0.0140082950   0.0150111648
       -0.0987358273  -0.1276738836  -0.1035568325  -0.1429117631  -0.0719689997
       -0.0085813797  -0.0179278608  -0.0227834341   0.0005718454   0.0007233264
        0.0001781541   0.0009415809   0.0005356090   0.0019597407
        0.0270382589   0.0016878350  -0.0345214866   0.0077790560   0.0265310435
        0.0372169992   0.0195547974  -0.0056216310  -0.0307374849  -0.0000254783
       -0.0027332938   0.0006675686   0.0473345019  -0.0005033598  -0.1137946133
       -0.0006259845  -0.0036771635   0.0006766413  -0.1227162896   0.1896119558
        0.5963359162   0.0490180363  -0.0007397501  -0.0558302060   0.0751312552
       -0.0839165957  -0.2920239404  -0.0545159502  -0.0719917740  -0.0840459779
       -0.0472907636  -0.0490897982  -0.0246642266   0.0005730528   0.0002628266
       -0.0000641997  -0.0012544923   0.0001797053   0.0007850101
       -0.0025883768  -0.0050277297   0.0020229379   0.0113323372  -0.0118561230
       -0.0215110289  -0.0037488396  -0.0000665654   0.0040263192  -0.0003498612
        0.0007083553  -0.0000084034  -0.0756783802   0.0167682901   0.0624151335
        0.0019127446   0.0030862014  -0.0003551957  -0.0100961610   0.0113633287
        0.0490180363   0.0750590155  -0.0128831438  -0.0897695240  -0.0012991047
       -0.0072883070  -0.0030672611   0.0017080141   0.0023152117  -0.0020102827
        0.0033895292   0.0025326308   0.0003947176  -0.0000969654   0.0000546416
       -0.0009920840   0.0004560482   0.0002932092  -0.0001633648
       -0.0080197275   0.0007474069   0.0017199906  -0.0019557282  -0.0163695843
       -0.0474387768   0.0027226448   0.0006000901  -0.0013407847   0.0006535976
       -0.0008887599  -0.0001382639   0.0167972054  -0.1062601223  -0.1209983271
        0.0019673433   0.0000333553   0.0019946059   0.0014005228   0.0117842742
       -0.0007397501  -0.0128831438   0.1090842522   0.1685816882  -0.0067255888
        0.0015736402   0.0004853797   0.0033631390   0.0000361816   0.0008387445
        0.0029802434   0.0018160447  -0.0012158392  -0.0001932909  -0.0021544597
       -0.0019919748  -0.0001072171  -0.0000023192   0.0002433077
       -0.0033368221  -0.0022586720   0.0061297219  -0.0035945626  -0.0342195137
       -0.0458228459   0.0090777491   0.0024041063  -0.0085152857  -0.0000889024
       -0.0002281012  -0.0015692574   0.0624039843  -0.1209935804  -0.3542064559
       -0.0023679534   0.0005237613   0.0015558118   0.0310385194  -0.0140082950
       -0.0558302060  -0.0897695240   0.1685816882   0.4506693527  -0.0020799293
        0.0011835695   0.0112716784  -0.0001159750   0.0022191289   0.0013045675
        0.0011765912  -0.0005660696  -0.0024024152  -0.0014645988  -0.0023477119
       -0.0031924228  -0.0008785763  -0.0002903103   0.0006077565
       -0.0437794830  -0.0224678970   0.0147804276  -0.0028832223  -0.0080161600
       -0.0146181157  -0.1640037056  -0.0546826030   0.0740056362   0.0030972220
        0.0051045990   0.0036094806  -0.0024039808   0.0188178347   0.0265776652
        0.0022831853   0.0005542731  -0.0011550667  -0.0751636011   0.0150111648
        0.0751312552  -0.0012991047  -0.0067255888  -0.0020799293   0.4584765431
        0.2002522925  -0.0881390263  -0.0016819102  -0.0102166788  -0.0182838579
       -0.1496967858  -0.1215253521  -0.0806036852  -0.0001764075  -0.0033152912
        0.0041317020  -0.0227687494  -0.0127905931   0.0066435143
       -0.0449477155  -0.0161453386   0.0353368080  -0.0041761580  -0.0207694636
       -0.0267842187  -0.0419096314  -0.0643230953   0.0031261390  -0.0061974155
       -0.0089805454  -0.0060891538   0.0369522685   0.0207093007   0.0026580014
        0.0004852285   0.0003622515  -0.0010929568  -0.0176273528  -0.0987358273
       -0.0839165957  -0.0072883070   0.0015736402   0.0011835695   0.2002522925
        0.3734516987   0.1870133142   0.0009556899  -0.0118060435  -0.0199613598
       -0.0903369294  -0.1693403840  -0.1030560519  -0.0031356891   0.0046523582
       -0.0008644789  -0.0230262807  -0.0106485516   0.0124469834
       -0.0260360024   0.0052038191   0.0418197357  -0.0075830604  -0.0216162097
       -0.0318284764   0.0970519029   0.0202050353  -0.1284844160  -0.0167908022
       -0.0211814626  -0.0169240101   0.0593642290   0.0268866747  -0.0388989740
       -0.0013653639  -0.0012058843   0.0001896404   0.0159853118  -0.1276738836
       -0.2920239404  -0.0030672611   0.0004853797   0.0112716784  -0.0881390263
        0.1870133142   0.5789149020   0.0019888127  -0.0049770500  -0.0131606414
       -0.0240584400  -0.0612971720  -0.1242572409   0.0045016057  -0.0005950871
        0.0003298275  -0.0118519059  -0.0012474738   0.0130519153
        0.0002079733   0.0006311778   0.0004631437  -0.0018418118  -0.0038618104
        0.0047541143   0.0023823102   0.0029737794  -0.0007461886   0.0002202308
       -0.0004652196  -0.0000400932  -0.0158097499  -0.0202373673  -0.0136610672
       -0.0020803708  -0.0011515043  -0.0005514434  -0.1259534171  -0.1035568325
       -0.0545159502   0.0017080141   0.0033631390  -0.0001159750  -0.0016819102
        0.0009556899   0.0019888127   0.1414081685   0.1229994630   0.0612059057
        0.0028372172  -0.0018197240   0.0022295330  -0.0006729843   0.0003577148
       -0.0005035180  -0.0007236699  -0.0001885059  -0.0005072738
        0.0006582496   0.0003809686   0.0003733972  -0.0043331504   0.0035885649
       -0.0002727608   0.0018758768  -0.0000152519   0.0014396916  -0.0008682557
       -0.0003886148  -0.0009981014  -0.0080173576  -0.0085686876  -0.0073113222
       -0.0006768863  -0.0013115177   0.0001343856  -0.1035279240  -0.1429117631
       -0.0719917740   0.0023152117   0.0000361816   0.0022191289  -0.0102166788
       -0.0118060435  -0.0049770500   0.1229994630   0.1586816545   0.0854190836
       -0.0013893825   0.0036347688  -0.0041448805   0.0004215480  -0.0010486906
        0.0003124407   0.0007592863  -0.0002715691  -0.0002022387
        0.0005055922   0.0004031922  -0.0002563571   0.0039112068  -0.0008901207
        0.0000963436  -0.0026961048  -0.0000203373   0.0013684796  -0.0007773355
       -0.0015419664  -0.0009381833   0.0084708629   0.0090170569   0.0063736279
        0.0003540329   0.0007995880   0.0000649693  -0.0544886610  -0.0719689997
       -0.0840459779  -0.0020102827   0.0008387445   0.0013045675  -0.0182838579
       -0.0199613598  -0.0131606414   0.0612059057   0.0854190836   0.0934425022
        0.0030014458  -0.0035680735  -0.0035244404  -0.0003733897   0.0004029586
       -0.0003095055   0.0011805853   0.0010702335  -0.0004153846
       -0.2322222245  -0.0950236638   0.0877302602  -0.0036043228   0.0302914163
        0.0623226589  -0.0322716246  -0.0300049298  -0.0062237400  -0.0480855606
        0.0098448466   0.0505462399  -0.0390219604  -0.0264622213  -0.0009548180
        0.0025664545  -0.0021991081   0.0023538514   0.0246926541  -0.0085813797
       -0.0472907636   0.0033895292   0.0029802434   0.0011765912  -0.1496967858
       -0.0903369294  -0.0240584400   0.0028372172  -0.0013893825   0.0030014458
        0.4923390272   0.2215093087  -0.1387359395  -0.0177478672  -0.0084555940
        0.0085278964  -0.0031745362  -0.0021726063   0.0016047574
       -0.0656878225  -0.0838143612   0.0051826716   0.0095999379   0.0230304164
        0.0252796752  -0.0184827769  -0.0109035234  -0.0016181958   0.0102720245
       -0.0652138785  -0.0889935597  -0.0252771953  -0.0205634342   0.0037463135
       -0.0019633285   0.0035936682  -0.0040956340   0.0110796232  -0.0179278608
       -0.0490897982   0.0025326308   0.0018160447  -0.0005660696  -0.1215253521
       -0.1693403840  -0.0612971720  -0.0018197240   0.0036347688  -0.0035680735
        0.2215093087   0.3444953102   0.1656712086  -0.0187890395  -0.0087576901
        0.0092296096  -0.0014482864  -0.0000490760   0.0001190242
        0.1408420111   0.0444808481  -0.1461213920   0.0248787248  -0.0024394174
       -0.0357235770   0.0147371489   0.0138720492   0.0090106652   0.0513160868
       -0.0884316334  -0.2523825684   0.0011576992   0.0053789362   0.0041919308
        0.0027717248  -0.0037859582  -0.0032668624  -0.0117061043  -0.0227834341
       -0.0246642266   0.0003947176  -0.0012158392  -0.0024024152  -0.0806036852
       -0.1030560519  -0.1242572409   0.0022295330  -0.0041448805  -0.0035244404
       -0.1387359395   0.1656712086   0.5747525543  -0.0102159399  -0.0046234862
        0.0053637653   0.0029340228   0.0010776586  -0.0009761927
       -0.1326198653  -0.1047887384  -0.0563823596   0.0020426997   0.0011325636
        0.0008965745  -0.0022436289  -0.0016579850   0.0000288540  -0.0001559874
        0.0011914173  -0.0009905218   0.0033949049  -0.0019651928   0.0037559422
       -0.0000017747   0.0021599328  -0.0005418749   0.0005756263   0.0005718454
        0.0005730528  -0.0000969654  -0.0001932909  -0.0014645988  -0.0001764075
       -0.0031356891   0.0045016057  -0.0006729843   0.0004215480  -0.0003733897
       -0.0177478672  -0.0187890395  -0.0102159399   0.1480564813   0.1251942148
        0.0601907567  -0.0003542316  -0.0001415862   0.0000218987
       -0.1051184773  -0.1485310541  -0.0684020928  -0.0093128926  -0.0100951664
       -0.0079664442  -0.0016904183  -0.0010615313   0.0002255042   0.0015765602
       -0.0008583185   0.0008871714  -0.0015955341   0.0062373510  -0.0025645698
        0.0017845468  -0.0011748648   0.0014651924   0.0005134296   0.0007233264
        0.0002628266   0.0000546416  -0.0021544597  -0.0023477119  -0.0033152912
        0.0046523582  -0.0005950871   0.0003577148  -0.0010486906   0.0004029586
       -0.0084555940  -0.0087576901  -0.0046234862   0.1251942148   0.1621625945
        0.0831670671   0.0000070998  -0.0000938546   0.0000886717
       -0.0570387169  -0.0688783619  -0.0813654672  -0.0179897484  -0.0219391412
       -0.0144589922   0.0000178858   0.0002287821   0.0004383004  -0.0002936375
        0.0013952737   0.0004017220   0.0043905463  -0.0021016259  -0.0008330638
       -0.0011821886   0.0009928464   0.0000609703   0.0004636627   0.0001781541
       -0.0000641997  -0.0009920840  -0.0019919748  -0.0031924228   0.0041317020
       -0.0008644789   0.0003298275  -0.0005035180   0.0003124407  -0.0003095055
        0.0085278964   0.0092296096   0.0053637653   0.0601907567   0.0831670671
        0.0936673979   0.0002774434   0.0002714091  -0.0000383321
       -0.0008448242  -0.0015500753  -0.0001800912   0.0000702671  -0.0000790819
       -0.0002509683  -0.1119266471  -0.1281298187  -0.0887322208   0.0001218928
        0.0003735846   0.0006257057  -0.0004708307  -0.0001240824   0.0010562902
        0.0001473569   0.0001766089  -0.0000570607   0.0011710455   0.0009415809
       -0.0012544923   0.0004560482  -0.0001072171  -0.0008785763  -0.0227687494
       -0.0230262807  -0.0118519059  -0.0007236699   0.0007592863   0.0011805853
       -0.0031745362  -0.0014482864   0.0029340228  -0.0003542316   0.0000070998
        0.0002774434   0.1382968786   0.1522066820   0.0971312681
       -0.0007750939   0.0000432398  -0.0009297997   0.0001174747   0.0002012517
        0.0002130044  -0.1382201286  -0.1913694450  -0.1508605390   0.0000786228
        0.0005209648   0.0006706206  -0.0007938325  -0.0000408489   0.0001321288
        0.0001164220   0.0000018222   0.0000738923   0.0022699356   0.0005356090
        0.0001797053   0.0002932092  -0.0000023192  -0.0002903103  -0.0127905931
       -0.0106485516  -0.0012474738  -0.0001885059  -0.0002715691   0.0010702335
       -0.0021726063  -0.0000490760   0.0010776586  -0.0001415862  -0.0000938546
        0.0002714091   0.1522066820   0.2011727769   0.1496394700
        0.0012290709   0.0001294218  -0.0002929964   0.0001230705   0.0004686673
        0.0006868704  -0.1069507138  -0.1643686574  -0.1587937143   0.0000904243
        0.0002919742   0.0004650952  -0.0001727927  -0.0008075731  -0.0007134699
       -0.0001644235  -0.0000087915   0.0000926798   0.0011145645   0.0019597407
        0.0007850101  -0.0001633648   0.0002433077   0.0006077565   0.0066435143
        0.0124469834   0.0130519153  -0.0005072738  -0.0002022387  -0.0004153846
        0.0016047574   0.0001190242  -0.0009761927   0.0000218987   0.0000886717
       -0.0000383321   0.0971312681   0.1496394700   0.1455407628
