           1           2   1.49941507474857     
           2           5   1.24165769270269     
           2           6  0.971755584631708     
           5           7   1.25180128158495     
           5           8   1.37004682633351     
           7           8  0.105323613558304     
           3           9   1.02949005816376     
           7           9   1.43930080726966     
           7          10  0.966299025986716     
           1          11   1.40359587634242     
           4          11  0.971534656935839     
           9          11   1.34950090402238     
           1          12  0.970622910710828     
           3          13  0.857046570786991     
