$hessian                                                                        
        0.4116700345   0.0350545223   0.0121739596  -0.0437635932  -0.0251241258
       -0.0091049793  -0.1257040427   0.0696177161   0.0378976203  -0.0752558599
       -0.0648499279   0.0438564994  -0.0995505769  -0.0243366815  -0.0934692073
       -0.0504774183   0.0296623947   0.0178611142  -0.0056857937  -0.0102159129
        0.0009559905  -0.0112327499  -0.0098079850  -0.0101709975
        0.0350545223   0.3822904080  -0.0076450455  -0.0219490732  -0.0373705402
        0.0005055483   0.0448736817  -0.0904186654  -0.0236338817  -0.0376374010
       -0.1612813506   0.0733100628  -0.0203388160  -0.0578164101  -0.0391672767
        0.0262638123  -0.0048675330  -0.0040219608  -0.0202428487  -0.0247420525
        0.0051322496  -0.0060238775  -0.0057938562  -0.0044796958
        0.0121739596  -0.0076450455   0.3868583595  -0.0077870690   0.0008273674
       -0.0310567865   0.0277071381  -0.0264841654  -0.0596812700   0.0229689841
        0.0719588429  -0.0934500029  -0.0596951910  -0.0341944335  -0.1728641772
        0.0164724637  -0.0044046124  -0.0063131903   0.0133703224   0.0151963119
       -0.0050567947  -0.0252106080  -0.0152542653  -0.0184361378
       -0.0437635932  -0.0219490732  -0.0077870690   0.3252672152  -0.0932643809
       -0.0375556467  -0.0089452038  -0.0050842232  -0.0010818010   0.0028292936
        0.0133561986  -0.0084264725   0.0003461112   0.0020045867   0.0116248481
       -0.1887828093   0.1172792609   0.0618698181  -0.0403884973  -0.0094985800
        0.0076461202  -0.0465625165  -0.0028437888  -0.0262897973
       -0.0251241258  -0.0373705402   0.0008273674  -0.0932643809   0.4007054312
        0.0379853296   0.0313852685  -0.0093040585  -0.0072931098  -0.0232464021
       -0.0202641013   0.0100375227  -0.0080536691  -0.0026309701  -0.0058804063
        0.1312040165  -0.2040069473  -0.0687628943  -0.0080316778  -0.0846490782
        0.0354824794  -0.0048690293  -0.0424797357  -0.0023962886
       -0.0091049793   0.0005055483  -0.0310567865  -0.0375556467   0.0379853296
        0.3553404608   0.0139568117  -0.0031036190  -0.0032661225   0.0134355151
        0.0096746348  -0.0039023748  -0.0295289115  -0.0109059925  -0.0191119878
        0.0676503231  -0.0671365166  -0.1106296664   0.0016159709   0.0407995508
       -0.0756060628  -0.0204690834  -0.0078189354  -0.1117674601
       -0.1257040427   0.0448736817   0.0277071381  -0.0089452038   0.0313852685
        0.0139568117   0.1234584401  -0.0944615160  -0.0463302975   0.0097862566
        0.0210775371  -0.0103826671   0.0166488444   0.0025161607   0.0150397539
       -0.0193322060  -0.0023737041   0.0014434871   0.0022675902  -0.0023203631
        0.0009020583   0.0018203212  -0.0006970648  -0.0023362845
        0.0696177161  -0.0904186654  -0.0264841654  -0.0050842232  -0.0093040585
       -0.0031036190  -0.0944615160   0.1759013959   0.0589392295   0.0231493868
       -0.0660188462   0.0077141710   0.0037755525  -0.0181006879  -0.0382934175
        0.0049156092   0.0025833859  -0.0001649858  -0.0013216231   0.0039170332
       -0.0010710818  -0.0005909022   0.0014404430   0.0024638690
        0.0378976203  -0.0236338817  -0.0596812700  -0.0010818010  -0.0072931098
       -0.0032661225  -0.0463302975   0.0589392295   0.0888433360  -0.0109055819
        0.0087685775   0.0121258648   0.0169471008  -0.0389776285  -0.0426638790
        0.0044260226   0.0006799701   0.0013765264  -0.0002762919   0.0001788432
        0.0001767596  -0.0006767714   0.0013379997   0.0030887846
       -0.0752558599  -0.0376374010   0.0229689841   0.0028292936  -0.0232464021
        0.0134355151   0.0097862566   0.0231493868  -0.0109055819   0.0564329631
        0.0288763999  -0.0216054561   0.0110847707   0.0101356210  -0.0048250058
        0.0016481244   0.0040301738  -0.0001729768  -0.0080073746  -0.0058390959
        0.0006586628   0.0014818261   0.0005313176   0.0004458586
       -0.0648499279  -0.1612813506   0.0719588429   0.0133561986  -0.0202641013
        0.0096746348   0.0210775371  -0.0660188462   0.0087685775   0.0288763999
        0.2355874474  -0.1213363837   0.0106125068   0.0041336994   0.0305254632
       -0.0027537488   0.0108313689   0.0009504666  -0.0072347882  -0.0035577948
       -0.0000141107   0.0009158224   0.0005695770  -0.0005274906
        0.0438564994   0.0733100628  -0.0934500029  -0.0084264725   0.0100375227
       -0.0039023748  -0.0103826671   0.0077141710   0.0121258648  -0.0216054561
       -0.1213363837   0.1428773584  -0.0066912633   0.0330932681  -0.0622186943
        0.0002448829  -0.0045735717   0.0010953699   0.0031812202   0.0014340824
        0.0012240146  -0.0001767435   0.0003208484   0.0022484642
       -0.0995505769  -0.0203388160  -0.0596951910   0.0003461112  -0.0080536691
       -0.0295289115   0.0166488444   0.0037755525   0.0169471008   0.0110847707
        0.0106125068  -0.0066912633   0.0774289493   0.0145383900   0.0778563240
        0.0018847687   0.0039325219   0.0039246529   0.0015467692   0.0004334966
        0.0000819620  -0.0093896366  -0.0048999827  -0.0028946739
       -0.0243366815  -0.0578164101  -0.0341944335   0.0020045867  -0.0026309701
       -0.0109059925   0.0025161607  -0.0181006879  -0.0389776285   0.0101356210
        0.0041336994   0.0330932681   0.0145383900   0.0698240828   0.0500583143
       -0.0014728941   0.0043032819   0.0027395046   0.0004483796   0.0013836243
       -0.0004881362  -0.0038335624  -0.0010966203  -0.0013248964
       -0.0934692073  -0.0391672767  -0.1728641772   0.0116248481  -0.0058804063
       -0.0191119878   0.0150397539  -0.0382934175  -0.0426638790  -0.0048250058
        0.0305254632  -0.0622186943   0.0778563240   0.0500583143   0.2878866098
       -0.0015382822   0.0068511943   0.0074769375   0.0008297067  -0.0012946012
        0.0013224902  -0.0055181374  -0.0027992700   0.0001727006
       -0.0504774183   0.0262638123   0.0164724637  -0.1887828093   0.1312040165
        0.0676503231  -0.0193322060   0.0049156092   0.0044260226   0.0016481244
       -0.0027537488   0.0002448829   0.0018847687  -0.0014728941  -0.0015382822
        0.2617762404  -0.2063363943  -0.1095738019  -0.0077777021   0.0343448180
       -0.0066427918   0.0010610022   0.0138347812   0.0289611835
        0.0296623947  -0.0048675330  -0.0044046124   0.1172792609  -0.2040069473
       -0.0671365166  -0.0023737041   0.0025833859   0.0006799701   0.0040301738
        0.0108313689  -0.0045735717   0.0039325219   0.0043032819   0.0068511943
       -0.2063363943   0.2561890557   0.1073457378   0.0370548239  -0.0492488912
       -0.0038455921   0.0167509232  -0.0157837210  -0.0349166094
        0.0178611142  -0.0040219608  -0.0063131903   0.0618698181  -0.0687628943
       -0.1106296664   0.0014434871  -0.0001649858   0.0013765264  -0.0001729768
        0.0009504666   0.0010953699   0.0039246529   0.0027395046   0.0074769375
       -0.1095738019   0.1073457378   0.1123921226  -0.0052518347  -0.0029721156
        0.0184456372   0.0298995410  -0.0351137525  -0.0238437369
       -0.0056857937  -0.0202428487   0.0133703224  -0.0403884973  -0.0080316778
        0.0016159709   0.0022675902  -0.0013216231  -0.0002762919  -0.0080073746
       -0.0072347882   0.0031812202   0.0015467692   0.0004483796   0.0008297067
       -0.0077777021   0.0370548239  -0.0052518347   0.0557116943  -0.0053013829
       -0.0044274636   0.0023333139   0.0046291171  -0.0090416300
       -0.0102159129  -0.0247420525   0.0151963119  -0.0094985800  -0.0846490782
        0.0407995508  -0.0023203631   0.0039170332   0.0001788432  -0.0058390959
       -0.0035577948   0.0014340824   0.0004334966   0.0013836243  -0.0012946012
        0.0343448180  -0.0492488912  -0.0029721156  -0.0053013829   0.1545493611
       -0.0611089859  -0.0016029797   0.0023477981   0.0077669144
        0.0009559905   0.0051322496  -0.0050567947   0.0076461202   0.0354824794
       -0.0756060628   0.0009020583  -0.0010710818   0.0001767596   0.0006586628
       -0.0000141107   0.0012240146   0.0000819620  -0.0004881362   0.0013224902
       -0.0066427918  -0.0038455921   0.0184456372  -0.0044274636  -0.0611089859
        0.0906780383   0.0008254616   0.0259131778  -0.0311840825
       -0.0112327499  -0.0060238775  -0.0252106080  -0.0465625165  -0.0048690293
       -0.0204690834   0.0018203212  -0.0005909022  -0.0006767714   0.0014818261
        0.0009158224  -0.0001767435  -0.0093896366  -0.0038335624  -0.0055181374
        0.0010610022   0.0167509232   0.0298995410   0.0023333139  -0.0016029797
        0.0008254616   0.0604884396  -0.0007463945   0.0213263411
       -0.0098079850  -0.0057938562  -0.0152542653  -0.0028437888  -0.0424797357
       -0.0078189354  -0.0006970648   0.0014404430   0.0013379997   0.0005313176
        0.0005695770   0.0003208484  -0.0048999827  -0.0010966203  -0.0027992700
        0.0138347812  -0.0157837210  -0.0351137525   0.0046291171   0.0023477981
        0.0259131778  -0.0007463945   0.0607961152   0.0334141973
       -0.0101709975  -0.0044796958  -0.0184361378  -0.0262897973  -0.0023962886
       -0.1117674601  -0.0023362845   0.0024638690   0.0030887846   0.0004458586
       -0.0005274906   0.0022484642  -0.0028946739  -0.0013248964   0.0001727006
        0.0289611835  -0.0349166094  -0.0238437369  -0.0090416300   0.0077669144
       -0.0311840825   0.0213263411   0.0334141973   0.1797214679
