$hessian                                                                        
        0.4727044061   0.0503246036   0.0090548822  -0.0778262481   0.0208892910
        0.0043725152   0.0142697768  -0.0166704028  -0.0056398052  -0.0245362622
        0.0177086957   0.0110883275  -0.0101050904   0.0128515778  -0.0019769436
       -0.1094668207  -0.0511524171  -0.0395607031  -0.1782054628  -0.0483984754
        0.0954947566  -0.0694093319   0.0299500272  -0.0603935205  -0.0076433037
       -0.0059249482  -0.0091585284   0.0088380786   0.0082687473   0.0067862574
       -0.0186197416  -0.0178466991  -0.0100672381
        0.0503246036   0.4067363086  -0.0439474999   0.0233143874  -0.0646486351
        0.0038296499  -0.0090987631  -0.0458338931  -0.0286367353   0.0036135410
        0.0027292065  -0.0005799543   0.0182607822  -0.0192604936   0.0062960969
       -0.0448402721  -0.1124174241  -0.0374541583  -0.0519338559  -0.0602805749
        0.0382120079   0.0297950782  -0.0828163701   0.0791387535   0.0051367343
        0.0080618606   0.0034671577  -0.0141115083  -0.0242818967  -0.0171361439
       -0.0104607274  -0.0079880880  -0.0031891741
        0.0090548822  -0.0439474999   0.5047028522   0.0055910311   0.0031700635
       -0.0546238291  -0.0018542740  -0.0310269182  -0.0107736552   0.0202458376
       -0.0122861221  -0.0081621282  -0.0155051727   0.0206458140  -0.0005211547
       -0.0363366948  -0.0394502266  -0.0986009406   0.0959963543   0.0356701794
       -0.1151096878  -0.0627813333   0.0828854925  -0.2012661302  -0.0181135977
       -0.0152091741  -0.0184307371  -0.0045065274  -0.0099642446  -0.0058115122
        0.0082094945   0.0095126361   0.0085969228
       -0.0778262481   0.0233143874   0.0055910311   0.3468452320   0.0541261736
        0.0364154967  -0.1447078039  -0.0875040956  -0.0645250633  -0.0631188895
       -0.0027701443   0.0230354241  -0.0449259931   0.0053600141  -0.0015670709
        0.0073001047  -0.0107582193  -0.0032896161  -0.0155904461   0.0170309188
        0.0096273806  -0.0056036119   0.0105679496  -0.0001219977   0.0001066418
       -0.0014591556  -0.0011937623  -0.0020492667  -0.0052165887  -0.0033410628
       -0.0004297191  -0.0026912400  -0.0006307594
        0.0208892910  -0.0646486351   0.0031700635   0.0541261736   0.3793686196
        0.0479059834  -0.0948303953  -0.1914994870  -0.0861970643   0.0032898681
       -0.0398348073   0.0039289116   0.0109011856  -0.0629346916   0.0360187402
        0.0006495783  -0.0169651172  -0.0086068022  -0.0039473719   0.0052511462
        0.0024407268   0.0080909490  -0.0113344998  -0.0007988911   0.0006342170
        0.0005881614   0.0017245459  -0.0005400714   0.0018935658   0.0007317995
        0.0007365762   0.0001157451  -0.0003180132
        0.0043725152   0.0038296499  -0.0546238291   0.0364154967   0.0479059834
        0.3528295825  -0.0682315400  -0.0839486982  -0.1418784645   0.0317123265
        0.0125383377  -0.0757568185  -0.0044472659   0.0238598776  -0.0709768674
        0.0025186400  -0.0122452753  -0.0049137702   0.0106943283  -0.0117506187
       -0.0048186672  -0.0130819315   0.0208059661   0.0018561606   0.0000822042
       -0.0014100782  -0.0010457127  -0.0009243756  -0.0006458473  -0.0007055243
        0.0008896022   0.0010607030   0.0000339107
        0.0142697768  -0.0090987631  -0.0018542740  -0.1447078039  -0.0948303953
       -0.0682315400   0.1796311661   0.1538604433   0.1156102187  -0.0382254885
       -0.0400266688  -0.0103883269  -0.0171352494  -0.0111781952  -0.0365745689
        0.0011729898   0.0029681902   0.0017381375   0.0029070248  -0.0008669151
       -0.0023215456   0.0009866900  -0.0020387232   0.0013633750   0.0000771296
        0.0006419046   0.0005391893   0.0006354775  -0.0004702135  -0.0001197611
        0.0003882873   0.0010393361   0.0002390959
       -0.0166704028  -0.0458338931  -0.0310269182  -0.0875040956  -0.1914994870
       -0.0839486982   0.1538604433   0.2530132816   0.1466706592  -0.0411028807
       -0.0242473423  -0.0010617581  -0.0119474999   0.0143367271  -0.0269761221
        0.0048051064  -0.0079614619  -0.0027243749   0.0000736708   0.0020049464
       -0.0000447966  -0.0013463344   0.0025922193   0.0008890697   0.0002118946
        0.0003709109   0.0001157872  -0.0008866624  -0.0034475127  -0.0021816455
        0.0005067608   0.0006716117   0.0002887975
       -0.0056398052  -0.0286367353  -0.0107736552  -0.0645250633  -0.0861970643
       -0.1418784645   0.1156102187   0.1466706592   0.1658136396  -0.0121364266
       -0.0034511316   0.0221349296  -0.0357717420  -0.0240222720  -0.0374972860
        0.0026621556  -0.0032858980  -0.0004383892  -0.0010290726   0.0016026844
        0.0005328394   0.0009019838  -0.0013143098   0.0017558847   0.0003830667
        0.0005726079   0.0008677568  -0.0003642158  -0.0020773426  -0.0007685245
       -0.0000910992   0.0001388021   0.0002512692
       -0.0245362622   0.0036135410   0.0202458376  -0.0631188895   0.0032898681
        0.0317123265  -0.0382254885  -0.0411028807  -0.0121364266   0.1213634240
        0.0293237665  -0.0453077813   0.0063271789   0.0006020282   0.0044530550
       -0.0001410939  -0.0008545063  -0.0002865245  -0.0034588317   0.0043730316
        0.0014440372   0.0002005928  -0.0009549960  -0.0002318609   0.0000068228
        0.0000745368   0.0002001760   0.0004390902   0.0004592781   0.0001111591
        0.0011434571   0.0011763328  -0.0002039981
        0.0177086957   0.0027292065  -0.0122861221  -0.0027701443  -0.0398348073
        0.0125383377  -0.0400266688  -0.0242473423  -0.0034511316   0.0293237665
        0.0682356833  -0.0131848681  -0.0094126339  -0.0055353114   0.0197528573
        0.0015844929   0.0005091910  -0.0005434114   0.0039140022  -0.0034992523
       -0.0026855865  -0.0002889481   0.0009099342  -0.0006081345  -0.0000727844
       -0.0000009351  -0.0000335834  -0.0000075042   0.0004166991   0.0003308922
        0.0000477265   0.0003169343   0.0001707503
        0.0110883275  -0.0005799543  -0.0081621282   0.0230354241   0.0039289116
       -0.0757568185  -0.0103883269  -0.0010617581   0.0221349296  -0.0453077813
       -0.0131848681   0.0897040224   0.0205849884   0.0136395119  -0.0291091794
        0.0009475857   0.0000893822  -0.0002422481   0.0014289652  -0.0023336260
        0.0002979358  -0.0006201328   0.0002625787   0.0009308543   0.0001068020
        0.0001881774   0.0000639326  -0.0002469226  -0.0000868747   0.0000758368
       -0.0006289293  -0.0008614805   0.0000628627
       -0.0101050904   0.0182607822  -0.0155051727  -0.0449259931   0.0109011856
       -0.0044472659  -0.0171352494  -0.0119474999  -0.0357717420   0.0063271789
       -0.0094126339   0.0205849884   0.0673930527  -0.0116472103   0.0352060837
        0.0000521652  -0.0006649090  -0.0005456382   0.0003438032  -0.0002861152
       -0.0008551277  -0.0026400479   0.0044087006   0.0001796895   0.0003590752
        0.0000426077   0.0008134360   0.0001926469   0.0001095098   0.0002991323
        0.0001384588   0.0002355824   0.0000416166
        0.0128515778  -0.0192604936   0.0206458140   0.0053600141  -0.0629346916
        0.0238598776  -0.0111781952   0.0143367271  -0.0240222720   0.0006020282
       -0.0055353114   0.0136395119  -0.0116472103   0.0779453497  -0.0339197741
        0.0011123299  -0.0003838670   0.0014359580  -0.0006449901   0.0010230411
        0.0002264839   0.0040351448  -0.0054031647  -0.0008584557  -0.0003148459
       -0.0001446824  -0.0009699030  -0.0001557968   0.0003170909  -0.0001648216
       -0.0000200567   0.0000400019   0.0001275810
       -0.0019769436   0.0062960969  -0.0005211547  -0.0015670709   0.0360187402
       -0.0709768674  -0.0365745689  -0.0269761221  -0.0374972860   0.0044530550
        0.0197528573  -0.0291091794   0.0352060837  -0.0339197741   0.1340101161
        0.0004127892  -0.0005530610   0.0004662848  -0.0003388735  -0.0007003745
        0.0006058658  -0.0002839434  -0.0009237687   0.0014010655   0.0004468810
        0.0005220189   0.0012934605   0.0002652094   0.0004406492   0.0004599640
       -0.0000426181   0.0000427379  -0.0001322693
       -0.1094668207  -0.0448402721  -0.0363366948   0.0073001047   0.0006495783
        0.0025186400   0.0011729898   0.0048051064   0.0026621556  -0.0001410939
        0.0015844929   0.0009475857   0.0000521652   0.0011123299   0.0004127892
        0.4837173793  -0.0226437779  -0.0193768760  -0.0178172387  -0.0190187595
       -0.0117218976  -0.0077202627  -0.0078948829  -0.0088014747  -0.0692820557
        0.0339269478  -0.0606543096  -0.1049960120   0.0980568409   0.0301785108
       -0.1828191552  -0.0457376039   0.1001715715
       -0.0511524171  -0.1124174241  -0.0394502266  -0.0107582193  -0.0169651172
       -0.0122452753   0.0029681902  -0.0079614619  -0.0032858980  -0.0008545063
        0.0005091910   0.0000893822  -0.0006649090  -0.0003838670  -0.0005530610
       -0.0226437779   0.4690889736  -0.0273037234  -0.0078068202  -0.0086997360
       -0.0050719023   0.0064508050   0.0060690142   0.0054087056   0.0355084874
       -0.0875149353   0.0863717977   0.0933515416  -0.1823880216  -0.0391415488
       -0.0443983743  -0.0593366156   0.0351817500
       -0.0395607031  -0.0374541583  -0.0986009406  -0.0032896161  -0.0086068022
       -0.0049137702   0.0017381375  -0.0027243749  -0.0004383892  -0.0002865245
       -0.0005434114  -0.0002422481  -0.0005456382   0.0014359580   0.0004662848
       -0.0193768760  -0.0273037234   0.4887265731   0.0095560732   0.0095576290
        0.0071770069  -0.0170836332  -0.0173683746  -0.0177137067  -0.0612295635
        0.0841854555  -0.2023819504   0.0277916927  -0.0376180364  -0.0551557579
        0.1022866511   0.0364398387  -0.1169231018
       -0.1782054628  -0.0519338559   0.0959963543  -0.0155904461  -0.0039473719
        0.0106943283   0.0029070248   0.0000736708  -0.0010290726  -0.0034588317
        0.0039140022   0.0014289652   0.0003438032  -0.0006449901  -0.0003388735
       -0.0178172387  -0.0078068202   0.0095560732   0.2073203875   0.0612857353
       -0.1109991421   0.0064922512   0.0020146571  -0.0037426156   0.0001585589
        0.0003840779   0.0004866573   0.0008040326   0.0000502094   0.0000988770
       -0.0029540788  -0.0033893147  -0.0021515515
       -0.0483984754  -0.0602805749   0.0356701794   0.0170309188   0.0052511462
       -0.0117506187  -0.0008669151   0.0020049464   0.0016026844   0.0043730316
       -0.0034992523  -0.0023336260  -0.0002861152   0.0010230411  -0.0007003745
       -0.0190187595  -0.0086997360   0.0095576290   0.0612857353   0.0706130333
       -0.0422330412  -0.0114764818  -0.0048845090   0.0118017899   0.0006602946
        0.0007073589   0.0002663180  -0.0000744158   0.0004723918   0.0006668699
       -0.0032288175  -0.0027078454  -0.0025478102
        0.0954947566   0.0382120079  -0.1151096878   0.0096273806   0.0024407268
       -0.0048186672  -0.0023215456  -0.0000447966   0.0005328394   0.0014440372
       -0.0026855865   0.0002979358  -0.0008551277   0.0002264839   0.0006058658
       -0.0117218976  -0.0050719023   0.0071770069  -0.1109991421  -0.0422330412
        0.1317102170   0.0223758898   0.0111814020  -0.0215910679  -0.0001925920
       -0.0002270834   0.0009772815  -0.0002186899   0.0006343037   0.0004745494
       -0.0026330692  -0.0024325142  -0.0002562728
       -0.0694093319   0.0297950782  -0.0627813333  -0.0056036119   0.0080909490
       -0.0130819315   0.0009866900  -0.0013463344   0.0009019838   0.0002005928
       -0.0002889481  -0.0006201328  -0.0026400479   0.0040351448  -0.0002839434
       -0.0077202627   0.0064508050  -0.0170836332   0.0064922512  -0.0114764818
        0.0223758898   0.0792409163  -0.0336455457   0.0738320516  -0.0023514351
       -0.0023810902  -0.0032638270   0.0005383981   0.0001088951   0.0003872329
        0.0002658412   0.0006575283  -0.0003823569
        0.0299500272  -0.0828163701   0.0828854925   0.0105679496  -0.0113344998
        0.0208059661  -0.0020387232   0.0025922193  -0.0013143098  -0.0009549960
        0.0009099342   0.0002625787   0.0044087006  -0.0054031647  -0.0009237687
       -0.0078948829   0.0060690142  -0.0173683746   0.0020146571  -0.0048845090
        0.0111814020  -0.0336455457   0.0949248868  -0.0924656331  -0.0027391537
       -0.0018281733  -0.0029618174  -0.0001799072   0.0011555777   0.0000125097
        0.0005118742   0.0006150849  -0.0001140454
       -0.0603935205   0.0791387535  -0.2012661302  -0.0001219977  -0.0007988911
        0.0018561606   0.0013633750   0.0008890697   0.0017558847  -0.0002318609
       -0.0006081345   0.0009308543   0.0001796895  -0.0008584557   0.0014010655
       -0.0088014747   0.0054087056  -0.0177137067  -0.0037426156   0.0118017899
       -0.0215910679   0.0738320516  -0.0924656331   0.2353341603  -0.0029231449
       -0.0030103494  -0.0017319857   0.0004987834   0.0001846183   0.0001127087
        0.0003407150   0.0003185269   0.0009120563
       -0.0076433037   0.0051367343  -0.0181135977   0.0001066418   0.0006342170
        0.0000822042   0.0000771296   0.0002118946   0.0003830667   0.0000068228
       -0.0000727844   0.0001068020   0.0003590752  -0.0003148459   0.0004468810
       -0.0692820557   0.0355084874  -0.0612295635   0.0001585589   0.0006602946
       -0.0001925920  -0.0023514351  -0.0027391537  -0.0029231449   0.0794383136
       -0.0389483618   0.0750294486  -0.0078024639   0.0121721559  -0.0161988248
        0.0069327163  -0.0122486380   0.0226093205
       -0.0059249482   0.0080618606  -0.0152091741  -0.0014591556   0.0005881614
       -0.0014100782   0.0006419046   0.0003709109   0.0005726079   0.0000745368
       -0.0000009351   0.0001881774   0.0000426077  -0.0001446824   0.0005220189
        0.0339269478  -0.0875149353   0.0841854555   0.0003840779   0.0007073589
       -0.0002270834  -0.0023810902  -0.0018281733  -0.0030103494  -0.0389483618
        0.1011861341  -0.0988206109   0.0115001724  -0.0165809357   0.0237314155
        0.0021433087  -0.0048447640   0.0094776209
       -0.0091585284   0.0034671577  -0.0184307371  -0.0011937623   0.0017245459
       -0.0010457127   0.0005391893   0.0001157872   0.0008677568   0.0002001760
       -0.0000335834   0.0000639326   0.0008134360  -0.0009699030   0.0012934605
       -0.0606543096   0.0863717977  -0.2023819504   0.0004866573   0.0002663180
        0.0009772815  -0.0032638270  -0.0029618174  -0.0017319857   0.0750294486
       -0.0988206109   0.2370930836   0.0013936547  -0.0013187334   0.0043746280
       -0.0041921345   0.0121590416  -0.0210797571
        0.0088380786  -0.0141115083  -0.0045065274  -0.0020492667  -0.0005400714
       -0.0009243756   0.0006354775  -0.0008866624  -0.0003642158   0.0004390902
       -0.0000075042  -0.0002469226   0.0001926469  -0.0001557968   0.0002652094
       -0.1049960120   0.0933515416   0.0277916927   0.0008040326  -0.0000744158
       -0.0002186899   0.0005383981  -0.0001799072   0.0004987834  -0.0078024639
        0.0115001724   0.0013936547   0.1222827877  -0.1112972572  -0.0323932399
       -0.0188827691   0.0224014093   0.0087046311
        0.0082687473  -0.0242818967  -0.0099642446  -0.0052165887   0.0018935658
       -0.0006458473  -0.0004702135  -0.0034475127  -0.0020773426   0.0004592781
        0.0004166991  -0.0000868747   0.0001095098   0.0003170909   0.0004406492
        0.0980568409  -0.1823880216  -0.0376180364   0.0000502094   0.0004723918
        0.0006343037   0.0001088951   0.0011555777   0.0001846183   0.0121721559
       -0.0165809357  -0.0013187334  -0.1112972572   0.2174585165   0.0493153289
       -0.0022415772   0.0049845250   0.0011361790
        0.0067862574  -0.0171361439  -0.0058115122  -0.0033410628   0.0007317995
       -0.0007055243  -0.0001197611  -0.0021816455  -0.0007685245   0.0001111591
        0.0003308922   0.0000758368   0.0002991323  -0.0001648216   0.0004599640
        0.0301785108  -0.0391415488  -0.0551557579   0.0000988770   0.0006668699
        0.0004745494   0.0003872329   0.0000125097   0.0001127087  -0.0161988248
        0.0237314155   0.0043746280  -0.0323932399   0.0493153289   0.0630682049
        0.0141917191  -0.0161646559  -0.0061245730
       -0.0186197416  -0.0104607274   0.0082094945  -0.0004297191   0.0007365762
        0.0008896022   0.0003882873   0.0005067608  -0.0000910992   0.0011434571
        0.0000477265  -0.0006289293   0.0001384588  -0.0000200567  -0.0000426181
       -0.1828191552  -0.0443983743   0.1022866511  -0.0029540788  -0.0032288175
       -0.0026330692   0.0002658412   0.0005118742   0.0003407150   0.0069327163
        0.0021433087  -0.0041921345  -0.0188827691  -0.0022415772   0.0141917191
        0.2148367030   0.0564033066  -0.1183303316
       -0.0178466991  -0.0079880880   0.0095126361  -0.0026912400   0.0001157451
        0.0010607030   0.0010393361   0.0006716117   0.0001388021   0.0011763328
        0.0003169343  -0.0008614805   0.0002355824   0.0000400019   0.0000427379
       -0.0457376039  -0.0593366156   0.0364398387  -0.0033893147  -0.0027078454
       -0.0024325142   0.0006575283   0.0006150849   0.0003185269  -0.0122486380
       -0.0048447640   0.0121590416   0.0224014093   0.0049845250  -0.0161646559
        0.0564033066   0.0681334101  -0.0402136356
       -0.0100672381  -0.0031891741   0.0085969228  -0.0006307594  -0.0003180132
        0.0000339107   0.0002390959   0.0002887975   0.0002512692  -0.0002039981
        0.0001707503   0.0000628627   0.0000416166   0.0001275810  -0.0001322693
        0.1001715715   0.0351817500  -0.1169231018  -0.0021515515  -0.0025478102
       -0.0002562728  -0.0003823569  -0.0001140454   0.0009120563   0.0226093205
        0.0094776209  -0.0210797571   0.0087046311   0.0011361790  -0.0061245730
       -0.1183303316  -0.0402136356   0.1346589522
