           1           2  0.96328636877096430     
           2           3   1.1370690186710677     
           2           4  0.93183436729866109     
           2           5  0.93176324440516001     
           1           6   1.0208805348546690     
           1           7  0.98043624965480114     
           1           8  0.98054686201653685     
           6           9  0.98766827124594581     
           6          10  0.98604872056275439     
           6          11  0.98768023936705973     
