# Atoms array:
     x           y            z                   Z     indx
   -5.769815    -2.777391     2.589339            6      0
   -4.344927    -1.776086     2.518401           17      1
   -6.211880    -3.763777     1.221029           17      2
   -6.789289    -2.744338     4.003403           17      3

# Gridpoints array:
     x           y            z                   Z     indx
   -5.769815    -0.737391     2.589339            6      0
   -5.769815    -4.817391     2.589339            6      0
   -4.592020    -3.955185     3.767134            6      0
   -6.947609    -1.599596     1.411545            6      0
   -4.592020    -3.955185     1.411545            6      0
   -5.392179    -2.399755     0.620486            6      0
   -6.147451    -0.808538     2.966975            6      0
   -5.392179    -4.746244     2.966975            6      0
   -6.147451    -4.746244     2.966975            6      0
   -6.147451    -0.808538     2.211703            6      0
   -5.392179    -4.746244     2.211703            6      0
   -7.738668    -2.399755     2.211703            6      0
   -7.738668    -3.155026     2.211703            6      0
   -7.178274    -1.368932     3.029892            6      0
   -4.361356    -4.185850     3.029892            6      0
   -7.178274    -4.185850     3.029892            6      0
   -7.178274    -1.368932     2.148786            6      0
   -4.361356    -4.185850     2.148786            6      0
   -4.361356    -2.336838     3.997798            6      0
   -4.361356    -3.217943     3.997798            6      0
   -7.178274    -2.336838     1.180880            6      0
   -4.361356    -3.217943     1.180880            6      0
   -5.329262    -1.368932     3.997798            6      0
   -5.329262    -4.185850     3.997798            6      0
   -5.329262    -1.368932     1.180880            6      0
   -6.210368    -1.368932     1.180880            6      0
   -4.962608    -1.970184     4.280030            6      0
   -4.962608    -3.584597     4.280030            6      0
   -4.962608    -1.970184     0.898648            6      0
   -6.577021    -1.970184     0.898648            6      0
   -6.577021    -1.086700     3.396546            6      0
   -4.962608    -4.468081     3.396546            6      0
   -6.577021    -4.468081     3.396546            6      0
   -6.577021    -1.086700     1.782133            6      0
   -4.079124    -3.584597     3.396546            6      0
   -7.460506    -1.970184     1.782133            6      0
   -4.079124    -3.584597     1.782133            6      0
   -6.745688    -0.985946     2.589339            6      0
   -4.793942    -4.568835     2.589339            6      0
   -6.745688    -4.568835     2.589339            6      0
   -7.561259    -1.801518     2.589339            6      0
   -3.978371    -3.753263     2.589339            6      0
   -7.561259    -3.753263     2.589339            6      0
   -4.793942    -2.777391     4.380783            6      0
   -4.793942    -2.777391     0.797895            6      0
   -7.561259    -2.777391     1.613466            6      0
   -5.769815    -1.801518     0.797895            6      0
   -5.769815    -0.985946     3.565212            6      0
   -5.769815    -4.568835     3.565212            6      0
   -5.769815    -0.985946     1.613466            6      0
   -2.244927    -1.776086     2.518401           17      1
   -4.344927     0.323915     2.518401           17      1
   -4.344927    -3.876086     2.518401           17      1
   -4.344927    -1.776086     4.618401           17      1
   -4.344927    -1.776086     0.418401           17      1
   -3.132491    -0.563650     3.730837           17      1
   -5.557362    -0.563650     3.730837           17      1
   -3.132491    -2.988521     3.730837           17      1
   -3.132491    -0.563650     1.305966           17      1
   -5.557362    -0.563650     1.305966           17      1
   -3.132491    -2.988521     1.305966           17      1
   -3.956184    -1.387343     4.545162           17      1
   -4.733670    -1.387343     4.545162           17      1
   -3.956184    -2.164828     4.545162           17      1
   -4.733670    -2.164828     4.545162           17      1
   -3.956184    -1.387343     0.491641           17      1
   -4.733670    -1.387343     0.491641           17      1
   -3.956184    -2.164828     0.491641           17      1
   -4.733670    -2.164828     0.491641           17      1
   -3.956184     0.250675     2.907144           17      1
   -4.733670     0.250675     2.907144           17      1
   -3.956184    -3.802846     2.907144           17      1
   -3.956184     0.250675     2.129659           17      1
   -4.733670     0.250675     2.129659           17      1
   -3.956184    -3.802846     2.129659           17      1
   -2.318166    -1.387343     2.907144           17      1
   -2.318166    -2.164828     2.907144           17      1
   -2.318166    -1.387343     2.129659           17      1
   -6.371687    -1.387343     2.129659           17      1
   -2.318166    -2.164828     2.129659           17      1
   -2.895043    -0.326201     2.971912           17      1
   -5.794811    -0.326201     2.971912           17      1
   -2.895043    -3.225970     2.971912           17      1
   -2.895043    -0.326201     2.064891           17      1
   -5.794811    -0.326201     2.064891           17      1
   -2.895043    -3.225970     2.064891           17      1
   -2.895043    -1.322575     3.968286           17      1
   -5.794811    -1.322575     3.968286           17      1
   -2.895043    -2.229596     3.968286           17      1
   -2.895043    -1.322575     1.068517           17      1
   -5.794811    -1.322575     1.068517           17      1
   -2.895043    -2.229596     1.068517           17      1
   -3.891416    -0.326201     3.968286           17      1
   -4.798437    -0.326201     3.968286           17      1
   -3.891416    -3.225970     3.968286           17      1
   -4.798437    -3.225970     3.968286           17      1
   -3.891416    -0.326201     1.068517           17      1
   -4.798437    -0.326201     1.068517           17      1
   -3.891416    -3.225970     1.068517           17      1
   -3.513979    -0.945138     4.258818           17      1
   -5.175875    -0.945138     4.258818           17      1
   -3.513979    -2.607033     4.258818           17      1
   -3.513979    -0.945138     0.777984           17      1
   -5.175875    -0.945138     0.777984           17      1
   -3.513979    -2.607033     0.777984           17      1
   -5.175875    -2.607033     0.777984           17      1
   -3.513979    -0.035669     3.349349           17      1
   -5.175875    -0.035669     3.349349           17      1
   -3.513979    -3.516502     3.349349           17      1
   -3.513979    -0.035669     1.687454           17      1
   -5.175875    -0.035669     1.687454           17      1
   -3.513979    -3.516502     1.687454           17      1
   -2.604510    -0.945138     3.349349           17      1
   -6.085344    -0.945138     3.349349           17      1
   -2.604510    -2.607033     3.349349           17      1
   -2.604510    -0.945138     1.687454           17      1
   -6.085344    -0.945138     1.687454           17      1
   -2.604510    -2.607033     1.687454           17      1
   -3.340352     0.068048     2.518401           17      1
   -5.349502     0.068048     2.518401           17      1
   -3.340352    -3.620219     2.518401           17      1
   -2.500793    -0.771511     2.518401           17      1
   -6.189060    -0.771511     2.518401           17      1
   -2.500793    -2.780660     2.518401           17      1
   -3.340352    -1.776086     4.362535           17      1
   -5.349502    -1.776086     4.362535           17      1
   -3.340352    -1.776086     0.674268           17      1
   -5.349502    -1.776086     0.674268           17      1
   -2.500793    -1.776086     3.522976           17      1
   -2.500793    -1.776086     1.513826           17      1
   -6.189060    -1.776086     1.513826           17      1
   -4.344927    -0.771511     4.362535           17      1
   -4.344927    -2.780660     4.362535           17      1
   -4.344927    -0.771511     0.674268           17      1
   -4.344927    -2.780660     0.674268           17      1
   -4.344927     0.068048     3.522976           17      1
   -4.344927    -3.620219     3.522976           17      1
   -4.344927     0.068048     1.513826           17      1
   -4.344927    -3.620219     1.513826           17      1
   -4.111880    -3.763777     1.221029           17      2
   -8.311880    -3.763777     1.221029           17      2
   -6.211880    -1.663777     1.221029           17      2
   -6.211880    -5.863777     1.221029           17      2
   -6.211880    -3.763777    -0.878971           17      2
   -4.999445    -4.976213     2.433464           17      2
   -7.424316    -4.976213     2.433464           17      2
   -4.999445    -2.551341     0.008593           17      2
   -7.424316    -2.551341     0.008593           17      2
   -4.999445    -4.976213     0.008593           17      2
   -7.424316    -4.976213     0.008593           17      2
   -5.823137    -3.375034    -0.805732           17      2
   -6.600623    -3.375034    -0.805732           17      2
   -5.823137    -4.152520    -0.805732           17      2
   -6.600623    -4.152520    -0.805732           17      2
   -6.600623    -1.737016     1.609772           17      2
   -5.823137    -5.790537     1.609772           17      2
   -6.600623    -5.790537     1.609772           17      2
   -5.823137    -1.737016     0.832286           17      2
   -6.600623    -1.737016     0.832286           17      2
   -5.823137    -5.790537     0.832286           17      2
   -6.600623    -5.790537     0.832286           17      2
   -4.185120    -3.375034     1.609772           17      2
   -8.238641    -3.375034     1.609772           17      2
   -4.185120    -4.152520     1.609772           17      2
   -8.238641    -4.152520     1.609772           17      2
   -4.185120    -3.375034     0.832286           17      2
   -8.238641    -3.375034     0.832286           17      2
   -4.185120    -4.152520     0.832286           17      2
   -8.238641    -4.152520     0.832286           17      2
   -7.661764    -2.313893     1.674539           17      2
   -4.761996    -5.213661     1.674539           17      2
   -7.661764    -5.213661     1.674539           17      2
   -4.761996    -2.313893     0.767518           17      2
   -7.661764    -2.313893     0.767518           17      2
   -4.761996    -5.213661     0.767518           17      2
   -7.661764    -5.213661     0.767518           17      2
   -7.661764    -3.310267     2.670913           17      2
   -4.761996    -4.217287     2.670913           17      2
   -7.661764    -4.217287     2.670913           17      2
   -4.761996    -3.310267    -0.228855           17      2
   -7.661764    -3.310267    -0.228855           17      2
   -4.761996    -4.217287    -0.228855           17      2
   -7.661764    -4.217287    -0.228855           17      2
   -5.758370    -5.213661     2.670913           17      2
   -6.665391    -5.213661     2.670913           17      2
   -5.758370    -2.313893    -0.228855           17      2
   -6.665391    -2.313893    -0.228855           17      2
   -5.758370    -5.213661    -0.228855           17      2
   -6.665391    -5.213661    -0.228855           17      2
   -5.380932    -4.594725     2.961446           17      2
   -7.042828    -4.594725     2.961446           17      2
   -5.380932    -2.932829    -0.519388           17      2
   -7.042828    -2.932829    -0.519388           17      2
   -5.380932    -4.594725    -0.519388           17      2
   -7.042828    -4.594725    -0.519388           17      2
   -7.042828    -2.023360     2.051977           17      2
   -5.380932    -5.504194     2.051977           17      2
   -7.042828    -5.504194     2.051977           17      2
   -5.380932    -2.023360     0.390081           17      2
   -7.042828    -2.023360     0.390081           17      2
   -5.380932    -5.504194     0.390081           17      2
   -7.042828    -5.504194     0.390081           17      2
   -7.952297    -2.932829     2.051977           17      2
   -4.471463    -4.594725     2.051977           17      2
   -7.952297    -4.594725     2.051977           17      2
   -4.471463    -2.932829     0.390081           17      2
   -7.952297    -2.932829     0.390081           17      2
   -4.471463    -4.594725     0.390081           17      2
   -7.952297    -4.594725     0.390081           17      2
   -7.216455    -1.919643     1.221029           17      2
   -5.207305    -5.607911     1.221029           17      2
   -7.216455    -5.607911     1.221029           17      2
   -4.367747    -2.759202     1.221029           17      2
   -8.056014    -2.759202     1.221029           17      2
   -4.367747    -4.768352     1.221029           17      2
   -8.056014    -4.768352     1.221029           17      2
   -5.207305    -3.763777    -0.623105           17      2
   -7.216455    -3.763777    -0.623105           17      2
   -4.367747    -3.763777     2.225604           17      2
   -8.056014    -3.763777     2.225604           17      2
   -4.367747    -3.763777     0.216454           17      2
   -8.056014    -3.763777     0.216454           17      2
   -6.211880    -4.768352     3.065162           17      2
   -6.211880    -2.759202    -0.623105           17      2
   -6.211880    -4.768352    -0.623105           17      2
   -6.211880    -5.607911     2.225604           17      2
   -6.211880    -1.919643     0.216454           17      2
   -6.211880    -5.607911     0.216454           17      2
   -8.889289    -2.744338     4.003403           17      3
   -6.789289    -0.644338     4.003403           17      3
   -6.789289    -4.844338     4.003403           17      3
   -6.789289    -2.744338     6.103403           17      3
   -5.576854    -1.531902     5.215838           17      3
   -8.001725    -1.531902     5.215838           17      3
   -5.576854    -3.956774     5.215838           17      3
   -8.001725    -3.956774     5.215838           17      3
   -8.001725    -1.531902     2.790967           17      3
   -8.001725    -3.956774     2.790967           17      3
   -6.400546    -2.355595     6.030163           17      3
   -7.178032    -2.355595     6.030163           17      3
   -6.400546    -3.133081     6.030163           17      3
   -7.178032    -3.133081     6.030163           17      3
   -6.400546    -0.717578     4.392146           17      3
   -7.178032    -0.717578     4.392146           17      3
   -6.400546    -4.771098     4.392146           17      3
   -7.178032    -4.771098     4.392146           17      3
   -6.400546    -0.717578     3.614660           17      3
   -7.178032    -0.717578     3.614660           17      3
   -6.400546    -4.771098     3.614660           17      3
   -7.178032    -4.771098     3.614660           17      3
   -4.762529    -2.355595     4.392146           17      3
   -8.816050    -2.355595     4.392146           17      3
   -4.762529    -3.133081     4.392146           17      3
   -8.816050    -3.133081     4.392146           17      3
   -8.816050    -2.355595     3.614660           17      3
   -8.816050    -3.133081     3.614660           17      3
   -5.339405    -1.294454     4.456913           17      3
   -8.239173    -1.294454     4.456913           17      3
   -5.339405    -4.194222     4.456913           17      3
   -8.239173    -4.194222     4.456913           17      3
   -8.239173    -1.294454     3.549892           17      3
   -5.339405    -4.194222     3.549892           17      3
   -8.239173    -4.194222     3.549892           17      3
   -5.339405    -2.290828     5.453287           17      3
   -8.239173    -2.290828     5.453287           17      3
   -5.339405    -3.197848     5.453287           17      3
   -8.239173    -3.197848     5.453287           17      3
   -8.239173    -2.290828     2.553519           17      3
   -8.239173    -3.197848     2.553519           17      3
   -6.335779    -1.294454     5.453287           17      3
   -7.242800    -1.294454     5.453287           17      3
   -6.335779    -4.194222     5.453287           17      3
   -7.242800    -4.194222     5.453287           17      3
   -6.335779    -1.294454     2.553519           17      3
   -7.242800    -1.294454     2.553519           17      3
   -7.242800    -4.194222     2.553519           17      3
   -5.958341    -1.913390     5.743820           17      3
   -7.620237    -1.913390     5.743820           17      3
   -5.958341    -3.575286     5.743820           17      3
   -7.620237    -3.575286     5.743820           17      3
   -7.620237    -1.913390     2.262986           17      3
   -7.620237    -3.575286     2.262986           17      3
   -5.958341    -1.003921     4.834351           17      3
   -7.620237    -1.003921     4.834351           17      3
   -5.958341    -4.484755     4.834351           17      3
   -7.620237    -4.484755     4.834351           17      3
   -5.958341    -1.003921     3.172455           17      3
   -7.620237    -1.003921     3.172455           17      3
   -5.958341    -4.484755     3.172455           17      3
   -7.620237    -4.484755     3.172455           17      3
   -5.048872    -1.913390     4.834351           17      3
   -8.529706    -1.913390     4.834351           17      3
   -5.048872    -3.575286     4.834351           17      3
   -8.529706    -3.575286     4.834351           17      3
   -8.529706    -1.913390     3.172455           17      3
   -8.529706    -3.575286     3.172455           17      3
   -5.784714    -0.900204     4.003403           17      3
   -7.793864    -0.900204     4.003403           17      3
   -5.784714    -4.588472     4.003403           17      3
   -7.793864    -4.588472     4.003403           17      3
   -4.945156    -1.739763     4.003403           17      3
   -8.633423    -1.739763     4.003403           17      3
   -4.945156    -3.748913     4.003403           17      3
   -8.633423    -3.748913     4.003403           17      3
   -5.784714    -2.744338     5.847536           17      3
   -7.793864    -2.744338     5.847536           17      3
   -7.793864    -2.744338     2.159269           17      3
   -4.945156    -2.744338     5.007978           17      3
   -8.633423    -2.744338     5.007978           17      3
   -8.633423    -2.744338     2.998828           17      3
   -6.789289    -1.739763     5.847536           17      3
   -6.789289    -3.748913     5.847536           17      3
   -6.789289    -1.739763     2.159269           17      3
   -6.789289    -0.900204     5.007978           17      3
   -6.789289    -4.588472     5.007978           17      3
   -6.789289    -0.900204     2.998828           17      3
   -6.789289    -4.588472     2.998828           17      3
