$hessian                                                                        
        0.4254571386   0.0083934566  -0.0092615775  -0.1160013955   0.0532386422
       -0.0020114640  -0.0730918694  -0.0530468504  -0.0159247365  -0.1561520759
       -0.0363523987   0.0711232035  -0.0517894147   0.0087469913  -0.0309024380
       -0.0051813178   0.0009645888  -0.0098265119  -0.0087635483   0.0105011465
       -0.0053026022  -0.0216595987   0.0186070570   0.0023304663   0.0071820816
       -0.0110526333  -0.0002243398
        0.0083934566   0.4206294946  -0.0414388284   0.0480929276  -0.1039144661
        0.0071776301  -0.0575419989  -0.1990626502  -0.0393584285  -0.0304042917
       -0.0482387681   0.0251800162   0.0092460925  -0.0582377908   0.0529956053
        0.0030587561   0.0091549149  -0.0109900403   0.0074052985  -0.0045069092
        0.0067223581  -0.0023232140   0.0047817809  -0.0003365189   0.0140729734
       -0.0206056059   0.0000482064
       -0.0092615775  -0.0414388284   0.4717662184  -0.0056935389   0.0091410778
       -0.0657753428  -0.0138212310  -0.0271450284  -0.0768066055   0.0734728819
        0.0266056824  -0.0904310853  -0.0289749450   0.0520246460  -0.1963521610
       -0.0138099862  -0.0205780272  -0.0386345987  -0.0209328576   0.0228086639
       -0.0035757096   0.0132067769  -0.0124564038  -0.0001461884   0.0058144774
       -0.0089617823  -0.0000445272
       -0.1160013955   0.0480929276  -0.0056935389   0.4724829677   0.0538542392
       -0.0064542978   0.0126347392  -0.0040703510   0.0021487958  -0.0274506081
        0.0195760098   0.0030644644  -0.0072734346   0.0088131458  -0.0024337427
        0.0012223637   0.0000100458   0.0004933501  -0.0649937393   0.0031033211
       -0.0674854768  -0.1843060995  -0.0437195496   0.1059930980  -0.0863147937
       -0.0856597888  -0.0296326521
        0.0532386422  -0.1039144661   0.0091410778   0.0538542392   0.4600278120
        0.0123660325   0.0090913043  -0.0502023398  -0.0105924714   0.0001172557
        0.0023288880  -0.0008773953   0.0097662710  -0.0086985491   0.0036884288
        0.0004204760   0.0003805355  -0.0039809267   0.0027786502  -0.0428200822
        0.0181419261  -0.0442775095  -0.0567259957   0.0308102317  -0.0849893292
       -0.2003758025  -0.0586969036
       -0.0020114640   0.0071776301  -0.0657753428  -0.0064542978   0.0123660325
        0.5173595294   0.0054010111  -0.0205478593   0.0027559487   0.0144116633
       -0.0094331900  -0.0001354385  -0.0204716751   0.0223951425  -0.0040993313
        0.0017061453  -0.0024864559  -0.0020119263  -0.0689699021   0.0196344295
       -0.2601647911   0.1053954145   0.0296680632  -0.1234180901  -0.0290068952
       -0.0587737926  -0.0645105580
       -0.0730918694  -0.0575419989  -0.0138212310   0.0126347392   0.0090913043
        0.0054010111   0.0947645304   0.0891868674   0.0644518200  -0.0202119637
       -0.0379868009  -0.0120948824  -0.0029691038  -0.0059886247  -0.0080329170
       -0.0124957651  -0.0006792547  -0.0357424224   0.0008504252  -0.0004542850
        0.0000799965   0.0019075664  -0.0008648051  -0.0005365441  -0.0013885592
        0.0052375976   0.0002951693
       -0.0530468504  -0.1990626502  -0.0271450284  -0.0040703510  -0.0502023398
       -0.0205478593   0.0891868674   0.3304118160   0.0069503850  -0.0310255525
       -0.0326852679  -0.0059541448  -0.0001078869   0.0058533260  -0.0049553451
       -0.0045276709  -0.0477120795   0.0526253079  -0.0022099082   0.0014584622
       -0.0001881722  -0.0000641922   0.0013611409  -0.0002638139   0.0058655446
       -0.0094224077  -0.0005213293
       -0.0159247365  -0.0393584285  -0.0768066055   0.0021487958  -0.0105924714
        0.0027559487   0.0644518200   0.0069503850   0.3667595784  -0.0016071734
        0.0065193360   0.0075538983  -0.0175463425  -0.0298175808  -0.0293922016
       -0.0312746319   0.0663302235  -0.2680882418   0.0002674359  -0.0003771378
       -0.0026450577  -0.0003057818   0.0003710500   0.0003116718  -0.0002093855
       -0.0000253761  -0.0004489904
       -0.1561520759  -0.0304042917   0.0734728819  -0.0274506081   0.0001172557
        0.0144116633  -0.0202119637  -0.0310255525  -0.0016071734   0.2000935954
        0.0539564486  -0.0858463779   0.0034378610   0.0008885403   0.0003192486
        0.0032051614   0.0027100421  -0.0011184661   0.0001385744  -0.0006854837
        0.0002829574  -0.0041879985   0.0046596533  -0.0002661030   0.0011274540
       -0.0002166120   0.0003513692
       -0.0363523987  -0.0482387681   0.0266056824   0.0195760098   0.0023288880
       -0.0094331900  -0.0379868009  -0.0326852679   0.0065193360   0.0539564486
        0.0795262684  -0.0288331367  -0.0075210822  -0.0022536104   0.0077235476
        0.0034150927   0.0031533610  -0.0015147024  -0.0002700194   0.0001823017
       -0.0004587349   0.0045481828  -0.0029908382  -0.0003428694   0.0006345672
        0.0009776656  -0.0002659328
        0.0711232035   0.0251800162  -0.0904310853   0.0030644644  -0.0008773953
       -0.0001354385  -0.0120948824  -0.0059541448   0.0075538983  -0.0858463779
       -0.0288331367   0.0970869215   0.0244237085   0.0106095077  -0.0198241852
        0.0000160678   0.0001172357   0.0042051743  -0.0006312972   0.0002988720
        0.0003369971  -0.0000654830  -0.0004023101   0.0012515792   0.0000105963
       -0.0001386447  -0.0000438615
       -0.0517894147   0.0092460925  -0.0289749450  -0.0072734346   0.0097662710
       -0.0204716751  -0.0029691038  -0.0001078869  -0.0175463425   0.0034378610
       -0.0075210822   0.0244237085   0.0608520457  -0.0125791057   0.0460591087
       -0.0001554900  -0.0026243328  -0.0015323107  -0.0029196636   0.0041133398
       -0.0011832525   0.0006532877  -0.0002028151  -0.0008634168   0.0001639124
       -0.0000904807   0.0000891253
        0.0087469913  -0.0582377908   0.0520246460   0.0088131458  -0.0086985491
        0.0223951425  -0.0059886247   0.0058533260  -0.0298175808   0.0008885403
       -0.0022536104   0.0106095077  -0.0125791057   0.0692612369  -0.0524300546
       -0.0026646849  -0.0029559887  -0.0028886389   0.0038872694  -0.0043136736
        0.0001091089  -0.0009384022   0.0010500833  -0.0001430070  -0.0001651293
        0.0002949663   0.0001408762
       -0.0309024380   0.0529956053  -0.1963521610  -0.0024337427   0.0036884288
       -0.0040993313  -0.0080329170  -0.0049553451  -0.0293922016   0.0003192486
        0.0077235476  -0.0198241852   0.0460591087  -0.0524300546   0.2516334557
       -0.0047780941  -0.0073146638  -0.0038001613  -0.0005129118   0.0004738313
        0.0006575237   0.0000221788  -0.0006772825   0.0010259906   0.0002595674
        0.0004959331   0.0001510704
       -0.0051813178   0.0030587561  -0.0138099862   0.0012223637   0.0004204760
        0.0017061453  -0.0124957651  -0.0045276709  -0.0312746319   0.0032051614
        0.0034150927   0.0000160678  -0.0001554900  -0.0026646849  -0.0047780941
        0.0133140167   0.0018559071   0.0483341498  -0.0006383317  -0.0016048680
       -0.0001641924   0.0003396173  -0.0001608665  -0.0003901912   0.0003897456
        0.0002078584   0.0003607331
        0.0009645888   0.0091549149  -0.0205780272   0.0000100458   0.0003805355
       -0.0024864559  -0.0006792547  -0.0477120795   0.0663302235   0.0027100421
        0.0031533610   0.0001172357  -0.0026243328  -0.0029559887  -0.0073146638
        0.0018559071   0.0340317295  -0.0351779726  -0.0014704449   0.0026416548
        0.0008048014   0.0002387348   0.0001928916  -0.0009667432  -0.0010052863
        0.0011129809  -0.0007283980
       -0.0098265119  -0.0109900403  -0.0386345987   0.0004933501  -0.0039809267
       -0.0020119263  -0.0357424224   0.0526253079  -0.2680882418  -0.0011184661
       -0.0015147024   0.0042051743  -0.0015323107  -0.0028886389  -0.0038001613
        0.0483341498  -0.0351779726   0.3066930769  -0.0002660326   0.0014725516
        0.0019531478  -0.0002434605   0.0005400177  -0.0006771425  -0.0000982956
       -0.0000855963   0.0003606716
       -0.0087635483   0.0074052985  -0.0209328576  -0.0649937393   0.0027786502
       -0.0689699021   0.0008504252  -0.0022099082   0.0002674359   0.0001385744
       -0.0002700194  -0.0006312972  -0.0029196636   0.0038872694  -0.0005129118
       -0.0006383317  -0.0014704449  -0.0002660326   0.0756680765  -0.0066116989
        0.0811887921   0.0059769318  -0.0028656470   0.0250982779  -0.0053187249
       -0.0006434998  -0.0152415045
        0.0105011465  -0.0045069092   0.0228086639   0.0031033211  -0.0428200822
        0.0196344295  -0.0004542850   0.0014584622  -0.0003771378  -0.0006854837
        0.0001823017   0.0002988720   0.0041133398  -0.0043136736   0.0004738313
       -0.0016048680   0.0026416548   0.0014725516  -0.0066116989   0.0471468894
       -0.0266729224   0.0013456921  -0.0003298117   0.0093995705  -0.0097071639
        0.0005411687  -0.0270378584
       -0.0053026022   0.0067223581  -0.0035757096  -0.0674854768   0.0181419261
       -0.2601647911   0.0000799965  -0.0001881722  -0.0026450577   0.0002829574
       -0.0004587349   0.0003369971  -0.0011832525   0.0001091089   0.0006575237
       -0.0001641924   0.0008048014   0.0019531478   0.0811887921  -0.0266729224
        0.2978417592  -0.0032359642   0.0025624126  -0.0226405898  -0.0041802579
       -0.0010207777  -0.0117632796
       -0.0216595987  -0.0023232140   0.0132067769  -0.1843060995  -0.0442775095
        0.1053954145   0.0019075664  -0.0000641922  -0.0003057818  -0.0041879985
        0.0045481828  -0.0000654830   0.0006532877  -0.0009384022   0.0000221788
        0.0003396173   0.0002387348  -0.0002434605   0.0059769318   0.0013456921
       -0.0032359642   0.2157261322   0.0483253990  -0.1243777919  -0.0144498388
       -0.0068546908   0.0096041111
        0.0186070570   0.0047817809  -0.0124564038  -0.0437195496  -0.0567259957
        0.0296680632  -0.0008648051   0.0013611409   0.0003710500   0.0046596533
       -0.0029908382  -0.0004023101  -0.0002028151   0.0010500833  -0.0006772825
       -0.0001608665   0.0001928916   0.0005400177  -0.0028656470  -0.0003298117
        0.0025624126   0.0483253990   0.0619468128  -0.0360590472  -0.0237784259
       -0.0092860638   0.0164535001
        0.0023304663  -0.0003365189  -0.0001461884   0.1059930980   0.0308102317
       -0.1234180901  -0.0005365441  -0.0002638139   0.0003116718  -0.0002661030
       -0.0003428694   0.0012515792  -0.0008634168  -0.0001430070   0.0010259906
       -0.0003901912  -0.0009667432  -0.0006771425   0.0250982779   0.0093995705
       -0.0226405898  -0.1243777919  -0.0360590472   0.1391658721  -0.0069877953
       -0.0020978026   0.0051268971
        0.0071820816   0.0140729734   0.0058144774  -0.0863147937  -0.0849893292
       -0.0290068952  -0.0013885592   0.0058655446  -0.0002093855   0.0011274540
        0.0006345672   0.0000105963   0.0001639124  -0.0001651293   0.0002595674
        0.0003897456  -0.0010052863  -0.0000982956  -0.0053187249  -0.0097071639
       -0.0041802579  -0.0144498388  -0.0237784259  -0.0069877953   0.0986087229
        0.0990722495   0.0343979884
       -0.0110526333  -0.0206056059  -0.0089617823  -0.0856597888  -0.2003758025
       -0.0587737926   0.0052375976  -0.0094224077  -0.0000253761  -0.0002166120
        0.0009776656  -0.0001386447  -0.0000904807   0.0002949663   0.0004959331
        0.0002078584   0.0011129809  -0.0000855963  -0.0006434998   0.0005411687
       -0.0010207777  -0.0068546908  -0.0092860638  -0.0020978026   0.0990722495
        0.2367630985   0.0706078393
       -0.0002243398   0.0000482064  -0.0000445272  -0.0296326521  -0.0586969036
       -0.0645105580   0.0002951693  -0.0005213293  -0.0004489904   0.0003513692
       -0.0002659328  -0.0000438615   0.0000891253   0.0001408762   0.0001510704
        0.0003607331  -0.0007283980   0.0003606716  -0.0152415045  -0.0270378584
       -0.0117632796   0.0096041111   0.0164535001   0.0051268971   0.0343979884
        0.0706078393   0.0711725775
