# Atoms array:
     x           y            z                   Z     indx
   -8.476226    -3.302078    -1.769582            7      0
   -7.608030    -2.537879    -1.811388            6      1
   -6.707974    -1.790520    -1.831248            7      2
   -5.932872    -2.193687    -1.300738            1      3

# Gridpoints array:
     x           y            z                   Z     indx
  -10.336226    -3.302078    -1.769582            7      0
   -8.476226    -5.162078    -1.769582            7      0
   -8.476226    -3.302078     0.090418            7      0
   -8.476226    -3.302078    -3.629582            7      0
   -9.550098    -2.228207    -0.695711            7      0
   -7.402355    -4.375950    -0.695711            7      0
   -9.550098    -4.375950    -0.695711            7      0
   -9.550098    -2.228207    -2.843454            7      0
   -7.402355    -4.375950    -2.843454            7      0
   -9.550098    -4.375950    -2.843454            7      0
   -8.131911    -2.957763     0.025549            7      0
   -8.820541    -2.957763     0.025549            7      0
   -8.131911    -3.646393     0.025549            7      0
   -8.820541    -3.646393     0.025549            7      0
   -8.131911    -2.957763    -3.564713            7      0
   -8.820541    -2.957763    -3.564713            7      0
   -8.131911    -3.646393    -3.564713            7      0
   -8.820541    -3.646393    -3.564713            7      0
   -8.820541    -1.506947    -1.425267            7      0
   -8.131911    -5.097209    -1.425267            7      0
   -8.820541    -5.097209    -1.425267            7      0
   -8.820541    -1.506947    -2.113897            7      0
   -8.131911    -5.097209    -2.113897            7      0
   -8.820541    -5.097209    -2.113897            7      0
  -10.271357    -2.957763    -1.425267            7      0
  -10.271357    -3.646393    -1.425267            7      0
  -10.271357    -2.957763    -2.113897            7      0
  -10.271357    -3.646393    -2.113897            7      0
   -9.760409    -2.017895    -1.367901            7      0
   -7.192043    -4.586261    -1.367901            7      0
   -9.760409    -4.586261    -1.367901            7      0
   -9.760409    -2.017895    -2.171263            7      0
   -7.192043    -4.586261    -2.171263            7      0
   -9.760409    -4.586261    -2.171263            7      0
   -9.760409    -2.900397    -0.485399            7      0
   -7.192043    -3.703759    -0.485399            7      0
   -9.760409    -3.703759    -0.485399            7      0
   -9.760409    -2.900397    -3.053765            7      0
   -7.192043    -3.703759    -3.053765            7      0
   -9.760409    -3.703759    -3.053765            7      0
   -8.877907    -2.017895    -0.485399            7      0
   -8.074545    -4.586261    -0.485399            7      0
   -8.877907    -4.586261    -0.485399            7      0
   -8.877907    -2.017895    -3.053765            7      0
   -8.074545    -4.586261    -3.053765            7      0
   -8.877907    -4.586261    -3.053765            7      0
   -7.740244    -2.566096    -0.228070            7      0
   -9.212208    -2.566096    -0.228070            7      0
   -7.740244    -4.038060    -0.228070            7      0
   -9.212208    -4.038060    -0.228070            7      0
   -9.212208    -2.566096    -3.311094            7      0
   -7.740244    -4.038060    -3.311094            7      0
   -9.212208    -4.038060    -3.311094            7      0
   -9.212208    -1.760566    -1.033600            7      0
   -7.740244    -4.843590    -1.033600            7      0
   -9.212208    -4.843590    -1.033600            7      0
   -9.212208    -1.760566    -2.505564            7      0
   -7.740244    -4.843590    -2.505564            7      0
   -9.212208    -4.843590    -2.505564            7      0
  -10.017738    -2.566096    -1.033600            7      0
   -6.934714    -4.038060    -1.033600            7      0
  -10.017738    -4.038060    -1.033600            7      0
  -10.017738    -2.566096    -2.505564            7      0
   -6.934714    -4.038060    -2.505564            7      0
  -10.017738    -4.038060    -2.505564            7      0
   -9.365992    -1.668702    -1.769582            7      0
   -7.586460    -4.935454    -1.769582            7      0
   -9.365992    -4.935454    -1.769582            7      0
  -10.109602    -2.412312    -1.769582            7      0
   -6.842850    -4.191844    -1.769582            7      0
  -10.109602    -4.191844    -1.769582            7      0
   -7.586460    -3.302078    -0.136206            7      0
   -9.365992    -3.302078    -0.136206            7      0
   -7.586460    -3.302078    -3.402958            7      0
   -9.365992    -3.302078    -3.402958            7      0
  -10.109602    -3.302078    -0.879816            7      0
  -10.109602    -3.302078    -2.659348            7      0
   -8.476226    -2.412312    -0.136206            7      0
   -8.476226    -4.191844    -0.136206            7      0
   -8.476226    -2.412312    -3.402958            7      0
   -8.476226    -4.191844    -3.402958            7      0
   -8.476226    -4.935454    -0.879816            7      0
   -8.476226    -4.935454    -2.659348            7      0
   -7.608030    -0.497879    -1.811388            6      1
   -7.608030    -4.577879    -1.811388            6      1
   -7.608030    -2.537879     0.228612            6      1
   -7.608030    -2.537879    -3.851388            6      1
   -8.785825    -1.360084    -0.633593            6      1
   -6.430235    -3.715674    -0.633593            6      1
   -8.785825    -1.360084    -2.989183            6      1
   -6.430235    -3.715674    -2.989183            6      1
   -8.785825    -3.715674    -2.989183            6      1
   -7.230394    -2.160243     0.157465            6      1
   -7.985666    -2.160243     0.157465            6      1
   -7.230394    -2.915515     0.157465            6      1
   -7.985666    -2.915515     0.157465            6      1
   -7.230394    -2.160243    -3.780241            6      1
   -7.985666    -2.160243    -3.780241            6      1
   -7.230394    -2.915515    -3.780241            6      1
   -7.985666    -2.915515    -3.780241            6      1
   -7.230394    -0.569026    -1.433752            6      1
   -7.985666    -0.569026    -1.433752            6      1
   -7.230394    -4.506732    -1.433752            6      1
   -7.230394    -0.569026    -2.189024            6      1
   -7.985666    -0.569026    -2.189024            6      1
   -7.230394    -4.506732    -2.189024            6      1
   -9.576883    -2.160243    -1.433752            6      1
   -9.576883    -2.160243    -2.189024            6      1
   -5.639177    -2.915515    -2.189024            6      1
   -9.016489    -1.129420    -1.370835            6      1
   -6.199571    -3.946338    -1.370835            6      1
   -9.016489    -1.129420    -2.251941            6      1
   -6.199571    -3.946338    -2.251941            6      1
   -6.199571    -2.097326    -0.402929            6      1
   -9.016489    -2.097326    -0.402929            6      1
   -6.199571    -2.978432    -0.402929            6      1
   -9.016489    -2.978432    -0.402929            6      1
   -6.199571    -2.097326    -3.219847            6      1
   -9.016489    -2.097326    -3.219847            6      1
   -6.199571    -2.978432    -3.219847            6      1
   -9.016489    -2.978432    -3.219847            6      1
   -7.167477    -1.129420    -0.402929            6      1
   -8.048583    -1.129420    -0.402929            6      1
   -7.167477    -3.946338    -0.402929            6      1
   -8.048583    -3.946338    -0.402929            6      1
   -7.167477    -1.129420    -3.219847            6      1
   -8.048583    -1.129420    -3.219847            6      1
   -7.167477    -3.946338    -3.219847            6      1
   -8.048583    -3.946338    -3.219847            6      1
   -6.800824    -1.730672    -0.120697            6      1
   -8.415237    -1.730672    -0.120697            6      1
   -6.800824    -3.345086    -0.120697            6      1
   -8.415237    -3.345086    -0.120697            6      1
   -6.800824    -1.730672    -3.502079            6      1
   -8.415237    -1.730672    -3.502079            6      1
   -6.800824    -3.345086    -3.502079            6      1
   -8.415237    -3.345086    -3.502079            6      1
   -8.415237    -0.847188    -1.004181            6      1
   -6.800824    -4.228570    -1.004181            6      1
   -8.415237    -0.847188    -2.618595            6      1
   -6.800824    -4.228570    -2.618595            6      1
   -9.298721    -1.730672    -1.004181            6      1
   -5.917339    -3.345086    -1.004181            6      1
   -9.298721    -1.730672    -2.618595            6      1
   -5.917339    -3.345086    -2.618595            6      1
   -8.583903    -0.746435    -1.811388            6      1
   -6.632157    -4.329323    -1.811388            6      1
   -9.399474    -1.562006    -1.811388            6      1
   -5.816586    -3.513752    -1.811388            6      1
   -6.632157    -2.537879    -0.019944            6      1
   -8.583903    -2.537879    -0.019944            6      1
   -6.632157    -2.537879    -3.602832            6      1
   -8.583903    -2.537879    -3.602832            6      1
   -9.399474    -2.537879    -0.835515            6      1
   -5.816586    -2.537879    -2.787261            6      1
   -9.399474    -2.537879    -2.787261            6      1
   -7.608030    -1.562006    -0.019944            6      1
   -7.608030    -3.513752    -0.019944            6      1
   -7.608030    -1.562006    -3.602832            6      1
   -7.608030    -3.513752    -3.602832            6      1
   -7.608030    -0.746435    -0.835515            6      1
   -7.608030    -4.329323    -0.835515            6      1
   -7.608030    -0.746435    -2.787261            6      1
   -7.608030    -4.329323    -2.787261            6      1
   -4.847974    -1.790520    -1.831248            7      2
   -6.707974     0.069480    -1.831248            7      2
   -6.707974    -1.790520     0.028752            7      2
   -6.707974    -1.790520    -3.691248            7      2
   -5.634103    -0.716649    -0.757377            7      2
   -7.781846    -0.716649    -0.757377            7      2
   -5.634103    -2.864392    -0.757377            7      2
   -5.634103    -0.716649    -2.905120            7      2
   -7.781846    -0.716649    -2.905120            7      2
   -5.634103    -2.864392    -2.905120            7      2
   -6.363659    -1.446205    -0.036117            7      2
   -7.052289    -1.446205    -0.036117            7      2
   -6.363659    -2.134835    -0.036117            7      2
   -7.052289    -2.134835    -0.036117            7      2
   -6.363659    -1.446205    -3.626379            7      2
   -7.052289    -1.446205    -3.626379            7      2
   -6.363659    -2.134835    -3.626379            7      2
   -7.052289    -2.134835    -3.626379            7      2
   -6.363659     0.004611    -1.486933            7      2
   -7.052289     0.004611    -1.486933            7      2
   -6.363659    -3.585651    -1.486933            7      2
   -6.363659     0.004611    -2.175563            7      2
   -7.052289     0.004611    -2.175563            7      2
   -6.363659    -3.585651    -2.175563            7      2
   -4.912843    -1.446205    -1.486933            7      2
   -4.912843    -2.134835    -1.486933            7      2
   -4.912843    -1.446205    -2.175563            7      2
   -4.912843    -2.134835    -2.175563            7      2
   -5.423791    -0.506337    -1.429567            7      2
   -7.992157    -0.506337    -1.429567            7      2
   -5.423791    -3.074703    -1.429567            7      2
   -5.423791    -0.506337    -2.232929            7      2
   -7.992157    -0.506337    -2.232929            7      2
   -5.423791    -3.074703    -2.232929            7      2
   -5.423791    -1.388839    -0.547065            7      2
   -7.992157    -1.388839    -0.547065            7      2
   -5.423791    -2.192201    -0.547065            7      2
   -5.423791    -1.388839    -3.115431            7      2
   -7.992157    -1.388839    -3.115431            7      2
   -5.423791    -2.192201    -3.115431            7      2
   -6.306293    -0.506337    -0.547065            7      2
   -7.109655    -0.506337    -0.547065            7      2
   -6.306293    -3.074703    -0.547065            7      2
   -6.306293    -0.506337    -3.115431            7      2
   -7.109655    -0.506337    -3.115431            7      2
   -6.306293    -3.074703    -3.115431            7      2
   -5.971992    -1.054538    -0.289736            7      2
   -7.443956    -1.054538    -0.289736            7      2
   -5.971992    -2.526502    -0.289736            7      2
   -5.971992    -1.054538    -3.372760            7      2
   -7.443956    -1.054538    -3.372760            7      2
   -5.971992    -2.526502    -3.372760            7      2
   -7.443956    -2.526502    -3.372760            7      2
   -5.971992    -0.249008    -1.095266            7      2
   -7.443956    -0.249008    -1.095266            7      2
   -5.971992    -3.332032    -1.095266            7      2
   -5.971992    -0.249008    -2.567230            7      2
   -7.443956    -0.249008    -2.567230            7      2
   -5.971992    -3.332032    -2.567230            7      2
   -5.166462    -1.054538    -1.095266            7      2
   -8.249486    -1.054538    -1.095266            7      2
   -5.166462    -2.526502    -1.095266            7      2
   -5.166462    -1.054538    -2.567230            7      2
   -8.249486    -1.054538    -2.567230            7      2
   -5.166462    -2.526502    -2.567230            7      2
   -5.818208    -0.157144    -1.831248            7      2
   -7.597740    -0.157144    -1.831248            7      2
   -5.818208    -3.423896    -1.831248            7      2
   -5.074598    -0.900754    -1.831248            7      2
   -8.341350    -0.900754    -1.831248            7      2
   -5.074598    -2.680286    -1.831248            7      2
   -5.818208    -1.790520    -0.197872            7      2
   -7.597740    -1.790520    -0.197872            7      2
   -5.818208    -1.790520    -3.464624            7      2
   -7.597740    -1.790520    -3.464624            7      2
   -5.074598    -1.790520    -0.941482            7      2
   -5.074598    -1.790520    -2.721014            7      2
   -6.707974    -0.900754    -0.197872            7      2
   -6.707974    -2.680286    -0.197872            7      2
   -6.707974    -0.900754    -3.464624            7      2
   -6.707974    -2.680286    -3.464624            7      2
   -6.707974    -0.157144    -0.941482            7      2
   -6.707974    -0.157144    -2.721014            7      2
   -6.707974    -3.423896    -2.721014            7      2
   -4.612872    -2.193687    -1.300738            1      3
   -5.932872    -3.513687    -1.300738            1      3
   -5.932872    -2.193687     0.019262            1      3
   -5.170770    -1.431585    -0.538636            1      3
   -5.170770    -2.955789    -0.538636            1      3
   -5.170770    -1.431585    -2.062840            1      3
   -5.170770    -2.955789    -2.062840            1      3
   -5.688519    -1.949334    -0.026774            1      3
   -6.177225    -1.949334    -0.026774            1      3
   -5.688519    -2.438040    -0.026774            1      3
   -6.177225    -2.438040    -0.026774            1      3
   -5.688519    -0.919723    -1.056385            1      3
   -5.688519    -3.467651    -1.056385            1      3
   -6.177225    -3.467651    -1.056385            1      3
   -5.688519    -3.467651    -1.545091            1      3
   -4.658908    -1.949334    -1.056385            1      3
   -4.658908    -2.438040    -1.056385            1      3
   -4.658908    -1.949334    -1.545091            1      3
   -4.658908    -2.438040    -1.545091            1      3
   -5.021516    -1.282331    -1.015674            1      3
   -5.021516    -3.105043    -1.015674            1      3
   -5.021516    -1.282331    -1.585802            1      3
   -5.021516    -3.105043    -1.585802            1      3
   -5.021516    -1.908623    -0.389382            1      3
   -5.021516    -2.478751    -0.389382            1      3
   -5.021516    -1.908623    -2.212094            1      3
   -5.021516    -2.478751    -2.212094            1      3
   -5.647808    -1.282331    -0.389382            1      3
   -6.217936    -1.282331    -0.389382            1      3
   -5.647808    -3.105043    -0.389382            1      3
   -6.217936    -3.105043    -0.389382            1      3
   -5.647808    -3.105043    -2.212094            1      3
   -5.410562    -1.671377    -0.206762            1      3
   -6.455182    -1.671377    -0.206762            1      3
   -5.410562    -2.715997    -0.206762            1      3
   -6.455182    -2.715997    -0.206762            1      3
   -5.410562    -2.715997    -2.394714            1      3
   -5.410562    -1.099711    -0.778428            1      3
   -5.410562    -3.287663    -0.778428            1      3
   -6.455182    -3.287663    -0.778428            1      3
   -5.410562    -3.287663    -1.823048            1      3
   -4.838896    -1.671377    -0.778428            1      3
   -4.838896    -2.715997    -0.778428            1      3
   -4.838896    -1.671377    -1.823048            1      3
   -4.838896    -2.715997    -1.823048            1      3
   -5.301425    -1.034517    -1.300738            1      3
   -5.301425    -3.352857    -1.300738            1      3
   -4.773702    -1.562240    -1.300738            1      3
   -4.773702    -2.825134    -1.300738            1      3
   -5.301425    -2.193687    -0.141568            1      3
   -6.564319    -2.193687    -0.141568            1      3
   -5.301425    -2.193687    -2.459908            1      3
   -4.773702    -2.193687    -0.669291            1      3
   -4.773702    -2.193687    -1.932185            1      3
   -5.932872    -1.562240    -0.141568            1      3
   -5.932872    -2.825134    -0.141568            1      3
   -5.932872    -1.034517    -0.669291            1      3
   -5.932872    -3.352857    -0.669291            1      3
   -5.932872    -3.352857    -1.932185            1      3
