$hessian                                                                        
        0.4093274195   0.1734015741  -0.1077350476  -0.0894194445  -0.0096296339
        0.0535430158  -0.0050463182  -0.0084871067   0.0041683835  -0.1567079776
       -0.0389878531   0.0603402152  -0.1287064787  -0.1060114670  -0.0602075248
        0.0244035424   0.0097928633  -0.0135653955  -0.0083574785   0.0064015314
        0.0266911906  -0.0144107734  -0.0006752685   0.0161489818  -0.0004613237
       -0.0045665597  -0.0014966241  -0.0215963816  -0.0248067641  -0.0129310363
        0.0003460032  -0.0003223256   0.0001756474  -0.0094265248   0.0033437307
        0.0396884236  -0.0016046817   0.0015883789   0.0003911464   0.0016604177
       -0.0010410997  -0.0052113761
        0.1734015741   0.3437179980   0.2192586484   0.0146101165  -0.0994077670
       -0.1335983676  -0.0076352601   0.0014606998  -0.0043548471  -0.0560826814
       -0.0851705786   0.0276136817  -0.1058021768  -0.1510935604  -0.0769916417
       -0.0074870458  -0.0188788370  -0.0260258252  -0.0036194312   0.0046930930
        0.0080247678   0.0038572538   0.0001294445  -0.0023477285  -0.0040417863
       -0.0002513648  -0.0033860608  -0.0184122159  -0.0081920657   0.0056998695
        0.0000716662   0.0008989540  -0.0001249938   0.0097409052   0.0150703783
       -0.0142136229   0.0001916666  -0.0023339072   0.0017882915   0.0012074151
       -0.0006424870  -0.0013421713
       -0.1077350476   0.2192586484   0.6358081983   0.0974178193  -0.1011980043
       -0.3501234171   0.0056766145  -0.0032882670  -0.0040364926   0.0293805800
        0.0045870464  -0.0899589983  -0.0598456072  -0.0767235753  -0.0891249434
       -0.0448415356  -0.0491451411  -0.0279346097   0.0085418752  -0.0053631334
       -0.0182818247   0.0243396776   0.0037464177  -0.0272142222  -0.0005323590
       -0.0026672541   0.0004769828  -0.0013109223   0.0142582349   0.0298785526
        0.0008972078   0.0004000552   0.0004491209   0.0512581854  -0.0055411373
       -0.0630207301  -0.0021077544  -0.0000293636  -0.0007030483  -0.0011387336
        0.0017054734   0.0037854318
       -0.0894194445   0.0146101165   0.0974178193   0.4737638872   0.1937848344
       -0.1343061326  -0.0053235893  -0.0021826199   0.0027058337   0.0015630702
        0.0141811355   0.0184789252   0.0016689759  -0.0077846299  -0.0173984789
       -0.1451914858  -0.1128941100  -0.0702706377  -0.1965667061  -0.0675048568
        0.0945998233  -0.0419517691  -0.0261117570   0.0100924848   0.0029364503
        0.0043941103   0.0026114629   0.0022403379  -0.0027315251  -0.0130406568
       -0.0010165775  -0.0051057070   0.0037884631  -0.0052895472  -0.0034502929
        0.0068707121   0.0011409629   0.0018336983   0.0015869300   0.0014454350
       -0.0010383962  -0.0031365484
       -0.0096296339  -0.0994077670  -0.1011980043   0.1937848344   0.3523917994
        0.1767751048  -0.0080937439  -0.0036642603   0.0048358170   0.0281926563
        0.0159252904  -0.0019242502   0.0026862492  -0.0103993986  -0.0209424582
       -0.0846629269  -0.1587840064  -0.0927091554  -0.0678398782  -0.0656499750
        0.0348859809  -0.0453200459  -0.0180106162   0.0266627881  -0.0058354501
       -0.0087725282  -0.0062185335   0.0060936358  -0.0109089501  -0.0214055795
       -0.0047676623   0.0042523713  -0.0017755516  -0.0075788615   0.0022773578
        0.0060201213   0.0014595283   0.0018245461   0.0017586680   0.0015112988
       -0.0010738633  -0.0047649472
        0.0535430158  -0.1335983676  -0.3501234171  -0.1343061326   0.1767751048
        0.6113697032  -0.0080633320  -0.0031058981   0.0047882090   0.0437854970
        0.0168284515  -0.0319821769   0.0015447171  -0.0069356726  -0.0154316093
       -0.0191125784  -0.0548685781  -0.1187582931   0.0939426249   0.0343341323
       -0.0981972140  -0.0247700620   0.0008463895   0.0356034787  -0.0158832852
       -0.0198931493  -0.0158000840   0.0030827117  -0.0093984585  -0.0250196839
        0.0044298256  -0.0012835379   0.0004489757  -0.0005428977   0.0005029655
        0.0061836269   0.0008881384   0.0012241975   0.0008870207   0.0014617575
       -0.0014275792  -0.0039685357
       -0.0050463182  -0.0076352601   0.0056766145  -0.0053235893  -0.0080937439
       -0.0080633320   0.5118648044   0.1739967142  -0.0967882234  -0.0195499821
       -0.0214060181  -0.0155458010  -0.0006756770   0.0011580221   0.0002258021
        0.0171536420   0.0070125614  -0.0009207057   0.0004868297   0.0011625124
       -0.0014686765  -0.0277152484   0.0066953934   0.0400674428   0.0008850813
       -0.0015051929  -0.0011171452  -0.1519572611  -0.0416047517   0.0344975486
       -0.0005492094  -0.0004933738  -0.0044485078  -0.0028899292   0.0085404337
        0.0151984918  -0.1895217578  -0.1336791666  -0.0770342217  -0.1271613849
        0.0158518699   0.1097207136
       -0.0084871067   0.0014606998  -0.0032882670  -0.0021826199  -0.0036642603
       -0.0031058981   0.1739967142   0.4542756487   0.2195640851  -0.0192161953
       -0.0118359382   0.0084285635  -0.0000729864  -0.0014670637   0.0010542325
        0.0044621086   0.0066477795  -0.0064325569   0.0012604463  -0.0012082849
        0.0001061185   0.0027505673   0.0036960620   0.0153617751  -0.0000870467
        0.0009068323  -0.0020300226  -0.0403770266  -0.0936114660   0.0110138648
        0.0015133543  -0.0036522683  -0.0025855016   0.0051236572   0.0014690893
        0.0015325213  -0.1441439848  -0.2397886711  -0.1213380453   0.0254601185
       -0.1132281593  -0.1182808694
        0.0041683835  -0.0043548471  -0.0040364926   0.0027058337   0.0048358170
        0.0047882090  -0.0967882234   0.2195640851   0.7313795377  -0.0116315919
        0.0113127498   0.0338611737  -0.0019559584  -0.0005502394  -0.0004344361
       -0.0055873387  -0.0099194678  -0.0034736368  -0.0013140691   0.0001952676
       -0.0000053236   0.0329279066   0.0101022146  -0.0327189271   0.0014571725
       -0.0001251280  -0.0000517789   0.0367602259   0.0127330395  -0.0961497029
       -0.0008906277   0.0000223768  -0.0019795164   0.0089366842  -0.0030961852
       -0.0207417466  -0.0958578598  -0.1352196804  -0.1827484254   0.1270694626
       -0.1055000025  -0.4276889339
       -0.1567079776  -0.0560826814   0.0293805800   0.0015630702   0.0281926563
        0.0437854970  -0.0195499821  -0.0192161953  -0.0116315919   0.3874865508
        0.1044758673  -0.1162804789  -0.0155391018  -0.0088469866   0.0081322344
       -0.0304934482  -0.0185280750   0.0005640806   0.0053390871  -0.0039555433
        0.0001935817   0.0246589764   0.0024909089  -0.0340094237  -0.0004041517
       -0.0006052914  -0.0000127638  -0.1137066020  -0.0501401099  -0.0090245434
        0.0016294225  -0.0005298250   0.0046300290  -0.0824162340   0.0240543641
        0.0802484219  -0.0019886040  -0.0031280305   0.0031342417   0.0001289944
        0.0018189418   0.0008901355
       -0.0389878531  -0.0851705786   0.0045870464   0.0141811355   0.0159252904
        0.0168284515  -0.0214060181  -0.0118359382   0.0113127498   0.1044758673
        0.3523588515   0.2095216231  -0.0201035936  -0.0079893901   0.0079426894
       -0.0165117245  -0.0147519679   0.0045206596  -0.0031437148   0.0052403000
       -0.0058532639   0.0131214242  -0.0113907222  -0.0307733655  -0.0006758659
        0.0001266999   0.0004163504  -0.0578815378  -0.1148915138  -0.0352385538
       -0.0018611453   0.0038623805  -0.0010486537   0.0250751935  -0.1324588881
       -0.1737638226   0.0007815642   0.0047994741  -0.0006489668   0.0029362684
       -0.0038239975  -0.0078029439
        0.0603402152   0.0276136817  -0.0899589983   0.0184789252  -0.0019242502
       -0.0319821769  -0.0155458010   0.0084285635   0.0338611737  -0.1162804789
        0.2095216231   0.6944378127  -0.0122623673  -0.0071535585   0.0059693048
        0.0042026784   0.0071771706   0.0023608026   0.0016355269  -0.0048288632
       -0.0000260294  -0.0147995881  -0.0165333283  -0.0142359111  -0.0001568675
        0.0003313569   0.0011861850  -0.0230429532  -0.0455795969  -0.1043992085
        0.0022404588  -0.0028102215  -0.0022868379   0.0821001662  -0.1724550408
       -0.4770883773   0.0101991931   0.0045391819  -0.0008135465   0.0028908923
       -0.0063267182  -0.0170241930
       -0.1287064787  -0.1058021768  -0.0598456072   0.0016689759   0.0026862492
        0.0015447171  -0.0006756770  -0.0000729864  -0.0019559584  -0.0155391018
       -0.0201035936  -0.0122623673   0.1403360527   0.1235485775   0.0655340718
        0.0038629500  -0.0025420570   0.0027208628  -0.0000729335   0.0025804151
       -0.0007639676  -0.0001836908   0.0005090674   0.0011459374   0.0003167665
       -0.0002007023   0.0001774846  -0.0023111275  -0.0034579859   0.0043364306
       -0.0005536815   0.0007736359  -0.0003959246   0.0026183065   0.0030295888
       -0.0007823519  -0.0006809615  -0.0009198623   0.0003309349  -0.0000793994
       -0.0000281696   0.0002157381
       -0.1060114670  -0.1510935604  -0.0767235753  -0.0077846299  -0.0103993986
       -0.0069356726   0.0011580221  -0.0014670637  -0.0005502394  -0.0088469866
       -0.0079893901  -0.0071535585   0.1235485775   0.1644953562   0.0921822820
       -0.0019843042   0.0052330014  -0.0047646354   0.0021015522  -0.0016071576
        0.0017822418   0.0001900775   0.0004989063   0.0006713652  -0.0006573143
       -0.0001401989  -0.0006734408  -0.0040957913   0.0026028306   0.0000264047
        0.0007766205  -0.0009924556   0.0005922200   0.0026836974   0.0006392522
        0.0013443140  -0.0008665117   0.0000873437  -0.0001106056  -0.0002115422
        0.0001325344   0.0003128999
       -0.0602075248  -0.0769916417  -0.0891249434  -0.0173984789  -0.0209424582
       -0.0154316093   0.0002258021   0.0010542325  -0.0004344361   0.0081322344
        0.0079426894   0.0059693048   0.0655340718   0.0921822820   0.1013749440
        0.0037253133  -0.0040348142  -0.0029548347  -0.0016487897   0.0011291664
        0.0001129119   0.0005611307   0.0002497970  -0.0003283494  -0.0006509935
       -0.0012844810  -0.0007286475   0.0032041381  -0.0008336894  -0.0001718713
       -0.0003842959   0.0006012508  -0.0002900628  -0.0014278752   0.0008627552
        0.0014174673   0.0004521756  -0.0000028770   0.0001902266  -0.0001169080
        0.0000677882   0.0003999000
        0.0244035424  -0.0074870458  -0.0448415356  -0.1451914858  -0.0846629269
       -0.0191125784   0.0171536420   0.0044621086  -0.0055873387  -0.0304934482
       -0.0165117245   0.0042026784   0.0038629500  -0.0019843042   0.0037253133
        0.5033823948   0.2161566944  -0.1534688699  -0.0171770488  -0.0183325611
       -0.0082891536  -0.2670102882  -0.1101318912   0.1055050008  -0.0505152715
        0.0116195541   0.0526747349  -0.0211488796   0.0155816375   0.0577048391
       -0.0165473440  -0.0083040358   0.0089138345   0.0048364680   0.0008573728
       -0.0044024834  -0.0030422028  -0.0029754560  -0.0027285675  -0.0025130283
        0.0017125781   0.0057041262
        0.0097928633  -0.0188788370  -0.0491451411  -0.1128941100  -0.1587840064
       -0.0548685781   0.0070125614   0.0066477795  -0.0099194678  -0.0185280750
       -0.0147519679   0.0071771706  -0.0025420570   0.0052330014  -0.0040348142
        0.2161566944   0.3386852784   0.1491161130  -0.0083138023  -0.0067686299
       -0.0038215320  -0.0841081339  -0.0921890780   0.0167255193   0.0114471736
       -0.0643048494  -0.0830219841  -0.0005809600   0.0134560556   0.0238162506
       -0.0182294460  -0.0072368404   0.0089492782   0.0031920875   0.0006046236
       -0.0038599343  -0.0020002168  -0.0026582998  -0.0003381241  -0.0004045791
        0.0009457704   0.0032252439
       -0.0135653955  -0.0260258252  -0.0279346097  -0.0702706377  -0.0927091554
       -0.1187582931  -0.0009207057  -0.0064325569  -0.0034736368   0.0005640806
        0.0045206596   0.0023608026   0.0027208628  -0.0047646354  -0.0029548347
       -0.1534688699   0.1491161130   0.5720496950   0.0099022747   0.0096620839
        0.0056361831   0.1527102654   0.0516550105  -0.1503145743   0.0523421373
       -0.0832855070  -0.2477827545   0.0283305830   0.0020260348  -0.0333149691
       -0.0090858860  -0.0043783527   0.0055906343  -0.0001792270  -0.0007690838
       -0.0007032444  -0.0009695181   0.0009655092   0.0019726773   0.0018900360
        0.0004197053  -0.0023730757
       -0.0083574785  -0.0036194312   0.0085418752  -0.1965667061  -0.0678398782
        0.0939426249   0.0004868297   0.0012604463  -0.0013140691   0.0053390871
       -0.0031437148   0.0016355269  -0.0000729335   0.0021015522  -0.0016487897
       -0.0171770488  -0.0083138023   0.0099022747   0.2196574111   0.0834644175
       -0.1116771817  -0.0006932143  -0.0051523380  -0.0012465438   0.0002550108
        0.0012212238  -0.0003875686   0.0002263570   0.0000168336  -0.0003483755
       -0.0010805319  -0.0003668231   0.0003106799  -0.0013662159   0.0010689423
        0.0015239999  -0.0003622651  -0.0006748983   0.0001885172  -0.0002883013
       -0.0000225299   0.0005770299
        0.0064015314   0.0046930930  -0.0053631334  -0.0675048568  -0.0656499750
        0.0343341323   0.0011625124  -0.0012082849   0.0001952676  -0.0039555433
        0.0052403000  -0.0048288632   0.0025804151  -0.0016071576   0.0011291664
       -0.0183325611  -0.0067686299   0.0096620839   0.0834644175   0.0667727125
       -0.0332349759  -0.0047658751  -0.0001732358  -0.0036432506   0.0007994448
       -0.0005290123   0.0010344837   0.0004400689   0.0000638281  -0.0003436955
       -0.0008088845  -0.0006661769   0.0005217663   0.0011556829  -0.0006710046
        0.0003135523  -0.0004471130   0.0003575198   0.0000149006  -0.0001892390
        0.0001460235   0.0002085655
        0.0266911906   0.0080247678  -0.0182818247   0.0945998233   0.0348859809
       -0.0981972140  -0.0014686765   0.0001061185  -0.0000053236   0.0001935817
       -0.0058532639  -0.0000260294  -0.0007639676   0.0017822418   0.0001129119
       -0.0082891536  -0.0038215320   0.0056361831  -0.1116771817  -0.0332349759
        0.1127543916  -0.0005516173  -0.0031348370   0.0004231606  -0.0011569984
        0.0004649435   0.0007006899   0.0003882499   0.0002048212  -0.0002052272
       -0.0004911267  -0.0000746344   0.0001684065   0.0016709214   0.0003868785
       -0.0032416958   0.0005641236   0.0002869938   0.0004316756   0.0002908314
       -0.0000235028  -0.0002701043
       -0.0144107734   0.0038572538   0.0243396776  -0.0419517691  -0.0453200459
       -0.0247700620  -0.0277152484   0.0027505673   0.0329279066   0.0246589764
        0.0131214242  -0.0147995881  -0.0001836908   0.0001900775   0.0005611307
       -0.2670102882  -0.0841081339   0.1527102654  -0.0006932143  -0.0047658751
       -0.0005516173   0.5448352362   0.2380465698  -0.1497677446  -0.0080737981
       -0.0013003052   0.0058306880  -0.0687286999  -0.0072351494   0.0240306095
       -0.1320310032  -0.1068616034  -0.0629843914  -0.0046381191  -0.0064558873
        0.0006268580  -0.0011881734   0.0030856032   0.0092819978  -0.0028694346
       -0.0050044956   0.0025642699
       -0.0006752685   0.0001294445   0.0037464177  -0.0261117570  -0.0180106162
        0.0008463895   0.0066953934   0.0036960620   0.0101022146   0.0024909089
       -0.0113907222  -0.0165333283   0.0005090674   0.0004989063   0.0002497970
       -0.1101318912  -0.0921890780   0.0516550105  -0.0051523380  -0.0001732358
       -0.0031348370   0.2380465698   0.3588601676   0.1297830286   0.0088469400
        0.0019476984  -0.0047514694   0.0060136721  -0.0897576932  -0.0962096218
       -0.1063698238  -0.1542824677  -0.0742964019  -0.0040796437  -0.0009466423
       -0.0044297948  -0.0041570316  -0.0010130652   0.0008318935  -0.0059247977
        0.0026312420   0.0021407017
        0.0161489818  -0.0023477285  -0.0272142222   0.0100924848   0.0266627881
        0.0356034787   0.0400674428   0.0153617751  -0.0327189271  -0.0340094237
       -0.0307733655  -0.0142359111   0.0011459374   0.0006713652  -0.0003283494
        0.1055050008   0.0167255193  -0.1503145743  -0.0012465438  -0.0036432506
        0.0004231606  -0.1497677446   0.1297830286   0.5467568187   0.0241917790
        0.0088503596  -0.0183669873   0.0479471513  -0.0784728790  -0.2474468228
       -0.0621036770  -0.0736520999  -0.0847700624   0.0048811784  -0.0012496437
       -0.0043806114  -0.0037802715  -0.0088248163  -0.0093007694   0.0009277042
        0.0009089476   0.0062937793
       -0.0004613237  -0.0040417863  -0.0005323590   0.0029364503  -0.0058354501
       -0.0158832852   0.0008850813  -0.0000870467   0.0014571725  -0.0004041517
       -0.0006758659  -0.0001568675   0.0003167665  -0.0006573143  -0.0006509935
       -0.0505152715   0.0114471736   0.0523421373   0.0002550108   0.0007994448
       -0.0011569984  -0.0080737981   0.0088469400   0.0241917790   0.0575471712
       -0.0077297640  -0.0624219616  -0.0011484480  -0.0049980681   0.0030032447
       -0.0002528709   0.0020042375  -0.0004300143  -0.0000939012   0.0006047997
       -0.0000805166   0.0000079210   0.0000255817  -0.0000169382  -0.0009986359
        0.0002971181   0.0003356007
       -0.0045665597  -0.0002513648  -0.0026672541   0.0043941103  -0.0087725282
       -0.0198931493  -0.0015051929   0.0009068323  -0.0001251280  -0.0006052914
        0.0001266999   0.0003313569  -0.0002007023  -0.0001401989  -0.0012844810
        0.0116195541  -0.0643048494  -0.0832855070   0.0012212238  -0.0005290123
        0.0004649435  -0.0013003052   0.0019476984   0.0088503596  -0.0077297640
        0.0690374578   0.0966307944  -0.0040397064   0.0040262403  -0.0015358345
        0.0014457666  -0.0012558494   0.0017347891   0.0005236283  -0.0004359185
        0.0002575934   0.0003124151   0.0003061253   0.0002145016   0.0004308237
       -0.0006613326   0.0003070155
       -0.0014966241  -0.0033860608   0.0004769828   0.0026114629  -0.0062185335
       -0.0158000840  -0.0011171452  -0.0020300226  -0.0000517789  -0.0000127638
        0.0004163504   0.0011861850   0.0001774846  -0.0006734408  -0.0007286475
        0.0526747349  -0.0830219841  -0.2477827545  -0.0003875686   0.0010344837
        0.0007006899   0.0058306880  -0.0047514694  -0.0183669873  -0.0624219616
        0.0966307944   0.2799500358   0.0047437280  -0.0002307482   0.0010781817
       -0.0014479116   0.0009875589   0.0004325523  -0.0002336110   0.0001649563
       -0.0003849269   0.0004907787   0.0005913002   0.0003596808   0.0005887090
        0.0004868156  -0.0010691292
       -0.0215963816  -0.0184122159  -0.0013109223   0.0022403379   0.0060936358
        0.0030827117  -0.1519572611  -0.0403770266   0.0367602259  -0.1137066020
       -0.0578815378  -0.0230429532  -0.0023111275  -0.0040957913   0.0032041381
       -0.0211488796  -0.0005809600   0.0283305830   0.0002263570   0.0004400689
        0.0003882499  -0.0687286999   0.0060136721   0.0479471513  -0.0011484480
       -0.0040397064   0.0047437280   0.4180589797   0.1761306788  -0.1020727258
        0.0042963215  -0.0073019791  -0.0153185635   0.0144598340  -0.0086900717
       -0.0193733083  -0.0416180387  -0.0464169955  -0.0051647841  -0.0170663916
       -0.0008817712   0.0418264694
       -0.0248067641  -0.0081920657   0.0142582349  -0.0027315251  -0.0109089501
       -0.0093984585  -0.0416047517  -0.0936114660   0.0127330395  -0.0501401099
       -0.1148915138  -0.0455795969  -0.0034579859   0.0026028306  -0.0008336894
        0.0155816375   0.0134560556   0.0020260348   0.0000168336   0.0000638281
        0.0002048212  -0.0072351494  -0.0897576932  -0.0784728790  -0.0049980681
        0.0040262403  -0.0002307482   0.1761306788   0.3312992764   0.1763832114
        0.0009251876  -0.0083782974  -0.0213768544  -0.0107713451  -0.0180713303
       -0.0396224910  -0.0511654217  -0.0239862044  -0.0062157258   0.0042567834
        0.0163492897  -0.0038748988
       -0.0129310363   0.0056998695   0.0298785526  -0.0130406568  -0.0214055795
       -0.0250196839   0.0344975486   0.0110138648  -0.0961497029  -0.0090245434
       -0.0352385538  -0.1043992085   0.0043364306   0.0000264047  -0.0001718713
        0.0577048391   0.0238162506  -0.0333149691  -0.0003483755  -0.0003436955
       -0.0002052272   0.0240306095  -0.0962096218  -0.2474468228   0.0030032447
       -0.0015358345   0.0010781817  -0.1020727258   0.1763832114   0.5597101053
       -0.0004130741  -0.0103557606  -0.0154339607  -0.0231198588  -0.0423740712
       -0.0339139383  -0.0137166043  -0.0124860544   0.0129807682   0.0510942027
        0.0030095704  -0.0475922231
        0.0003460032   0.0000716662   0.0008972078  -0.0010165775  -0.0047676623
        0.0044298256  -0.0005492094   0.0015133543  -0.0008906277   0.0016294225
       -0.0018611453   0.0022404588  -0.0005536815   0.0007766205  -0.0003842959
       -0.0165473440  -0.0182294460  -0.0090858860  -0.0010805319  -0.0008088845
       -0.0004911267  -0.1320310032  -0.1063698238  -0.0621036770  -0.0002528709
        0.0014457666  -0.0014479116   0.0042963215   0.0009251876  -0.0004130741
        0.1485322106   0.1277524714   0.0640359683  -0.0000076019   0.0004113723
        0.0002856598  -0.0027614399  -0.0005791540   0.0035795195  -0.0000036974
       -0.0002803231  -0.0006520408
       -0.0003223256   0.0008989540   0.0004000552  -0.0051057070   0.0042523713
       -0.0012835379  -0.0004933738  -0.0036522683   0.0000223768  -0.0005298250
        0.0038623805  -0.0028102215   0.0007736359  -0.0009924556   0.0006012508
       -0.0083040358  -0.0072368404  -0.0043783527  -0.0003668231  -0.0006661769
       -0.0000746344  -0.1068616034  -0.1542824677  -0.0736520999   0.0020042375
       -0.0012558494   0.0009875589  -0.0073019791  -0.0083782974  -0.0103557606
        0.1277524714   0.1667715577   0.0881306798  -0.0004541092  -0.0010551718
       -0.0006921123  -0.0007508958   0.0017882681   0.0030069967  -0.0000396672
       -0.0000540042   0.0000978011
        0.0001756474  -0.0001249938   0.0004491209   0.0037884631  -0.0017755516
        0.0004489757  -0.0044485078  -0.0025855016  -0.0019795164   0.0046300290
       -0.0010486537  -0.0022868379  -0.0003959246   0.0005922200  -0.0002900628
        0.0089138345   0.0089492782   0.0055906343   0.0003106799   0.0005217663
        0.0001684065  -0.0629843914  -0.0742964019  -0.0847700624  -0.0004300143
        0.0017347891   0.0004325523  -0.0153185635  -0.0213768544  -0.0154339607
        0.0640359683   0.0881306798   0.0974368214  -0.0012682865  -0.0018452232
       -0.0019783722   0.0031902501   0.0026863654   0.0012780426  -0.0001991841
        0.0004380813   0.0009342588
       -0.0094265248   0.0097409052   0.0512581854  -0.0052895472  -0.0075788615
       -0.0005428977  -0.0028899292   0.0051236572   0.0089366842  -0.0824162340
        0.0250751935   0.0821001662   0.0026183065   0.0026836974  -0.0014278752
        0.0048364680   0.0031920875  -0.0001792270  -0.0013662159   0.0011556829
        0.0016709214  -0.0046381191  -0.0040796437   0.0048811784  -0.0000939012
        0.0005236283  -0.0002336110   0.0144598340  -0.0107713451  -0.0231198588
       -0.0000076019  -0.0004541092  -0.0012682865   0.0862500921  -0.0168563070
       -0.1143016813   0.0005470491  -0.0000714360  -0.0010828867  -0.0025836764
       -0.0076831494  -0.0066908113
        0.0033437307   0.0150703783  -0.0055411373  -0.0034502929   0.0022773578
        0.0005029655   0.0085404337   0.0014690893  -0.0030961852   0.0240543641
       -0.1324588881  -0.1724550408   0.0030295888   0.0006392522   0.0008627552
        0.0008573728   0.0006046236  -0.0007690838   0.0010689423  -0.0006710046
        0.0003868785  -0.0064558873  -0.0009466423  -0.0012496437   0.0006047997
       -0.0004359185   0.0001649563  -0.0086900717  -0.0180713303  -0.0423740712
        0.0004113723  -0.0010551718  -0.0018452232  -0.0168563070   0.1347573355
        0.2236713236  -0.0014261930  -0.0013011894  -0.0001363948  -0.0050318525
        0.0001221084   0.0018779010
        0.0396884236  -0.0142136229  -0.0630207301   0.0068707121   0.0060201213
        0.0061836269   0.0151984918   0.0015325213  -0.0207417466   0.0802484219
       -0.1737638226  -0.4770883773  -0.0007823519   0.0013443140   0.0014174673
       -0.0044024834  -0.0038599343  -0.0007032444   0.0015239999   0.0003135523
       -0.0032416958   0.0006268580  -0.0044297948  -0.0043806114  -0.0000805166
        0.0002575934  -0.0003849269  -0.0193733083  -0.0396224910  -0.0339139383
        0.0002856598  -0.0006921123  -0.0019783722  -0.1143016813   0.2236713236
        0.5816353798  -0.0035780981  -0.0019956056   0.0010001239  -0.0019241273
        0.0054379576   0.0152170452
       -0.0016046817   0.0001916666  -0.0021077544   0.0011409629   0.0014595283
        0.0008881384  -0.1895217578  -0.1441439848  -0.0958578598  -0.0019886040
        0.0007815642   0.0101991931  -0.0006809615  -0.0008665117   0.0004521756
       -0.0030422028  -0.0020002168  -0.0009695181  -0.0003622651  -0.0004471130
        0.0005641236  -0.0011881734  -0.0041570316  -0.0037802715   0.0000079210
        0.0003124151   0.0004907787  -0.0416180387  -0.0511654217  -0.0137166043
       -0.0027614399  -0.0007508958   0.0031902501   0.0005470491  -0.0014261930
       -0.0035780981   0.2177705227   0.1988291114   0.0989771526   0.0233016695
        0.0033830827   0.0052482940
        0.0015883789  -0.0023339072  -0.0000293636   0.0018336983   0.0018245461
        0.0012241975  -0.1336791666  -0.2397886711  -0.1352196804  -0.0031280305
        0.0047994741   0.0045391819  -0.0009198623   0.0000873437  -0.0000028770
       -0.0029754560  -0.0026582998   0.0009655092  -0.0006748983   0.0003575198
        0.0002869938   0.0030856032  -0.0010130652  -0.0088248163   0.0000255817
        0.0003061253   0.0005913002  -0.0464169955  -0.0239862044  -0.0124860544
       -0.0005791540   0.0017882681   0.0026863654  -0.0000714360  -0.0013011894
       -0.0019956056   0.1988291114   0.2730406585   0.1869630820  -0.0169173744
       -0.0111225985  -0.0386982327
        0.0003911464   0.0017882915  -0.0007030483   0.0015869300   0.0017586680
        0.0008870207  -0.0770342217  -0.1213380453  -0.1827484254   0.0031342417
       -0.0006489668  -0.0008135465   0.0003309349  -0.0001106056   0.0001902266
       -0.0027285675  -0.0003381241   0.0019726773   0.0001885172   0.0000149006
        0.0004316756   0.0092819978   0.0008318935  -0.0093007694  -0.0000169382
        0.0002145016   0.0003596808  -0.0051647841  -0.0062157258   0.0129807682
        0.0035795195   0.0030069967   0.0012780426  -0.0010828867  -0.0001363948
        0.0010001239   0.0989771526   0.1869630820   0.2288381478  -0.0314430419
       -0.0657904715  -0.0543725739
        0.0016604177   0.0012074151  -0.0011387336   0.0014454350   0.0015112988
        0.0014617575  -0.1271613849   0.0254601185   0.1270694626   0.0001289944
        0.0029362684   0.0028908923  -0.0000793994  -0.0002115422  -0.0001169080
       -0.0025130283  -0.0004045791   0.0018900360  -0.0002883013  -0.0001892390
        0.0002908314  -0.0028694346  -0.0059247977   0.0009277042  -0.0009986359
        0.0004308237   0.0005887090  -0.0170663916   0.0042567834   0.0510942027
       -0.0000036974  -0.0000396672  -0.0001991841  -0.0025836764  -0.0050318525
       -0.0019241273   0.0233016695  -0.0169173744  -0.0314430419   0.1270274332
       -0.0070836560  -0.1513916008
       -0.0010410997  -0.0006424870   0.0017054734  -0.0010383962  -0.0010738633
       -0.0014275792   0.0158518699  -0.1132281593  -0.1055000025   0.0018189418
       -0.0038239975  -0.0063267182  -0.0000281696   0.0001325344   0.0000677882
        0.0017125781   0.0009457704   0.0004197053  -0.0000225299   0.0001460235
       -0.0000235028  -0.0050044956   0.0026312420   0.0009089476   0.0002971181
       -0.0006613326   0.0004868156  -0.0008817712   0.0163492897   0.0030095704
       -0.0002803231  -0.0000540042   0.0004380813  -0.0076831494   0.0001221084
        0.0054379576   0.0033830827  -0.0111225985  -0.0657904715  -0.0070836560
        0.1102794741   0.1665939348
       -0.0052113761  -0.0013421713   0.0037854318  -0.0031365484  -0.0047649472
       -0.0039685357   0.1097207136  -0.1182808694  -0.4276889339   0.0008901355
       -0.0078029439  -0.0170241930   0.0002157381   0.0003128999   0.0003999000
        0.0057041262   0.0032252439  -0.0023730757   0.0005770299   0.0002085655
       -0.0002701043   0.0025642699   0.0021407017   0.0062937793   0.0003356007
        0.0003070155  -0.0010691292   0.0418264694  -0.0038748988  -0.0475922231
       -0.0006520408   0.0000978011   0.0009342588  -0.0066908113   0.0018779010
        0.0152170452   0.0052482940  -0.0386982327  -0.0543725739  -0.1513916008
        0.1665939348   0.5277283538
