           1           2   1.5629328087651766     
           1           4   1.1730278681433222     
           1           5  0.97052092992817074     
           2           6   1.3323840487501282     
           2           7  0.96906897348914001     
           1           8  0.13085713651909842     
           6           8   1.5114564916915632     
           6           9  0.96942986021343125     
           3          10   1.0599279033916857     
           4          10   1.1601693773269692     
           8          10   1.3201990492939590     
           8          11  0.96672129714893806     
           4          12   1.5208896313264761     
           3          13   1.3325005221702504     
           3          14   1.3646087013606036     
          10          14  0.10168406014236069     
          13          14  0.25619014010925606     
