$hessian                                                                        
        0.2848518693  -0.1173674471   0.0188280043  -0.0426105700  -0.0054140582
       -0.0008075482  -0.0938045991  -0.0113055828   0.0372295977  -0.1209729742
        0.1132526457  -0.0379037464  -0.0299287898  -0.0112237799  -0.0123199776
       -0.0022194761   0.0189518614  -0.0279378191   0.0046845399   0.0131063608
        0.0229114894
       -0.1173674471   0.3429072081  -0.0241662798  -0.0056150324  -0.0382217651
        0.0019486454   0.0031124856  -0.0247757263   0.0042492159   0.1129545948
       -0.1743917561   0.0473904995  -0.0251889677  -0.0871680170  -0.0341340303
        0.0188388358  -0.0136889329   0.0370602870   0.0132655310  -0.0046610106
       -0.0323483378
        0.0188280043  -0.0241662798   0.2496620269  -0.0059631484   0.0087807936
       -0.0123265647   0.0433533858   0.0106861246  -0.0442621169  -0.0377568157
        0.0476531806  -0.0543157165  -0.0198269128  -0.0390652402  -0.0441350826
       -0.0232117496   0.0307954174  -0.0416413242   0.0245772365  -0.0346839962
       -0.0529812219
       -0.0426105700  -0.0056150324  -0.0059631484   0.5277185847  -0.4581013202
       -0.0240035082  -0.0102508043  -0.0047018975   0.0193476257  -0.0021211519
        0.0042638482  -0.0120913745  -0.0005674526  -0.0002724268  -0.0056159786
       -0.2498424204   0.2492856781  -0.1118287736  -0.2223261855   0.2151411505
        0.1401551576
       -0.0054140582  -0.0382217651   0.0087807936  -0.4581013202   0.8193763405
        0.0333996255   0.0016699247   0.0004190124   0.0016772005   0.0044099583
       -0.0042560479   0.0153634701  -0.0070074136  -0.0094455234  -0.0185082210
        0.2498214930  -0.4056135278   0.1522162443   0.2146214161  -0.3622584886
       -0.1929291131
       -0.0008075482   0.0019486454  -0.0123265647  -0.0240035082   0.0333996255
        0.3007500088   0.0001149369  -0.0008973221   0.0003018630   0.0005342701
       -0.0006149735   0.0037345327   0.0009698185  -0.0001372662   0.0010053970
       -0.0838781751   0.1140328416  -0.1239664987   0.1070702060  -0.1477315508
       -0.1694987381
       -0.0938045991   0.0031124856   0.0433533858  -0.0102508043   0.0016699247
        0.0001149369   0.1489725927   0.0262474894  -0.0521815665  -0.0272032997
       -0.0020176121   0.0123107002  -0.0233660410  -0.0290890814  -0.0061737471
        0.0043281322  -0.0024528595  -0.0014585328   0.0013240191   0.0025296535
        0.0040348234
       -0.0113055828  -0.0247757263   0.0106861246  -0.0047018975   0.0004190124
       -0.0008973221   0.0262474894   0.0291987268  -0.0080477277   0.0113157390
        0.0048522667  -0.0059613988  -0.0222115232  -0.0115279857   0.0025828680
        0.0012309349  -0.0001704767  -0.0004483712  -0.0005751598   0.0020041829
        0.0020858270
        0.0372295977   0.0042492159  -0.0442621169   0.0193476257   0.0016772005
        0.0003018630  -0.0521815665  -0.0080477277   0.0400902783   0.0018738249
       -0.0002324502   0.0020936951  -0.0014749557   0.0062686179   0.0090265588
       -0.0040159322   0.0012647488   0.0007653948  -0.0007785939  -0.0051796053
       -0.0080156731
       -0.1209729742   0.1129545948  -0.0377568157  -0.0021211519   0.0044099583
        0.0005342701  -0.0272032997   0.0113157390   0.0018738249   0.1445567865
       -0.1185695554   0.0369875278   0.0052219483  -0.0094663097  -0.0002440088
       -0.0002192857   0.0010637639  -0.0023856219   0.0007379768  -0.0017081908
        0.0009908236
        0.1132526457  -0.1743917561   0.0476531806   0.0042638482  -0.0042560479
       -0.0006149735  -0.0020176121   0.0048522667  -0.0002324502  -0.1185695554
        0.2003175844  -0.0466237589   0.0037150835  -0.0272876468  -0.0019484715
        0.0010192878  -0.0008114726   0.0030465664  -0.0016636976   0.0015770722
       -0.0012800930
       -0.0379037464   0.0473904995  -0.0543157165  -0.0120913745   0.0153634701
        0.0037345327   0.0123107002  -0.0059613988   0.0020936951   0.0369875278
       -0.0466237589   0.0565630976   0.0029886550  -0.0134902232   0.0019369433
       -0.0036743042   0.0049841994  -0.0116427061   0.0013825421  -0.0016627882
        0.0016301539
       -0.0299287898  -0.0251889677  -0.0198269128  -0.0005674526  -0.0070074136
        0.0009698185  -0.0233660410  -0.0222115232  -0.0014749557   0.0052219483
        0.0037150835   0.0029886550   0.0465964862   0.0492932559   0.0196446794
       -0.0001462518   0.0023903435   0.0008658316   0.0021901006  -0.0009907784
       -0.0031671160
       -0.0112237799  -0.0871680170  -0.0390652402  -0.0002724268  -0.0094455234
       -0.0001372662  -0.0290890814  -0.0115279857   0.0062686179  -0.0094663097
       -0.0272876468  -0.0134902232   0.0492932559   0.1299194255   0.0489506658
       -0.0012335047   0.0047245557   0.0014324111   0.0019918466   0.0007851917
       -0.0039589651
       -0.0123199776  -0.0341340303  -0.0441350826  -0.0056159786  -0.0185082210
        0.0010053970  -0.0061737471   0.0025828680   0.0090265588  -0.0002440088
       -0.0019484715   0.0019369433   0.0196446794   0.0489506658   0.0402325118
       -0.0002004514   0.0042463706   0.0009987930   0.0049094841  -0.0011891817
       -0.0090651214
       -0.0022194761   0.0188388358  -0.0232117496  -0.2498424204   0.2498214930
       -0.0838781751   0.0043281322   0.0012309349  -0.0040159322  -0.0002192857
        0.0010192878  -0.0036743042  -0.0001462518  -0.0012335047  -0.0002004514
        0.2606034613  -0.3199986952   0.1257500712  -0.0125041594   0.0503216485
       -0.0107694586
        0.0189518614  -0.0136889329   0.0307954174   0.2492856781  -0.4056135278
        0.1140328416  -0.0024528595  -0.0001704767   0.0012647488   0.0010637639
       -0.0008114726   0.0049841994   0.0023903435   0.0047245557   0.0042463706
       -0.3199986952   0.4602602546  -0.1699749883   0.0507599078  -0.0447004003
        0.0146514105
       -0.0279378191   0.0370602870  -0.0416413242  -0.1118287736   0.1522162443
       -0.1239664987  -0.0014585328  -0.0004483712   0.0007653948  -0.0023856219
        0.0030465664  -0.0116427061   0.0008658316   0.0014324111   0.0009987930
        0.1257500712  -0.1699749883   0.1589229755   0.0169948447  -0.0233321493
        0.0165633657
        0.0046845399   0.0132655310   0.0245772365  -0.2223261855   0.2146214161
        0.1070702060   0.0013240191  -0.0005751598  -0.0007785939   0.0007379768
       -0.0016636976   0.0013825421   0.0021901006   0.0019918466   0.0049094841
       -0.0125041594   0.0507599078   0.0169948447   0.2258937085  -0.2783998441
       -0.1541557195
        0.0131063608  -0.0046610106  -0.0346839962   0.2151411505  -0.3622584886
       -0.1477315508   0.0025296535   0.0020041829  -0.0051796053  -0.0017081908
        0.0015770722  -0.0016627882  -0.0009907784   0.0007851917  -0.0011891817
        0.0503216485  -0.0447004003  -0.0233321493  -0.2783998441   0.4072534527
        0.2137792714
        0.0229114894  -0.0323483378  -0.0529812219   0.1401551576  -0.1929291131
       -0.1694987381   0.0040348234   0.0020858270  -0.0080156731   0.0009908236
       -0.0012800930   0.0016301539  -0.0031671160  -0.0039589651  -0.0090651214
       -0.0107694586   0.0146514105   0.0165633657  -0.1541557195   0.2137792714
        0.2213672349
