# Atoms array:
     x           y            z                   Z     indx
   -2.047154    -2.867789     1.619997            6      0
   -2.524840    -2.197521     0.424711            6      1
   -3.708911    -2.539492    -0.185307            6      2
   -4.510094    -3.576687     0.347184            6      3
   -4.088550    -4.263779     1.509587            6      4
   -2.905107    -3.924966     2.122291            6      5
   -6.434736    -4.846238     0.209142            8      6
   -0.955029    -2.551389     2.186940            8      7
   -1.906169    -1.395918     0.014086            1      8
   -4.049021    -2.021746    -1.082218            1      9
   -5.729432    -3.925204    -0.279932            7     10
   -4.716745    -5.061565     1.905890            1     11
   -6.089531    -3.308472    -1.316568            8     12
   -2.578820    -4.454973     3.020365            7     13

# Gridpoints array:
     x           y            z                   Z     indx
   -2.047154    -0.827789     1.619997            6      0
   -2.047154    -2.867789     3.659997            6      0
   -3.224949    -1.689995     2.797792            6      0
   -0.869360    -4.045584     2.797792            6      0
   -0.869360    -1.689995     0.442203            6      0
   -0.869360    -4.045584     0.442203            6      0
   -1.669518    -2.490153     3.588850            6      0
   -2.424790    -2.490153     3.588850            6      0
   -1.669518    -3.245425     3.588850            6      0
   -2.424790    -3.245425     3.588850            6      0
   -1.669518    -3.245425    -0.348856            6      0
   -1.669518    -0.898936     1.997633            6      0
   -2.424790    -0.898936     1.997633            6      0
   -1.669518    -0.898936     1.242361            6      0
   -1.669518    -4.836642     1.242361            6      0
   -4.016007    -2.490153     1.997633            6      0
   -0.078301    -3.245425     1.242361            6      0
   -3.455613    -1.459330     2.060550            6      0
   -0.638695    -4.276248     2.060550            6      0
   -0.638695    -1.459330     1.179444            6      0
   -0.638695    -4.276248     1.179444            6      0
   -3.455613    -2.427236     3.028456            6      0
   -0.638695    -2.427236     0.211538            6      0
   -0.638695    -3.308342     0.211538            6      0
   -1.606602    -1.459330     3.028456            6      0
   -2.487707    -1.459330     3.028456            6      0
   -1.606602    -4.276248     0.211538            6      0
   -2.487707    -4.276248     0.211538            6      0
   -2.854361    -2.060583     3.310688            6      0
   -1.239948    -3.674996     3.310688            6      0
   -1.239948    -3.674996    -0.070694            6      0
   -1.239948    -1.177099     2.427204            6      0
   -2.854361    -1.177099     2.427204            6      0
   -1.239948    -4.558480     2.427204            6      0
   -1.239948    -1.177099     0.812791            6      0
   -1.239948    -4.558480     0.812791            6      0
   -3.737845    -2.060583     2.427204            6      0
   -0.356464    -3.674996     2.427204            6      0
   -0.356464    -2.060583     0.812791            6      0
   -0.356464    -3.674996     0.812791            6      0
   -1.071282    -1.076345     1.619997            6      0
   -3.023027    -1.076345     1.619997            6      0
   -1.071282    -4.659233     1.619997            6      0
   -3.838599    -1.891916     1.619997            6      0
   -0.255710    -3.843662     1.619997            6      0
   -3.023027    -2.867789     3.411441            6      0
   -1.071282    -2.867789    -0.171447            6      0
   -0.255710    -2.867789     0.644124            6      0
   -2.047154    -1.891916     3.411441            6      0
   -2.047154    -3.843662    -0.171447            6      0
   -2.047154    -1.076345     2.595870            6      0
   -2.047154    -4.659233     0.644124            6      0
   -0.484840    -2.197521     0.424711            6      1
   -2.524840    -0.157521     0.424711            6      1
   -2.524840    -2.197521    -1.615289            6      1
   -1.347045    -1.019726     1.602506            6      1
   -3.702634    -1.019726     1.602506            6      1
   -1.347045    -1.019726    -0.753083            6      1
   -3.702634    -1.019726    -0.753083            6      1
   -1.347045    -3.375315    -0.753083            6      1
   -2.902476    -1.819885     2.393564            6      1
   -2.147204    -1.819885    -1.544142            6      1
   -2.902476    -1.819885    -1.544142            6      1
   -2.147204    -2.575157    -1.544142            6      1
   -2.902476    -2.575157    -1.544142            6      1
   -2.147204    -0.228668     0.802347            6      1
   -2.902476    -0.228668     0.802347            6      1
   -2.147204    -0.228668     0.047075            6      1
   -2.902476    -0.228668     0.047075            6      1
   -2.147204    -4.166374     0.047075            6      1
   -2.902476    -4.166374     0.047075            6      1
   -0.555987    -1.819885     0.802347            6      1
   -0.555987    -1.819885     0.047075            6      1
   -0.555987    -2.575157     0.047075            6      1
   -1.116381    -0.789062     0.865264            6      1
   -3.933299    -0.789062     0.865264            6      1
   -1.116381    -0.789062    -0.015842            6      1
   -3.933299    -0.789062    -0.015842            6      1
   -1.116381    -3.605980    -0.015842            6      1
   -3.933299    -1.756968     1.833170            6      1
   -1.116381    -1.756968    -0.983748            6      1
   -1.116381    -2.638074    -0.983748            6      1
   -2.084287    -0.789062     1.833170            6      1
   -2.965393    -0.789062     1.833170            6      1
   -2.084287    -0.789062    -0.983748            6      1
   -2.965393    -0.789062    -0.983748            6      1
   -2.084287    -3.605980    -0.983748            6      1
   -2.965393    -3.605980    -0.983748            6      1
   -3.332046    -1.390314     2.115402            6      1
   -1.717633    -1.390314    -1.265979            6      1
   -1.717633    -3.004727    -1.265979            6      1
   -1.717633    -0.506830     1.231918            6      1
   -3.332046    -0.506830     1.231918            6      1
   -1.717633    -0.506830    -0.382495            6      1
   -3.332046    -0.506830    -0.382495            6      1
   -1.717633    -3.888212    -0.382495            6      1
   -0.834149    -1.390314     1.231918            6      1
   -4.215530    -1.390314     1.231918            6      1
   -0.834149    -1.390314    -0.382495            6      1
   -0.834149    -3.004727    -0.382495            6      1
   -1.548967    -0.406077     0.424711            6      1
   -3.500713    -0.406077     0.424711            6      1
   -1.548967    -3.988965     0.424711            6      1
   -0.733396    -1.221648     0.424711            6      1
   -4.316284    -1.221648     0.424711            6      1
   -0.733396    -3.173394     0.424711            6      1
   -3.500713    -2.197521     2.216155            6      1
   -1.548967    -2.197521    -1.366733            6      1
   -4.316284    -2.197521     1.400584            6      1
   -0.733396    -2.197521    -0.551162            6      1
   -2.524840    -1.221648     2.216155            6      1
   -2.524840    -1.221648    -1.366733            6      1
   -2.524840    -3.173394    -1.366733            6      1
   -2.524840    -0.406077     1.400584            6      1
   -2.524840    -0.406077    -0.551162            6      1
   -2.524840    -3.988965    -0.551162            6      1
   -3.708911    -0.499492    -0.185307            6      2
   -3.708911    -2.539492    -2.225307            6      2
   -4.886705    -1.361698     0.992488            6      2
   -2.531116    -1.361698    -1.363101            6      2
   -4.886705    -1.361698    -1.363101            6      2
   -2.531116    -3.717287    -1.363101            6      2
   -4.086547    -2.161856     1.783546            6      2
   -3.331275    -2.161856    -2.154160            6      2
   -4.086547    -2.161856    -2.154160            6      2
   -3.331275    -2.917128    -2.154160            6      2
   -4.086547    -2.917128    -2.154160            6      2
   -3.331275    -0.570639     0.192329            6      2
   -4.086547    -0.570639     0.192329            6      2
   -3.331275    -0.570639    -0.562942            6      2
   -4.086547    -0.570639    -0.562942            6      2
   -3.331275    -4.508345    -0.562942            6      2
   -5.677764    -2.161856     0.192329            6      2
   -5.677764    -2.161856    -0.562942            6      2
   -5.117370    -1.131033     0.255246            6      2
   -2.300452    -3.947951     0.255246            6      2
   -5.117370    -1.131033    -0.625859            6      2
   -2.300452    -3.947951    -0.625859            6      2
   -5.117370    -2.098939     1.223152            6      2
   -2.300452    -2.098939    -1.593766            6      2
   -5.117370    -2.098939    -1.593766            6      2
   -2.300452    -2.980045    -1.593766            6      2
   -3.268358    -1.131033     1.223152            6      2
   -4.149464    -1.131033     1.223152            6      2
   -3.268358    -1.131033    -1.593766            6      2
   -4.149464    -1.131033    -1.593766            6      2
   -3.268358    -3.947951    -1.593766            6      2
   -4.149464    -3.947951    -1.593766            6      2
   -4.516117    -1.732286     1.505384            6      2
   -2.901704    -1.732286    -1.875997            6      2
   -4.516117    -1.732286    -1.875997            6      2
   -2.901704    -3.346699    -1.875997            6      2
   -4.516117    -3.346699    -1.875997            6      2
   -4.516117    -0.848801     0.621900            6      2
   -2.901704    -0.848801    -0.992513            6      2
   -4.516117    -0.848801    -0.992513            6      2
   -2.901704    -4.230183    -0.992513            6      2
   -5.399601    -1.732286     0.621900            6      2
   -5.399601    -1.732286    -0.992513            6      2
   -2.018220    -3.346699    -0.992513            6      2
   -4.684784    -0.748048    -0.185307            6      2
   -2.733038    -4.330936    -0.185307            6      2
   -5.500355    -1.563619    -0.185307            6      2
   -1.917467    -3.515365    -0.185307            6      2
   -4.684784    -2.539492     1.606138            6      2
   -2.733038    -2.539492    -1.976751            6      2
   -4.684784    -2.539492    -1.976751            6      2
   -1.917467    -2.539492    -1.161179            6      2
   -3.708911    -1.563619     1.606138            6      2
   -3.708911    -1.563619    -1.976751            6      2
   -3.708911    -3.515365    -1.976751            6      2
   -3.708911    -0.748048     0.790566            6      2
   -3.708911    -0.748048    -1.161179            6      2
   -3.708911    -4.330936    -1.161179            6      2
   -4.510094    -5.616687     0.347184            6      3
   -4.510094    -3.576687    -1.692816            6      3
   -5.687889    -2.398892     1.524978            6      3
   -3.332300    -4.754481    -0.830611            6      3
   -4.887730    -3.199051     2.316037            6      3
   -4.132458    -3.199051    -1.621669            6      3
   -4.132458    -3.954322    -1.621669            6      3
   -4.887730    -1.607834     0.724820            6      3
   -4.887730    -5.545540     0.724820            6      3
   -4.132458    -5.545540    -0.030452            6      3
   -4.887730    -5.545540    -0.030452            6      3
   -6.478947    -3.199051     0.724820            6      3
   -2.541241    -3.954322    -0.030452            6      3
   -5.918553    -2.168228     0.787737            6      3
   -5.918553    -2.168228    -0.093369            6      3
   -3.101635    -4.985146    -0.093369            6      3
   -5.918553    -3.136134     1.755643            6      3
   -5.918553    -4.017239     1.755643            6      3
   -3.101635    -4.017239    -1.061275            6      3
   -4.069541    -2.168228     1.755643            6      3
   -4.950647    -2.168228     1.755643            6      3
   -4.069541    -4.985146    -1.061275            6      3
   -4.950647    -4.985146    -1.061275            6      3
   -5.317301    -2.769480     2.037875            6      3
   -3.702888    -4.383893    -1.343507            6      3
   -5.317301    -1.885996     1.154390            6      3
   -5.317301    -1.885996    -0.460023            6      3
   -3.702888    -5.267377    -0.460023            6      3
   -6.200785    -2.769480     1.154390            6      3
   -2.819404    -4.383893    -0.460023            6      3
   -5.485967    -1.785242     0.347184            6      3
   -3.534221    -5.368131     0.347184            6      3
   -6.301538    -2.600814     0.347184            6      3
   -2.718650    -4.552559     0.347184            6      3
   -5.485967    -3.576687     2.138628            6      3
   -3.534221    -3.576687    -1.444260            6      3
   -6.301538    -3.576687     1.323057            6      3
   -4.510094    -2.600814     2.138628            6      3
   -4.510094    -4.552559    -1.444260            6      3
   -4.510094    -1.785242     1.323057            6      3
   -4.510094    -5.368131    -0.628689            6      3
   -4.088550    -6.303779     1.509587            6      4
   -4.088550    -4.263779     3.549587            6      4
   -5.266345    -3.085984     2.687382            6      4
   -2.910756    -5.441573     2.687382            6      4
   -5.266345    -5.441573     2.687382            6      4
   -2.910756    -5.441573     0.331792            6      4
   -3.710914    -3.886143     3.478440            6      4
   -4.466186    -3.886143     3.478440            6      4
   -3.710914    -4.641415     3.478440            6      4
   -4.466186    -4.641415     3.478440            6      4
   -3.710914    -4.641415    -0.459266            6      4
   -3.710914    -2.294926     1.887223            6      4
   -4.466186    -2.294926     1.887223            6      4
   -3.710914    -6.232632     1.887223            6      4
   -4.466186    -6.232632     1.887223            6      4
   -3.710914    -6.232632     1.131951            6      4
   -4.466186    -6.232632     1.131951            6      4
   -6.057403    -3.886143     1.887223            6      4
   -6.057403    -4.641415     1.887223            6      4
   -5.497009    -2.855320     1.950140            6      4
   -2.680091    -5.672238     1.950140            6      4
   -5.497009    -5.672238     1.950140            6      4
   -2.680091    -5.672238     1.069034            6      4
   -5.497009    -5.672238     1.069034            6      4
   -5.497009    -3.823226     2.918046            6      4
   -5.497009    -4.704332     2.918046            6      4
   -2.680091    -4.704332     0.101128            6      4
   -3.647997    -2.855320     2.918046            6      4
   -4.529103    -2.855320     2.918046            6      4
   -3.647997    -5.672238     2.918046            6      4
   -4.529103    -5.672238     2.918046            6      4
   -3.647997    -5.672238     0.101128            6      4
   -4.529103    -5.672238     0.101128            6      4
   -4.895757    -3.456572     3.200278            6      4
   -4.895757    -5.070985     3.200278            6      4
   -3.281344    -5.070985    -0.181104            6      4
   -4.895757    -2.573088     2.316794            6      4
   -3.281344    -5.954469     2.316794            6      4
   -4.895757    -5.954469     2.316794            6      4
   -3.281344    -5.954469     0.702380            6      4
   -4.895757    -5.954469     0.702380            6      4
   -5.779241    -3.456572     2.316794            6      4
   -5.779241    -5.070985     2.316794            6      4
   -2.397860    -5.070985     0.702380            6      4
   -5.064423    -2.472334     1.509587            6      4
   -3.112677    -6.055223     1.509587            6      4
   -5.064423    -6.055223     1.509587            6      4
   -5.879994    -3.287906     1.509587            6      4
   -2.297106    -5.239651     1.509587            6      4
   -5.879994    -5.239651     1.509587            6      4
   -5.064423    -4.263779     3.301031            6      4
   -3.112677    -4.263779    -0.281857            6      4
   -5.879994    -4.263779     2.485460            6      4
   -2.297106    -4.263779     0.533714            6      4
   -4.088550    -3.287906     3.301031            6      4
   -4.088550    -5.239651     3.301031            6      4
   -4.088550    -5.239651    -0.281857            6      4
   -4.088550    -2.472334     2.485460            6      4
   -4.088550    -6.055223     2.485460            6      4
   -4.088550    -6.055223     0.533714            6      4
   -2.905107    -5.964966     2.122291            6      5
   -2.905107    -3.924966     4.162291            6      5
   -4.082902    -2.747171     3.300086            6      5
   -1.727313    -5.102760     3.300086            6      5
   -4.082902    -5.102760     3.300086            6      5
   -1.727313    -5.102760     0.944497            6      5
   -2.527471    -3.547330     4.091144            6      5
   -3.282743    -3.547330     4.091144            6      5
   -2.527471    -4.302602     4.091144            6      5
   -3.282743    -4.302602     4.091144            6      5
   -2.527471    -4.302602     0.153438            6      5
   -3.282743    -1.956113     2.499927            6      5
   -2.527471    -5.893819     2.499927            6      5
   -3.282743    -5.893819     2.499927            6      5
   -2.527471    -5.893819     1.744655            6      5
   -3.282743    -5.893819     1.744655            6      5
   -0.936254    -4.302602     2.499927            6      5
   -0.936254    -4.302602     1.744655            6      5
   -4.313566    -2.516507     2.562844            6      5
   -1.496648    -5.333425     2.562844            6      5
   -4.313566    -2.516507     1.681738            6      5
   -1.496648    -5.333425     1.681738            6      5
   -1.496648    -3.484413     3.530750            6      5
   -4.313566    -3.484413     3.530750            6      5
   -1.496648    -4.365519     3.530750            6      5
   -4.313566    -4.365519     3.530750            6      5
   -1.496648    -4.365519     0.713832            6      5
   -2.464554    -2.516507     3.530750            6      5
   -3.345660    -2.516507     3.530750            6      5
   -2.464554    -5.333425     3.530750            6      5
   -3.345660    -5.333425     3.530750            6      5
   -2.464554    -5.333425     0.713832            6      5
   -3.345660    -5.333425     0.713832            6      5
   -2.097901    -3.117759     3.812982            6      5
   -3.712314    -3.117759     3.812982            6      5
   -2.097901    -4.732172     3.812982            6      5
   -3.712314    -4.732172     3.812982            6      5
   -2.097901    -4.732172     0.431600            6      5
   -3.712314    -2.234275     2.929498            6      5
   -2.097901    -5.615656     2.929498            6      5
   -3.712314    -5.615656     2.929498            6      5
   -2.097901    -5.615656     1.315085            6      5
   -4.595798    -3.117759     2.929498            6      5
   -1.214416    -4.732172     2.929498            6      5
   -1.214416    -4.732172     1.315085            6      5
   -3.880980    -2.133522     2.122291            6      5
   -1.929234    -5.716410     2.122291            6      5
   -4.696551    -2.949093     2.122291            6      5
   -1.113663    -4.900839     2.122291            6      5
   -1.929234    -3.924966     3.913735            6      5
   -3.880980    -3.924966     3.913735            6      5
   -1.929234    -3.924966     0.330847            6      5
   -1.113663    -3.924966     3.098164            6      5
   -4.696551    -3.924966     3.098164            6      5
   -2.905107    -2.949093     3.913735            6      5
   -2.905107    -4.900839     3.913735            6      5
   -2.905107    -4.900839     0.330847            6      5
   -2.905107    -2.133522     3.098164            6      5
   -2.905107    -5.716410     3.098164            6      5
   -2.905107    -5.716410     1.146418            6      5
   -8.258737    -4.846238     0.209142            8      6
   -6.434736    -6.670238     0.209142            8      6
   -6.434736    -4.846238     2.033142            8      6
   -6.434736    -4.846238    -1.614858            8      6
   -7.487823    -3.793151     1.262229            8      6
   -5.381650    -5.899325     1.262229            8      6
   -7.487823    -5.899325     1.262229            8      6
   -7.487823    -3.793151    -0.843945            8      6
   -5.381650    -5.899325    -0.843945            8      6
   -7.487823    -5.899325    -0.843945            8      6
   -6.097086    -4.508587     1.969528            8      6
   -6.772387    -4.508587     1.969528            8      6
   -6.097086    -5.183889     1.969528            8      6
   -6.772387    -5.183889     1.969528            8      6
   -6.097086    -5.183889    -1.551244            8      6
   -6.772387    -5.183889    -1.551244            8      6
   -6.772387    -3.085851     0.546793            8      6
   -6.097086    -6.606624     0.546793            8      6
   -6.772387    -6.606624     0.546793            8      6
   -6.097086    -6.606624    -0.128509            8      6
   -6.772387    -6.606624    -0.128509            8      6
   -8.195123    -4.508587     0.546793            8      6
   -8.195123    -5.183889     0.546793            8      6
   -8.195123    -4.508587    -0.128509            8      6
   -8.195123    -5.183889    -0.128509            8      6
   -7.694064    -3.586910     0.603048            8      6
   -5.175408    -6.105566     0.603048            8      6
   -7.694064    -6.105566     0.603048            8      6
   -7.694064    -3.586910    -0.184764            8      6
   -5.175408    -6.105566    -0.184764            8      6
   -7.694064    -6.105566    -0.184764            8      6
   -7.694064    -4.452332     1.468470            8      6
   -7.694064    -5.240144     1.468470            8      6
   -7.694064    -4.452332    -1.050186            8      6
   -5.175408    -5.240144    -1.050186            8      6
   -7.694064    -5.240144    -1.050186            8      6
   -6.040830    -3.586910     1.468470            8      6
   -6.828643    -3.586910     1.468470            8      6
   -6.040830    -6.105566     1.468470            8      6
   -6.828643    -6.105566     1.468470            8      6
   -6.040830    -6.105566    -1.050186            8      6
   -6.828643    -6.105566    -1.050186            8      6
   -5.712999    -4.124500     1.720818            8      6
   -7.156474    -4.124500     1.720818            8      6
   -5.712999    -5.567975     1.720818            8      6
   -7.156474    -5.567975     1.720818            8      6
   -5.712999    -5.567975    -1.302535            8      6
   -7.156474    -5.567975    -1.302535            8      6
   -7.156474    -3.334561     0.930879            8      6
   -5.712999    -6.357914     0.930879            8      6
   -7.156474    -6.357914     0.930879            8      6
   -5.712999    -6.357914    -0.512596            8      6
   -7.156474    -6.357914    -0.512596            8      6
   -7.946413    -4.124500     0.930879            8      6
   -4.923060    -5.567975     0.930879            8      6
   -7.946413    -5.567975     0.930879            8      6
   -7.946413    -4.124500    -0.512596            8      6
   -4.923060    -5.567975    -0.512596            8      6
   -7.946413    -5.567975    -0.512596            8      6
   -7.307282    -3.244476     0.209142            8      6
   -5.562191    -6.448000     0.209142            8      6
   -7.307282    -6.448000     0.209142            8      6
   -8.036498    -3.973693     0.209142            8      6
   -4.832975    -5.718783     0.209142            8      6
   -8.036498    -5.718783     0.209142            8      6
   -7.307282    -4.846238     1.810904            8      6
   -7.307282    -4.846238    -1.392620            8      6
   -8.036498    -4.846238     1.081687            8      6
   -8.036498    -4.846238    -0.663403            8      6
   -6.434736    -3.973693     1.810904            8      6
   -6.434736    -5.718783     1.810904            8      6
   -6.434736    -5.718783    -1.392620            8      6
   -6.434736    -3.244476     1.081687            8      6
   -6.434736    -6.448000     1.081687            8      6
   -6.434736    -6.448000    -0.663403            8      6
    0.868971    -2.551389     2.186940            8      7
   -0.955029    -0.727389     2.186940            8      7
   -0.955029    -4.375389     2.186940            8      7
   -0.955029    -2.551389     4.010940            8      7
    0.098058    -1.498302     3.240027            8      7
   -2.008116    -1.498302     3.240027            8      7
    0.098058    -3.604476     3.240027            8      7
    0.098058    -1.498302     1.133853            8      7
    0.098058    -3.604476     1.133853            8      7
   -0.617378    -2.213738     3.947326            8      7
   -1.292680    -2.213738     3.947326            8      7
   -0.617378    -2.889040     3.947326            8      7
   -1.292680    -2.889040     3.947326            8      7
   -0.617378    -2.213738     0.426553            8      7
   -0.617378    -2.889040     0.426553            8      7
   -0.617378    -0.791003     2.524591            8      7
   -1.292680    -0.791003     2.524591            8      7
   -0.617378    -4.311775     2.524591            8      7
   -1.292680    -4.311775     2.524591            8      7
   -0.617378    -0.791003     1.849289            8      7
   -1.292680    -0.791003     1.849289            8      7
   -0.617378    -4.311775     1.849289            8      7
    0.805357    -2.213738     2.524591            8      7
    0.805357    -2.889040     2.524591            8      7
    0.805357    -2.213738     1.849289            8      7
    0.805357    -2.889040     1.849289            8      7
    0.304299    -1.292061     2.580846            8      7
   -2.214357    -1.292061     2.580846            8      7
    0.304299    -3.810717     2.580846            8      7
    0.304299    -1.292061     1.793034            8      7
    0.304299    -3.810717     1.793034            8      7
    0.304299    -2.157483     3.446268            8      7
   -2.214357    -2.157483     3.446268            8      7
    0.304299    -2.945295     3.446268            8      7
   -2.214357    -2.945295     3.446268            8      7
    0.304299    -2.157483     0.927612            8      7
    0.304299    -2.945295     0.927612            8      7
   -0.561123    -1.292061     3.446268            8      7
   -1.348935    -1.292061     3.446268            8      7
   -0.561123    -3.810717     3.446268            8      7
   -1.348935    -3.810717     3.446268            8      7
   -0.561123    -1.292061     0.927612            8      7
   -0.561123    -3.810717     0.927612            8      7
   -0.233292    -1.829651     3.698616            8      7
   -1.676767    -1.829651     3.698616            8      7
   -0.233292    -3.273126     3.698616            8      7
   -1.676767    -3.273126     3.698616            8      7
   -0.233292    -1.829651     0.675263            8      7
   -0.233292    -3.273126     0.675263            8      7
   -0.233292    -1.039712     2.908677            8      7
   -1.676767    -1.039712     2.908677            8      7
   -0.233292    -4.063065     2.908677            8      7
   -0.233292    -1.039712     1.465202            8      7
   -1.676767    -1.039712     1.465202            8      7
   -0.233292    -4.063065     1.465202            8      7
    0.556647    -1.829651     2.908677            8      7
   -2.466706    -1.829651     2.908677            8      7
    0.556647    -3.273126     2.908677            8      7
    0.556647    -1.829651     1.465202            8      7
    0.556647    -3.273126     1.465202            8      7
   -0.082484    -0.949627     2.186940            8      7
   -1.827574    -0.949627     2.186940            8      7
   -0.082484    -4.153151     2.186940            8      7
    0.646733    -1.678844     2.186940            8      7
    0.646733    -3.423934     2.186940            8      7
   -0.082484    -2.551389     3.788702            8      7
   -1.827574    -2.551389     3.788702            8      7
   -0.082484    -2.551389     0.585178            8      7
    0.646733    -2.551389     3.059485            8      7
    0.646733    -2.551389     1.314395            8      7
   -0.955029    -1.678844     3.788702            8      7
   -0.955029    -3.423934     3.788702            8      7
   -0.955029    -3.423934     0.585178            8      7
   -0.955029    -0.949627     3.059485            8      7
   -0.955029    -4.153151     3.059485            8      7
   -0.955029    -0.949627     1.314395            8      7
   -0.955029    -4.153151     1.314395            8      7
   -0.586169    -1.395918     0.014086            1      8
   -1.906169    -0.075918     0.014086            1      8
   -1.906169    -1.395918    -1.305914            1      8
   -1.144067    -0.633816     0.776189            1      8
   -1.144067    -0.633816    -0.748016            1      8
   -2.668271    -0.633816    -0.748016            1      8
   -1.144067    -2.158020    -0.748016            1      8
   -1.661816    -1.151565    -1.259877            1      8
   -2.150522    -1.151565    -1.259877            1      8
   -1.661816    -1.640271    -1.259877            1      8
   -2.150522    -1.640271    -1.259877            1      8
   -1.661816    -0.121954     0.258439            1      8
   -2.150522    -0.121954     0.258439            1      8
   -1.661816    -0.121954    -0.230266            1      8
   -2.150522    -0.121954    -0.230266            1      8
   -0.632205    -1.151565     0.258439            1      8
   -0.632205    -1.640271     0.258439            1      8
   -0.632205    -1.151565    -0.230266            1      8
   -0.632205    -1.640271    -0.230266            1      8
   -0.994813    -0.484562     0.299150            1      8
   -2.817525    -0.484562     0.299150            1      8
   -0.994813    -0.484562    -0.270977            1      8
   -2.817525    -0.484562    -0.270977            1      8
   -0.994813    -1.110854     0.925442            1      8
   -0.994813    -1.110854    -0.897269            1      8
   -0.994813    -1.680982    -0.897269            1      8
   -1.621105    -0.484562     0.925442            1      8
   -2.191233    -0.484562     0.925442            1      8
   -1.621105    -0.484562    -0.897269            1      8
   -2.191233    -0.484562    -0.897269            1      8
   -1.383859    -0.873608     1.108063            1      8
   -1.383859    -0.873608    -1.079890            1      8
   -2.428479    -0.873608    -1.079890            1      8
   -1.383859    -1.918228    -1.079890            1      8
   -1.383859    -0.301942     0.536396            1      8
   -2.428479    -0.301942     0.536396            1      8
   -1.383859    -0.301942    -0.508224            1      8
   -2.428479    -0.301942    -0.508224            1      8
   -0.812193    -0.873608     0.536396            1      8
   -0.812193    -0.873608    -0.508224            1      8
   -0.812193    -1.918228    -0.508224            1      8
   -1.274722    -0.236748     0.014086            1      8
   -2.537616    -0.236748     0.014086            1      8
   -0.746999    -0.764471     0.014086            1      8
   -0.746999    -2.027365     0.014086            1      8
   -1.274722    -1.395918    -1.145083            1      8
   -2.537616    -1.395918    -1.145083            1      8
   -0.746999    -1.395918     0.645533            1      8
   -0.746999    -1.395918    -0.617361            1      8
   -1.906169    -0.764471     1.173256            1      8
   -1.906169    -0.764471    -1.145083            1      8
   -1.906169    -0.236748     0.645533            1      8
   -1.906169    -0.236748    -0.617361            1      8
   -4.049021    -0.701746    -1.082218            1      9
   -4.049021    -2.021746    -2.402218            1      9
   -4.811123    -1.259644    -0.320116            1      9
   -3.286919    -1.259644    -1.844320            1      9
   -4.811123    -1.259644    -1.844320            1      9
   -3.286919    -2.783849    -1.844320            1      9
   -3.804668    -1.777394    -2.356182            1      9
   -4.293374    -1.777394    -2.356182            1      9
   -3.804668    -2.266099    -2.356182            1      9
   -4.293374    -2.266099    -2.356182            1      9
   -3.804668    -0.747783    -0.837865            1      9
   -4.293374    -0.747783    -0.837865            1      9
   -3.804668    -0.747783    -1.326571            1      9
   -4.293374    -0.747783    -1.326571            1      9
   -5.322985    -1.777394    -0.837865            1      9
   -5.322985    -1.777394    -1.326571            1      9
   -4.960377    -1.110391    -0.797154            1      9
   -3.137665    -1.110391    -1.367282            1      9
   -4.960377    -1.110391    -1.367282            1      9
   -3.137665    -1.736683    -1.993574            1      9
   -4.960377    -1.736683    -1.993574            1      9
   -3.137665    -2.306810    -1.993574            1      9
   -4.960377    -2.306810    -1.993574            1      9
   -3.763957    -1.110391    -1.993574            1      9
   -4.334085    -1.110391    -1.993574            1      9
   -3.763957    -2.933102    -1.993574            1      9
   -4.334085    -2.933102    -1.993574            1      9
   -3.526711    -1.499436    -2.176194            1      9
   -4.571331    -1.499436    -2.176194            1      9
   -3.526711    -2.544056    -2.176194            1      9
   -4.571331    -2.544056    -2.176194            1      9
   -4.571331    -0.927770    -0.559908            1      9
   -3.526711    -0.927770    -1.604528            1      9
   -4.571331    -0.927770    -1.604528            1      9
   -5.142997    -1.499436    -0.559908            1      9
   -2.955045    -1.499436    -1.604528            1      9
   -5.142997    -1.499436    -1.604528            1      9
   -3.417574    -0.862577    -1.082218            1      9
   -4.680468    -0.862577    -1.082218            1      9
   -5.208191    -1.390299    -1.082218            1      9
   -3.417574    -2.021746    -2.241388            1      9
   -4.680468    -2.021746    -2.241388            1      9
   -2.889851    -2.021746    -1.713665            1      9
   -5.208191    -2.021746    -1.713665            1      9
   -4.049021    -1.390299    -2.241388            1      9
   -4.049021    -2.653193    -2.241388            1      9
   -4.049021    -0.862577    -0.450771            1      9
   -4.049021    -0.862577    -1.713665            1      9
   -7.589432    -3.925204    -0.279932            7     10
   -5.729432    -2.065204    -0.279932            7     10
   -6.803304    -2.851332     0.793940            7     10
   -4.655561    -4.999075    -1.353803            7     10
   -6.803304    -4.999075    -1.353803            7     10
   -6.073747    -3.580889     1.515199            7     10
   -6.073747    -4.269519     1.515199            7     10
   -5.385117    -4.269519    -2.075063            7     10
   -6.073747    -2.130073     0.064383            7     10
   -5.385117    -5.720334    -0.624247            7     10
   -7.524563    -3.580889     0.064383            7     10
   -7.524563    -3.580889    -0.624247            7     10
   -7.524563    -4.269519    -0.624247            7     10
   -7.013615    -2.641020     0.121749            7     10
   -4.445249    -5.209387    -0.681612            7     10
   -7.013615    -3.523523     1.004251            7     10
   -4.445249    -3.523523    -1.564115            7     10
   -4.445249    -4.326884    -1.564115            7     10
   -7.013615    -4.326884    -1.564115            7     10
   -6.131113    -2.641020     1.004251            7     10
   -5.327752    -5.209387    -1.564115            7     10
   -6.131113    -5.209387    -1.564115            7     10
   -6.465415    -3.189221     1.261580            7     10
   -4.993450    -4.661186    -1.821444            7     10
   -6.465415    -4.661186    -1.821444            7     10
   -6.465415    -2.383691     0.456051            7     10
   -4.993450    -5.466716     0.456051            7     10
   -4.993450    -5.466716    -1.015914            7     10
   -6.465415    -5.466716    -1.015914            7     10
   -7.270944    -3.189221     0.456051            7     10
   -4.187920    -4.661186    -1.015914            7     10
   -7.270944    -4.661186    -1.015914            7     10
   -6.619199    -2.291828    -0.279932            7     10
   -4.839666    -5.558579    -0.279932            7     10
   -7.362808    -3.035437    -0.279932            7     10
   -6.619199    -3.925204     1.353444            7     10
   -4.839666    -3.925204    -1.913307            7     10
   -7.362808    -3.925204     0.609835            7     10
   -7.362808    -3.925204    -1.169698            7     10
   -5.729432    -3.035437     1.353444            7     10
   -5.729432    -4.814970    -1.913307            7     10
   -5.729432    -2.291828     0.609835            7     10
   -5.729432    -5.558579    -1.169698            7     10
   -6.036745    -5.061565     1.905890            1     11
   -4.716745    -6.381565     1.905890            1     11
   -4.716745    -5.061565     3.225890            1     11
   -5.478847    -4.299463     2.667992            1     11
   -3.954642    -5.823668     2.667992            1     11
   -5.478847    -5.823668     2.667992            1     11
   -5.478847    -5.823668     1.143788            1     11
   -4.472392    -4.817213     3.179854            1     11
   -4.961097    -4.817213     3.179854            1     11
   -4.472392    -5.305918     3.179854            1     11
   -4.961097    -5.305918     3.179854            1     11
   -4.472392    -6.335529     2.150243            1     11
   -4.961097    -6.335529     2.150243            1     11
   -4.472392    -6.335529     1.661537            1     11
   -4.961097    -6.335529     1.661537            1     11
   -5.990708    -4.817213     2.150243            1     11
   -5.990708    -5.305918     2.150243            1     11
   -5.990708    -5.305918     1.661537            1     11
   -3.805389    -5.972921     2.190954            1     11
   -5.628100    -5.972921     2.190954            1     11
   -3.805389    -5.972921     1.620826            1     11
   -5.628100    -5.972921     1.620826            1     11
   -5.628100    -4.776502     2.817246            1     11
   -5.628100    -5.346629     2.817246            1     11
   -4.431681    -5.972921     2.817246            1     11
   -5.001808    -5.972921     2.817246            1     11
   -4.431681    -5.972921     0.994534            1     11
   -5.001808    -5.972921     0.994534            1     11
   -5.239055    -4.539255     2.999866            1     11
   -4.194434    -5.583876     2.999866            1     11
   -5.239055    -5.583876     2.999866            1     11
   -4.194434    -6.155542     2.428200            1     11
   -5.239055    -6.155542     2.428200            1     11
   -4.194434    -6.155542     1.383580            1     11
   -5.239055    -6.155542     1.383580            1     11
   -5.810721    -4.539255     2.428200            1     11
   -5.810721    -5.583876     2.428200            1     11
   -5.810721    -5.583876     1.383580            1     11
   -4.085297    -6.220735     1.905890            1     11
   -5.348192    -6.220735     1.905890            1     11
   -5.875914    -4.430118     1.905890            1     11
   -5.875914    -5.693013     1.905890            1     11
   -5.348192    -5.061565     3.065060            1     11
   -5.875914    -5.061565     2.537337            1     11
   -4.716745    -5.693013     3.065060            1     11
   -4.716745    -5.693013     0.746720            1     11
   -4.716745    -6.220735     2.537337            1     11
   -4.716745    -6.220735     1.274443            1     11
   -7.913531    -3.308472    -1.316568            8     12
   -6.089531    -1.484472    -1.316568            8     12
   -6.089531    -3.308472    -3.140568            8     12
   -7.142618    -2.255385    -0.263481            8     12
   -5.036444    -2.255385    -2.369655            8     12
   -7.142618    -2.255385    -2.369655            8     12
   -5.036444    -4.361559    -2.369655            8     12
   -7.142618    -4.361559    -2.369655            8     12
   -5.751880    -2.970821    -3.076954            8     12
   -6.427182    -2.970821    -3.076954            8     12
   -5.751880    -3.646123    -3.076954            8     12
   -6.427182    -3.646123    -3.076954            8     12
   -5.751880    -1.548086    -0.978917            8     12
   -6.427182    -1.548086    -0.978917            8     12
   -5.751880    -1.548086    -1.654219            8     12
   -6.427182    -1.548086    -1.654219            8     12
   -5.751880    -5.068858    -1.654219            8     12
   -6.427182    -5.068858    -1.654219            8     12
   -7.849917    -2.970821    -0.978917            8     12
   -7.849917    -3.646123    -0.978917            8     12
   -7.849917    -2.970821    -1.654219            8     12
   -4.329145    -3.646123    -1.654219            8     12
   -7.849917    -3.646123    -1.654219            8     12
   -7.348859    -2.049144    -0.922662            8     12
   -7.348859    -4.567800    -0.922662            8     12
   -4.830203    -2.049144    -1.710474            8     12
   -7.348859    -2.049144    -1.710474            8     12
   -4.830203    -4.567800    -1.710474            8     12
   -7.348859    -4.567800    -1.710474            8     12
   -7.348859    -2.914566    -0.057240            8     12
   -7.348859    -3.702378    -0.057240            8     12
   -4.830203    -2.914566    -2.575896            8     12
   -7.348859    -2.914566    -2.575896            8     12
   -4.830203    -3.702378    -2.575896            8     12
   -7.348859    -3.702378    -2.575896            8     12
   -5.695625    -2.049144    -0.057240            8     12
   -6.483437    -2.049144    -0.057240            8     12
   -5.695625    -2.049144    -2.575896            8     12
   -6.483437    -2.049144    -2.575896            8     12
   -5.695625    -4.567800    -2.575896            8     12
   -6.483437    -4.567800    -2.575896            8     12
   -6.811269    -2.586735     0.195108            8     12
   -5.367794    -2.586735    -2.828244            8     12
   -6.811269    -2.586735    -2.828244            8     12
   -5.367794    -4.030210    -2.828244            8     12
   -6.811269    -4.030210    -2.828244            8     12
   -5.367794    -1.796796    -0.594830            8     12
   -6.811269    -1.796796    -0.594830            8     12
   -5.367794    -1.796796    -2.038306            8     12
   -6.811269    -1.796796    -2.038306            8     12
   -5.367794    -4.820149    -2.038306            8     12
   -6.811269    -4.820149    -2.038306            8     12
   -7.601208    -2.586735    -0.594830            8     12
   -7.601208    -4.030210    -0.594830            8     12
   -4.577855    -2.586735    -2.038306            8     12
   -7.601208    -2.586735    -2.038306            8     12
   -4.577855    -4.030210    -2.038306            8     12
   -7.601208    -4.030210    -2.038306            8     12
   -5.216986    -1.706710    -1.316568            8     12
   -6.962076    -1.706710    -1.316568            8     12
   -5.216986    -4.910234    -1.316568            8     12
   -6.962076    -4.910234    -1.316568            8     12
   -7.691293    -2.435927    -1.316568            8     12
   -4.487769    -4.181017    -1.316568            8     12
   -7.691293    -4.181017    -1.316568            8     12
   -6.962076    -3.308472     0.285194            8     12
   -5.216986    -3.308472    -2.918330            8     12
   -6.962076    -3.308472    -2.918330            8     12
   -7.691293    -3.308472    -0.444023            8     12
   -4.487769    -3.308472    -2.189113            8     12
   -7.691293    -3.308472    -2.189113            8     12
   -6.089531    -2.435927     0.285194            8     12
   -6.089531    -2.435927    -2.918330            8     12
   -6.089531    -4.181017    -2.918330            8     12
   -6.089531    -1.706710    -0.444023            8     12
   -6.089531    -1.706710    -2.189113            8     12
   -6.089531    -4.910234    -2.189113            8     12
   -1.258820    -4.454973     3.020365            7     13
   -2.578820    -5.774973     3.020365            7     13
   -2.578820    -4.454973     4.340365            7     13
   -1.816718    -3.692871     3.782467            7     13
   -3.340922    -3.692871     3.782467            7     13
   -1.816718    -5.217075     3.782467            7     13
   -3.340922    -5.217075     3.782467            7     13
   -1.816718    -5.217075     2.258263            7     13
   -2.334467    -4.210620     4.294329            7     13
   -2.823173    -4.210620     4.294329            7     13
   -2.334467    -4.699326     4.294329            7     13
   -2.823173    -4.699326     4.294329            7     13
   -2.334467    -5.728937     3.264718            7     13
   -2.823173    -5.728937     3.264718            7     13
   -2.334467    -5.728937     2.776012            7     13
   -2.823173    -5.728937     2.776012            7     13
   -1.304856    -4.210620     3.264718            7     13
   -1.304856    -4.699326     3.264718            7     13
   -1.304856    -4.699326     2.776012            7     13
   -1.667464    -5.366329     3.305429            7     13
   -3.490176    -5.366329     3.305429            7     13
   -1.667464    -5.366329     2.735301            7     13
   -1.667464    -4.169909     3.931721            7     13
   -3.490176    -4.169909     3.931721            7     13
   -1.667464    -4.740037     3.931721            7     13
   -3.490176    -4.740037     3.931721            7     13
   -2.293756    -3.543617     3.931721            7     13
   -2.863884    -3.543617     3.931721            7     13
   -2.293756    -5.366329     3.931721            7     13
   -2.863884    -5.366329     3.931721            7     13
   -2.056510    -3.932663     4.114341            7     13
   -3.101130    -3.932663     4.114341            7     13
   -2.056510    -4.977283     4.114341            7     13
   -3.101130    -4.977283     4.114341            7     13
   -2.056510    -3.360997     3.542675            7     13
   -2.056510    -5.548949     3.542675            7     13
   -3.101130    -5.548949     3.542675            7     13
   -2.056510    -5.548949     2.498055            7     13
   -1.484844    -3.932663     3.542675            7     13
   -1.484844    -4.977283     3.542675            7     13
   -3.672796    -4.977283     3.542675            7     13
   -1.484844    -4.977283     2.498055            7     13
   -1.947373    -5.614143     3.020365            7     13
   -3.210267    -5.614143     3.020365            7     13
   -1.419650    -5.086420     3.020365            7     13
   -1.947373    -4.454973     4.179535            7     13
   -3.210267    -4.454973     4.179535            7     13
   -1.419650    -4.454973     3.651812            7     13
   -3.737990    -4.454973     3.651812            7     13
   -2.578820    -3.823526     4.179535            7     13
   -2.578820    -5.086420     4.179535            7     13
   -2.578820    -5.614143     3.651812            7     13
   -2.578820    -5.614143     2.388918            7     13
