# Atoms array:
     x           y            z                   Z     indx
   -4.059192    -1.935299     1.933084            6      0
   -3.761091    -2.416517     0.661557            6      1
   -7.443978    -3.949866     2.820626           17      2
   -5.205469    -2.359963     2.696749            6      3
   -3.409582    -1.193004     2.406777            1      4
   -4.581852    -3.367246     0.036999            6      5
   -2.871700    -2.044950     0.144597            1      6
   -5.713373    -3.823921     0.725684            6      7
   -4.353127    -3.748194    -0.958988            1      8
   -6.005533    -3.339090     1.996356            6      9
   -6.375746    -4.564402     0.271886            1     10
   -5.477588    -1.913042     3.866330            8     11

# Gridpoints array:
     x           y            z                   Z     indx
   -2.019192    -1.935299     1.933084            6      0
   -4.059192     0.104701     1.933084            6      0
   -4.059192    -3.975299     1.933084            6      0
   -2.881397    -0.757504     3.110879            6      0
   -2.881397    -3.113093     3.110879            6      0
   -2.881397    -0.757504     0.755290            6      0
   -5.236986    -0.757504     0.755290            6      0
   -3.681556    -1.557663     3.901937            6      0
   -3.681556    -2.312935     3.901937            6      0
   -3.681556     0.033554     2.310720            6      0
   -4.436827     0.033554     2.310720            6      0
   -3.681556    -3.904152     2.310720            6      0
   -4.436827    -3.904152     2.310720            6      0
   -3.681556     0.033554     1.555448            6      0
   -4.436827     0.033554     1.555448            6      0
   -3.681556    -3.904152     1.555448            6      0
   -2.090339    -1.557663     2.310720            6      0
   -2.090339    -2.312935     2.310720            6      0
   -2.090339    -1.557663     1.555448            6      0
   -2.090339    -2.312935     1.555448            6      0
   -2.650733    -0.526840     2.373637            6      0
   -5.467651    -0.526840     2.373637            6      0
   -2.650733    -3.343758     2.373637            6      0
   -2.650733    -0.526840     1.492531            6      0
   -5.467651    -0.526840     1.492531            6      0
   -2.650733    -3.343758     1.492531            6      0
   -2.650733    -1.494746     3.341543            6      0
   -2.650733    -2.375852     3.341543            6      0
   -5.467651    -1.494746     0.524625            6      0
   -3.618639    -0.526840     3.341543            6      0
   -4.499744    -0.526840     3.341543            6      0
   -3.618639    -3.343758     3.341543            6      0
   -3.618639    -0.526840     0.524625            6      0
   -4.499744    -0.526840     0.524625            6      0
   -3.251985    -1.128092     3.623775            6      0
   -3.251985    -2.742505     3.623775            6      0
   -4.866398    -1.128092     0.242394            6      0
   -3.251985    -0.244608     2.740291            6      0
   -4.866398    -0.244608     2.740291            6      0
   -3.251985    -3.625989     2.740291            6      0
   -3.251985    -0.244608     1.125878            6      0
   -4.866398    -0.244608     1.125878            6      0
   -2.368501    -1.128092     2.740291            6      0
   -2.368501    -2.742505     2.740291            6      0
   -2.368501    -1.128092     1.125878            6      0
   -5.749882    -1.128092     1.125878            6      0
   -3.083319    -0.143854     1.933084            6      0
   -5.035064    -0.143854     1.933084            6      0
   -3.083319    -3.726743     1.933084            6      0
   -2.267747    -0.959426     1.933084            6      0
   -5.850636    -0.959426     1.933084            6      0
   -2.267747    -2.911171     1.933084            6      0
   -3.083319    -1.935299     3.724529            6      0
   -2.267747    -1.935299     2.908957            6      0
   -5.850636    -1.935299     0.957212            6      0
   -4.059192    -0.959426     3.724529            6      0
   -4.059192    -2.911171     3.724529            6      0
   -4.059192    -0.959426     0.141640            6      0
   -4.059192    -0.143854     2.908957            6      0
   -4.059192    -3.726743     2.908957            6      0
   -4.059192    -0.143854     0.957212            6      0
   -1.721091    -2.416517     0.661557            6      1
   -3.761091    -0.376517     0.661557            6      1
   -3.761091    -2.416517    -1.378443            6      1
   -2.583297    -3.594312     1.839351            6      1
   -2.583297    -1.238723    -0.516238            6      1
   -4.938886    -1.238723    -0.516238            6      1
   -2.583297    -3.594312    -0.516238            6      1
   -3.383456    -2.038881    -1.307296            6      1
   -4.138727    -2.038881    -1.307296            6      1
   -3.383456    -2.794153    -1.307296            6      1
   -3.383456    -0.447664     1.039193            6      1
   -4.138727    -0.447664     1.039193            6      1
   -3.383456    -4.385370     1.039193            6      1
   -3.383456    -0.447664     0.283921            6      1
   -4.138727    -0.447664     0.283921            6      1
   -3.383456    -4.385370     0.283921            6      1
   -1.792238    -2.038881     1.039193            6      1
   -1.792238    -2.794153     1.039193            6      1
   -1.792238    -2.038881     0.283921            6      1
   -5.729944    -2.038881     0.283921            6      1
   -1.792238    -2.794153     0.283921            6      1
   -2.352633    -1.008058     1.102110            6      1
   -5.169550    -1.008058     1.102110            6      1
   -2.352633    -3.824976     1.102110            6      1
   -2.352633    -1.008058     0.221004            6      1
   -5.169550    -1.008058     0.221004            6      1
   -2.352633    -3.824976     0.221004            6      1
   -2.352633    -1.975964     2.070016            6      1
   -2.352633    -2.857070     2.070016            6      1
   -2.352633    -1.975964    -0.746902            6      1
   -5.169550    -1.975964    -0.746902            6      1
   -2.352633    -2.857070    -0.746902            6      1
   -3.320539    -3.824976     2.070016            6      1
   -4.201644    -3.824976     2.070016            6      1
   -3.320539    -1.008058    -0.746902            6      1
   -4.201644    -1.008058    -0.746902            6      1
   -2.953885    -3.223724     2.352247            6      1
   -2.953885    -1.609311    -1.029134            6      1
   -4.568298    -1.609311    -1.029134            6      1
   -2.953885    -3.223724    -1.029134            6      1
   -2.953885    -0.725826     1.468763            6      1
   -2.953885    -4.107208     1.468763            6      1
   -2.953885    -0.725826    -0.145650            6      1
   -4.568298    -0.725826    -0.145650            6      1
   -2.953885    -4.107208    -0.145650            6      1
   -2.070401    -1.609311     1.468763            6      1
   -2.070401    -3.223724     1.468763            6      1
   -2.070401    -1.609311    -0.145650            6      1
   -5.451782    -1.609311    -0.145650            6      1
   -2.070401    -3.223724    -0.145650            6      1
   -2.785219    -0.625073     0.661557            6      1
   -4.736964    -0.625073     0.661557            6      1
   -2.785219    -4.207961     0.661557            6      1
   -1.969647    -1.440644     0.661557            6      1
   -5.552536    -1.440644     0.661557            6      1
   -1.969647    -3.392390     0.661557            6      1
   -2.785219    -2.416517    -1.129888            6      1
   -4.736964    -2.416517    -1.129888            6      1
   -1.969647    -2.416517     1.637429            6      1
   -1.969647    -2.416517    -0.314316            6      1
   -3.761091    -1.440644    -1.129888            6      1
   -3.761091    -4.207961     1.637429            6      1
   -3.761091    -0.625073    -0.314316            6      1
   -9.543978    -3.949866     2.820626           17      2
   -7.443978    -1.849866     2.820626           17      2
   -7.443978    -6.049866     2.820626           17      2
   -7.443978    -3.949866     4.920626           17      2
   -7.443978    -3.949866     0.720626           17      2
   -8.656413    -2.737431     4.033062           17      2
   -6.231542    -5.162302     4.033062           17      2
   -8.656413    -5.162302     4.033062           17      2
   -8.656413    -2.737431     1.608191           17      2
   -6.231542    -5.162302     1.608191           17      2
   -8.656413    -5.162302     1.608191           17      2
   -7.055235    -3.561124     4.847387           17      2
   -7.832721    -3.561124     4.847387           17      2
   -7.055235    -4.338609     4.847387           17      2
   -7.832721    -4.338609     4.847387           17      2
   -7.832721    -3.561124     0.793866           17      2
   -7.832721    -4.338609     0.793866           17      2
   -7.055235    -1.923106     3.209369           17      2
   -7.832721    -1.923106     3.209369           17      2
   -7.055235    -5.976627     3.209369           17      2
   -7.832721    -5.976627     3.209369           17      2
   -7.055235    -1.923106     2.431884           17      2
   -7.832721    -1.923106     2.431884           17      2
   -7.055235    -5.976627     2.431884           17      2
   -7.832721    -5.976627     2.431884           17      2
   -9.470738    -3.561124     3.209369           17      2
   -5.417217    -4.338609     3.209369           17      2
   -9.470738    -4.338609     3.209369           17      2
   -9.470738    -3.561124     2.431884           17      2
   -9.470738    -4.338609     2.431884           17      2
   -8.893862    -2.499982     3.274137           17      2
   -5.994094    -5.399751     3.274137           17      2
   -8.893862    -5.399751     3.274137           17      2
   -8.893862    -2.499982     2.367116           17      2
   -5.994094    -5.399751     2.367116           17      2
   -8.893862    -5.399751     2.367116           17      2
   -5.994094    -3.496356     4.270511           17      2
   -8.893862    -3.496356     4.270511           17      2
   -5.994094    -4.403377     4.270511           17      2
   -8.893862    -4.403377     4.270511           17      2
   -8.893862    -3.496356     1.370742           17      2
   -8.893862    -4.403377     1.370742           17      2
   -6.990467    -2.499982     4.270511           17      2
   -7.897488    -2.499982     4.270511           17      2
   -6.990467    -5.399751     4.270511           17      2
   -7.897488    -5.399751     4.270511           17      2
   -7.897488    -2.499982     1.370742           17      2
   -6.990467    -5.399751     1.370742           17      2
   -7.897488    -5.399751     1.370742           17      2
   -6.613030    -3.118919     4.561043           17      2
   -8.274926    -3.118919     4.561043           17      2
   -6.613030    -4.780814     4.561043           17      2
   -8.274926    -4.780814     4.561043           17      2
   -8.274926    -3.118919     1.080209           17      2
   -8.274926    -4.780814     1.080209           17      2
   -8.274926    -2.209449     3.651574           17      2
   -6.613030    -5.690283     3.651574           17      2
   -8.274926    -5.690283     3.651574           17      2
   -8.274926    -2.209449     1.989679           17      2
   -6.613030    -5.690283     1.989679           17      2
   -8.274926    -5.690283     1.989679           17      2
   -9.184395    -3.118919     3.651574           17      2
   -5.703561    -4.780814     3.651574           17      2
   -9.184395    -4.780814     3.651574           17      2
   -9.184395    -3.118919     1.989679           17      2
   -9.184395    -4.780814     1.989679           17      2
   -8.448553    -2.105733     2.820626           17      2
   -6.439403    -5.794000     2.820626           17      2
   -8.448553    -5.794000     2.820626           17      2
   -9.288112    -2.945291     2.820626           17      2
   -5.599844    -4.954441     2.820626           17      2
   -9.288112    -4.954441     2.820626           17      2
   -6.439403    -3.949866     4.664760           17      2
   -8.448553    -3.949866     4.664760           17      2
   -8.448553    -3.949866     0.976493           17      2
   -5.599844    -3.949866     3.825201           17      2
   -9.288112    -3.949866     3.825201           17      2
   -9.288112    -3.949866     1.816051           17      2
   -7.443978    -2.945291     4.664760           17      2
   -7.443978    -4.954441     4.664760           17      2
   -7.443978    -2.945291     0.976493           17      2
   -7.443978    -4.954441     0.976493           17      2
   -7.443978    -2.105733     3.825201           17      2
   -7.443978    -5.794000     3.825201           17      2
   -7.443978    -2.105733     1.816051           17      2
   -7.443978    -5.794000     1.816051           17      2
   -5.205469    -0.319963     2.696749            6      3
   -4.027674    -1.182169     3.874543            6      3
   -4.027674    -3.537758     3.874543            6      3
   -6.383263    -1.182169     1.518954            6      3
   -5.583105    -1.982328     0.727896            6      3
   -4.827833    -0.391110     3.074385            6      3
   -5.583105    -0.391110     3.074385            6      3
   -4.827833    -4.328817     3.074385            6      3
   -4.827833    -0.391110     2.319113            6      3
   -5.583105    -0.391110     2.319113            6      3
   -7.174322    -1.982328     3.074385            6      3
   -3.236616    -2.737599     3.074385            6      3
   -7.174322    -1.982328     2.319113            6      3
   -6.613928    -0.951505     3.137302            6      3
   -3.797010    -3.768422     3.137302            6      3
   -6.613928    -0.951505     2.256196            6      3
   -3.797010    -3.768422     2.256196            6      3
   -3.797010    -1.919411     4.105208            6      3
   -3.797010    -2.800516     4.105208            6      3
   -6.613928    -2.800516     4.105208            6      3
   -6.613928    -1.919411     1.288290            6      3
   -4.764916    -3.768422     4.105208            6      3
   -5.646022    -3.768422     4.105208            6      3
   -5.646022    -0.951505     1.288290            6      3
   -4.398262    -3.167170     4.387440            6      3
   -6.012675    -3.167170     4.387440            6      3
   -6.012675    -1.552757     1.006058            6      3
   -4.398262    -0.669273     3.503955            6      3
   -6.012675    -0.669273     3.503955            6      3
   -4.398262    -4.050654     3.503955            6      3
   -6.012675    -0.669273     1.889542            6      3
   -4.398262    -4.050654     1.889542            6      3
   -3.514778    -1.552757     3.503955            6      3
   -6.896159    -1.552757     3.503955            6      3
   -3.514778    -3.167170     3.503955            6      3
   -6.896159    -1.552757     1.889542            6      3
   -6.181341    -0.568519     2.696749            6      3
   -4.229596    -4.151408     2.696749            6      3
   -6.996913    -1.384091     2.696749            6      3
   -3.414024    -3.335836     2.696749            6      3
   -4.229596    -2.359963     4.488193            6      3
   -3.414024    -2.359963     3.672622            6      3
   -6.996913    -2.359963     3.672622            6      3
   -5.205469    -3.335836     4.488193            6      3
   -5.205469    -1.384091     0.905305            6      3
   -5.205469    -0.568519     3.672622            6      3
   -5.205469    -4.151408     3.672622            6      3
   -5.205469    -0.568519     1.720876            6      3
   -2.089582    -1.193004     2.406777            1      4
   -3.409582     0.126996     2.406777            1      4
   -3.409582    -1.193004     3.726777            1      4
   -2.647480    -0.430902     3.168879            1      4
   -4.171685    -0.430902     3.168879            1      4
   -2.647480    -1.955106     3.168879            1      4
   -2.647480    -0.430902     1.644675            1      4
   -3.165230    -0.948651     3.680741            1      4
   -3.653935    -0.948651     3.680741            1      4
   -3.165230    -1.437357     3.680741            1      4
   -3.653935    -1.437357     3.680741            1      4
   -3.165230     0.080960     2.651130            1      4
   -3.653935     0.080960     2.651130            1      4
   -3.165230     0.080960     2.162424            1      4
   -3.653935     0.080960     2.162424            1      4
   -2.135618    -0.948651     2.651130            1      4
   -2.135618    -1.437357     2.651130            1      4
   -2.135618    -0.948651     2.162424            1      4
   -2.135618    -1.437357     2.162424            1      4
   -2.498226    -0.281648     2.691841            1      4
   -4.320938    -0.281648     2.691841            1      4
   -2.498226    -2.104360     2.691841            1      4
   -2.498226    -0.281648     2.121713            1      4
   -2.498226    -0.907940     3.318133            1      4
   -2.498226    -1.478068     3.318133            1      4
   -2.498226    -0.907940     1.495421            1      4
   -3.124519    -0.281648     3.318133            1      4
   -3.694646    -0.281648     3.318133            1      4
   -3.124519    -0.281648     1.495421            1      4
   -3.694646    -0.281648     1.495421            1      4
   -2.887272    -0.670694     3.500753            1      4
   -3.931892    -0.670694     3.500753            1      4
   -2.887272    -1.715314     3.500753            1      4
   -2.887272    -0.670694     1.312801            1      4
   -2.887272    -0.099028     2.929087            1      4
   -3.931892    -0.099028     2.929087            1      4
   -2.887272    -0.099028     1.884467            1      4
   -3.931892    -0.099028     1.884467            1      4
   -2.315606    -0.670694     2.929087            1      4
   -2.315606    -1.715314     2.929087            1      4
   -2.315606    -0.670694     1.884467            1      4
   -2.315606    -1.715314     1.884467            1      4
   -2.778135    -0.033834     2.406777            1      4
   -4.041029    -0.033834     2.406777            1      4
   -2.250412    -0.561557     2.406777            1      4
   -2.250412    -1.824451     2.406777            1      4
   -2.778135    -1.193004     3.565947            1      4
   -2.250412    -1.193004     3.038224            1      4
   -2.250412    -1.193004     1.775330            1      4
   -3.409582    -0.561557     3.565947            1      4
   -3.409582    -1.824451     3.565947            1      4
   -3.409582    -0.033834     3.038224            1      4
   -3.409582    -0.033834     1.775330            1      4
   -4.581852    -5.407246     0.036999            6      5
   -4.581852    -3.367246    -2.003001            6      5
   -3.404057    -4.545040     1.214794            6      5
   -3.404057    -2.189451    -1.140795            6      5
   -5.759646    -2.189451    -1.140795            6      5
   -3.404057    -4.545040    -1.140795            6      5
   -5.759646    -4.545040    -1.140795            6      5
   -4.204216    -3.744882     2.005852            6      5
   -4.204216    -2.989610    -1.931854            6      5
   -4.959488    -2.989610    -1.931854            6      5
   -4.204216    -3.744882    -1.931854            6      5
   -4.959488    -3.744882    -1.931854            6      5
   -4.204216    -5.336099     0.414635            6      5
   -4.959488    -5.336099     0.414635            6      5
   -4.959488    -1.398393    -0.340637            6      5
   -4.204216    -5.336099    -0.340637            6      5
   -4.959488    -5.336099    -0.340637            6      5
   -2.612999    -3.744882     0.414635            6      5
   -6.550705    -2.989610    -0.340637            6      5
   -2.612999    -3.744882    -0.340637            6      5
   -5.990311    -1.958787     0.477552            6      5
   -3.173393    -4.775705     0.477552            6      5
   -5.990311    -1.958787    -0.403554            6      5
   -3.173393    -4.775705    -0.403554            6      5
   -3.173393    -3.807799     1.445458            6      5
   -3.173393    -2.926693    -1.371460            6      5
   -5.990311    -2.926693    -1.371460            6      5
   -3.173393    -3.807799    -1.371460            6      5
   -5.990311    -3.807799    -1.371460            6      5
   -4.141299    -4.775705     1.445458            6      5
   -4.141299    -1.958787    -1.371460            6      5
   -5.022405    -1.958787    -1.371460            6      5
   -4.141299    -4.775705    -1.371460            6      5
   -5.022405    -4.775705    -1.371460            6      5
   -3.774645    -4.174452     1.727690            6      5
   -3.774645    -2.560039    -1.653691            6      5
   -5.389058    -2.560039    -1.653691            6      5
   -3.774645    -4.174452    -1.653691            6      5
   -5.389058    -4.174452    -1.653691            6      5
   -5.389058    -1.676555     0.844206            6      5
   -3.774645    -5.057937     0.844206            6      5
   -3.774645    -1.676555    -0.770207            6      5
   -5.389058    -1.676555    -0.770207            6      5
   -3.774645    -5.057937    -0.770207            6      5
   -5.389058    -5.057937    -0.770207            6      5
   -2.891161    -4.174452     0.844206            6      5
   -2.891161    -2.560039    -0.770207            6      5
   -6.272542    -2.560039    -0.770207            6      5
   -2.891161    -4.174452    -0.770207            6      5
   -6.272542    -4.174452    -0.770207            6      5
   -5.557725    -1.575802     0.036999            6      5
   -3.605979    -5.158690     0.036999            6      5
   -6.373296    -2.391373     0.036999            6      5
   -2.790407    -4.343119     0.036999            6      5
   -3.605979    -3.367246    -1.754445            6      5
   -5.557725    -3.367246    -1.754445            6      5
   -2.790407    -3.367246    -0.938874            6      5
   -6.373296    -3.367246    -0.938874            6      5
   -4.581852    -4.343119     1.828444            6      5
   -4.581852    -2.391373    -1.754445            6      5
   -4.581852    -4.343119    -1.754445            6      5
   -4.581852    -5.158690     1.012872            6      5
   -4.581852    -1.575802    -0.938874            6      5
   -4.581852    -5.158690    -0.938874            6      5
   -1.551700    -2.044950     0.144597            1      6
   -2.871700    -0.724950     0.144597            1      6
   -2.871700    -2.044950    -1.175403            1      6
   -2.109598    -1.282847     0.906699            1      6
   -2.109598    -2.807052     0.906699            1      6
   -2.109598    -1.282847    -0.617505            1      6
   -3.633802    -1.282847    -0.617505            1      6
   -2.109598    -2.807052    -0.617505            1      6
   -2.627347    -1.800597    -1.129367            1      6
   -3.116053    -1.800597    -1.129367            1      6
   -2.627347    -2.289302    -1.129367            1      6
   -3.116053    -2.289302    -1.129367            1      6
   -2.627347    -0.770986     0.388950            1      6
   -3.116053    -0.770986     0.388950            1      6
   -2.627347    -0.770986    -0.099756            1      6
   -3.116053    -0.770986    -0.099756            1      6
   -1.597736    -1.800597     0.388950            1      6
   -1.597736    -2.289302     0.388950            1      6
   -1.597736    -1.800597    -0.099756            1      6
   -1.597736    -2.289302    -0.099756            1      6
   -1.960344    -1.133594     0.429661            1      6
   -1.960344    -2.956306     0.429661            1      6
   -1.960344    -1.133594    -0.140467            1      6
   -1.960344    -2.956306    -0.140467            1      6
   -1.960344    -1.759886     1.055953            1      6
   -1.960344    -2.330013     1.055953            1      6
   -1.960344    -1.759886    -0.766759            1      6
   -1.960344    -2.330013    -0.766759            1      6
   -2.586637    -1.133594     1.055953            1      6
   -2.586637    -1.133594    -0.766759            1      6
   -3.156764    -1.133594    -0.766759            1      6
   -2.586637    -2.956306    -0.766759            1      6
   -2.349390    -1.522640     1.238573            1      6
   -2.349390    -1.522640    -0.949379            1      6
   -3.394010    -1.522640    -0.949379            1      6
   -2.349390    -2.567260    -0.949379            1      6
   -2.349390    -0.950973     0.666907            1      6
   -2.349390    -0.950973    -0.377713            1      6
   -3.394010    -0.950973    -0.377713            1      6
   -2.349390    -3.138926    -0.377713            1      6
   -1.777724    -1.522640     0.666907            1      6
   -1.777724    -2.567260     0.666907            1      6
   -1.777724    -1.522640    -0.377713            1      6
   -1.777724    -2.567260    -0.377713            1      6
   -2.240253    -0.885780     0.144597            1      6
   -2.240253    -3.204119     0.144597            1      6
   -1.712530    -1.413503     0.144597            1      6
   -1.712530    -2.676397     0.144597            1      6
   -2.240253    -2.044950    -1.014573            1      6
   -3.503147    -2.044950    -1.014573            1      6
   -1.712530    -2.044950     0.776044            1      6
   -1.712530    -2.044950    -0.486850            1      6
   -2.871700    -1.413503    -1.014573            1      6
   -2.871700    -2.676397    -1.014573            1      6
   -2.871700    -0.885780     0.776044            1      6
   -2.871700    -0.885780    -0.486850            1      6
   -7.753373    -3.823921     0.725684            6      7
   -5.713373    -1.783921     0.725684            6      7
   -5.713373    -5.863921     0.725684            6      7
   -5.713373    -3.823921    -1.314316            6      7
   -4.535578    -5.001716     1.903478            6      7
   -6.891167    -2.646127    -0.452111            6      7
   -4.535578    -5.001716    -0.452111            6      7
   -6.891167    -5.001716    -0.452111            6      7
   -6.091009    -3.446286    -1.243169            6      7
   -5.335737    -4.201557    -1.243169            6      7
   -6.091009    -4.201557    -1.243169            6      7
   -6.091009    -1.855068     1.103320            6      7
   -5.335737    -5.792775     1.103320            6      7
   -6.091009    -5.792775     1.103320            6      7
   -6.091009    -1.855068     0.348048            6      7
   -5.335737    -5.792775     0.348048            6      7
   -6.091009    -5.792775     0.348048            6      7
   -7.682226    -3.446286     1.103320            6      7
   -7.682226    -4.201557     1.103320            6      7
   -7.682226    -3.446286     0.348048            6      7
   -7.682226    -4.201557     0.348048            6      7
   -7.121832    -2.415463     1.166237            6      7
   -4.304914    -5.232380     1.166237            6      7
   -7.121832    -5.232380     1.166237            6      7
   -7.121832    -2.415463     0.285131            6      7
   -4.304914    -5.232380     0.285131            6      7
   -7.121832    -5.232380     0.285131            6      7
   -4.304914    -4.264474     2.134143            6      7
   -7.121832    -3.383369    -0.682775            6      7
   -7.121832    -4.264474    -0.682775            6      7
   -5.272820    -5.232380     2.134143            6      7
   -6.153926    -5.232380     2.134143            6      7
   -6.153926    -2.415463    -0.682775            6      7
   -5.272820    -5.232380    -0.682775            6      7
   -6.153926    -5.232380    -0.682775            6      7
   -4.906166    -4.631128     2.416375            6      7
   -6.520579    -3.016715    -0.965007            6      7
   -4.906166    -4.631128    -0.965007            6      7
   -6.520579    -4.631128    -0.965007            6      7
   -4.906166    -5.514612     1.532890            6      7
   -6.520579    -5.514612     1.532890            6      7
   -6.520579    -2.133231    -0.081523            6      7
   -4.906166    -5.514612    -0.081523            6      7
   -6.520579    -5.514612    -0.081523            6      7
   -4.022682    -4.631128     1.532890            6      7
   -7.404064    -3.016715    -0.081523            6      7
   -7.404064    -4.631128    -0.081523            6      7
   -6.689246    -2.032477     0.725684            6      7
   -4.737500    -5.615366     0.725684            6      7
   -6.689246    -5.615366     0.725684            6      7
   -7.504817    -2.848049     0.725684            6      7
   -3.921929    -4.799794     0.725684            6      7
   -7.504817    -4.799794     0.725684            6      7
   -6.689246    -3.823921    -1.065760            6      7
   -3.921929    -3.823921     1.701557            6      7
   -7.504817    -3.823921    -0.250189            6      7
   -5.713373    -4.799794     2.517128            6      7
   -5.713373    -2.848049    -1.065760            6      7
   -5.713373    -4.799794    -1.065760            6      7
   -5.713373    -5.615366     1.701557            6      7
   -5.713373    -2.032477    -0.250189            6      7
   -5.713373    -5.615366    -0.250189            6      7
   -3.033127    -3.748194    -0.958988            1      8
   -4.353127    -5.068194    -0.958988            1      8
   -4.353127    -3.748194    -2.278988            1      8
   -3.591024    -2.986091    -1.721090            1      8
   -5.115229    -2.986091    -1.721090            1      8
   -3.591024    -4.510296    -1.721090            1      8
   -5.115229    -4.510296    -1.721090            1      8
   -4.108774    -3.503841    -2.232952            1      8
   -4.597479    -3.503841    -2.232952            1      8
   -4.108774    -3.992546    -2.232952            1      8
   -4.597479    -3.992546    -2.232952            1      8
   -4.108774    -5.022158    -0.714635            1      8
   -4.597479    -5.022158    -0.714635            1      8
   -4.108774    -5.022158    -1.203340            1      8
   -4.597479    -5.022158    -1.203340            1      8
   -3.079163    -3.992546    -0.714635            1      8
   -3.079163    -3.503841    -1.203340            1      8
   -3.079163    -3.992546    -1.203340            1      8
   -3.441771    -4.659550    -0.673924            1      8
   -3.441771    -2.836838    -1.244051            1      8
   -3.441771    -4.659550    -1.244051            1      8
   -5.264483    -4.659550    -1.244051            1      8
   -3.441771    -3.463130    -1.870344            1      8
   -5.264483    -3.463130    -1.870344            1      8
   -3.441771    -4.033257    -1.870344            1      8
   -5.264483    -4.033257    -1.870344            1      8
   -4.068063    -2.836838    -1.870344            1      8
   -4.638190    -2.836838    -1.870344            1      8
   -4.068063    -4.659550    -1.870344            1      8
   -4.638190    -4.659550    -1.870344            1      8
   -3.830817    -3.225884    -2.052964            1      8
   -4.875437    -3.225884    -2.052964            1      8
   -3.830817    -4.270504    -2.052964            1      8
   -4.875437    -4.270504    -2.052964            1      8
   -3.830817    -4.842170    -0.436678            1      8
   -3.830817    -2.654217    -1.481298            1      8
   -4.875437    -2.654217    -1.481298            1      8
   -3.830817    -4.842170    -1.481298            1      8
   -4.875437    -4.842170    -1.481298            1      8
   -3.259150    -3.225884    -1.481298            1      8
   -5.447103    -3.225884    -1.481298            1      8
   -3.259150    -4.270504    -1.481298            1      8
   -5.447103    -4.270504    -1.481298            1      8
   -3.721680    -4.907364    -0.958988            1      8
   -4.984574    -4.907364    -0.958988            1      8
   -3.193957    -4.379641    -0.958988            1      8
   -3.721680    -3.748194    -2.118158            1      8
   -4.984574    -3.748194    -2.118158            1      8
   -3.193957    -3.748194    -1.590435            1      8
   -5.512297    -3.748194    -1.590435            1      8
   -4.353127    -3.116747    -2.118158            1      8
   -4.353127    -4.379641    -2.118158            1      8
   -4.353127    -2.589024    -1.590435            1      8
   -4.353127    -4.907364    -1.590435            1      8
   -6.005533    -5.379090     1.996356            6      9
   -7.183328    -2.161296     3.174150            6      9
   -4.827739    -4.516885     3.174150            6      9
   -7.183328    -2.161296     0.818561            6      9
   -5.627897    -3.716726     3.965209            6      9
   -6.383169    -1.370237     2.373992            6      9
   -5.627897    -5.307943     2.373992            6      9
   -6.383169    -5.307943     2.373992            6      9
   -6.383169    -1.370237     1.618720            6      9
   -5.627897    -5.307943     1.618720            6      9
   -6.383169    -5.307943     1.618720            6      9
   -4.036680    -3.716726     2.373992            6      9
   -7.974386    -2.961454     1.618720            6      9
   -7.413992    -1.930631     2.436909            6      9
   -4.597074    -4.747549     2.436909            6      9
   -7.413992    -1.930631     1.555803            6      9
   -4.597074    -4.747549     1.555803            6      9
   -4.597074    -3.779643     3.404815            6      9
   -7.413992    -2.898537     0.587897            6      9
   -7.413992    -3.779643     0.587897            6      9
   -5.564980    -4.747549     3.404815            6      9
   -5.564980    -1.930631     0.587897            6      9
   -6.446086    -1.930631     0.587897            6      9
   -5.198327    -4.146297     3.687047            6      9
   -6.812740    -2.531884     0.305665            6      9
   -6.812740    -1.648399     2.803562            6      9
   -5.198327    -5.029781     2.803562            6      9
   -6.812740    -1.648399     1.189149            6      9
   -6.812740    -5.029781     1.189149            6      9
   -4.314843    -4.146297     2.803562            6      9
   -7.696224    -2.531884     1.189149            6      9
   -7.696224    -4.146297     1.189149            6      9
   -6.981406    -1.547646     1.996356            6      9
   -5.029661    -5.130534     1.996356            6      9
   -7.796978    -2.363217     1.996356            6      9
   -4.214089    -4.314963     1.996356            6      9
   -7.796978    -3.339090     1.020483            6      9
   -6.005533    -4.314963     3.787800            6      9
   -6.005533    -5.130534     2.972229            6      9
   -6.005533    -1.547646     1.020483            6      9
   -7.695746    -4.564402     0.271886            1     10
   -6.375746    -5.884402     0.271886            1     10
   -6.375746    -4.564402    -1.048114            1     10
   -7.137848    -5.326504     1.033988            1     10
   -7.137848    -3.802300    -0.490216            1     10
   -5.613643    -5.326504    -0.490216            1     10
   -7.137848    -5.326504    -0.490216            1     10
   -6.131393    -4.320049    -1.002078            1     10
   -6.620098    -4.320049    -1.002078            1     10
   -6.131393    -4.808755    -1.002078            1     10
   -6.620098    -4.808755    -1.002078            1     10
   -6.131393    -5.838366     0.516239            1     10
   -6.620098    -5.838366     0.516239            1     10
   -6.131393    -5.838366     0.027533            1     10
   -6.620098    -5.838366     0.027533            1     10
   -7.649709    -4.320049     0.516239            1     10
   -7.649709    -4.808755     0.516239            1     10
   -7.649709    -4.320049     0.027533            1     10
   -7.649709    -4.808755     0.027533            1     10
   -7.287101    -5.475758     0.556950            1     10
   -7.287101    -3.653046    -0.013178            1     10
   -5.464390    -5.475758    -0.013178            1     10
   -7.287101    -5.475758    -0.013178            1     10
   -7.287101    -4.849466     1.183242            1     10
   -7.287101    -4.279338    -0.639470            1     10
   -7.287101    -4.849466    -0.639470            1     10
   -6.090682    -5.475758     1.183242            1     10
   -6.660809    -5.475758     1.183242            1     10
   -6.090682    -5.475758    -0.639470            1     10
   -6.660809    -5.475758    -0.639470            1     10
   -6.898056    -5.086712     1.365862            1     10
   -6.898056    -4.042092    -0.822090            1     10
   -5.853435    -5.086712    -0.822090            1     10
   -6.898056    -5.086712    -0.822090            1     10
   -5.853435    -5.658378     0.794196            1     10
   -6.898056    -5.658378     0.794196            1     10
   -5.853435    -5.658378    -0.250424            1     10
   -6.898056    -5.658378    -0.250424            1     10
   -7.469722    -4.042092     0.794196            1     10
   -7.469722    -5.086712     0.794196            1     10
   -7.469722    -4.042092    -0.250424            1     10
   -7.469722    -5.086712    -0.250424            1     10
   -5.744298    -5.723572     0.271886            1     10
   -7.007193    -5.723572     0.271886            1     10
   -7.534915    -3.932955     0.271886            1     10
   -7.534915    -5.195849     0.271886            1     10
   -5.744298    -4.564402    -0.887284            1     10
   -7.007193    -4.564402    -0.887284            1     10
   -7.534915    -4.564402     0.903333            1     10
   -7.534915    -4.564402    -0.359561            1     10
   -6.375746    -3.932955    -0.887284            1     10
   -6.375746    -5.195849    -0.887284            1     10
   -6.375746    -5.723572     0.903333            1     10
   -6.375746    -5.723572    -0.359561            1     10
   -3.653588    -1.913042     3.866330            8     11
   -7.301588    -1.913042     3.866330            8     11
   -5.477588    -0.089042     3.866330            8     11
   -5.477588    -3.737042     3.866330            8     11
   -5.477588    -1.913042     5.690330            8     11
   -4.424501    -0.859955     4.919417            8     11
   -6.530675    -0.859955     4.919417            8     11
   -4.424501    -2.966129     4.919417            8     11
   -6.530675    -2.966129     4.919417            8     11
   -6.530675    -0.859955     2.813243            8     11
   -5.139937    -1.575391     5.626716            8     11
   -5.815239    -1.575391     5.626716            8     11
   -5.139937    -2.250693     5.626716            8     11
   -5.815239    -2.250693     5.626716            8     11
   -5.139937    -0.152656     4.203981            8     11
   -5.815239    -0.152656     4.203981            8     11
   -5.139937    -3.673429     4.203981            8     11
   -5.815239    -3.673429     4.203981            8     11
   -5.139937    -0.152656     3.528679            8     11
   -5.815239    -0.152656     3.528679            8     11
   -3.717202    -1.575391     4.203981            8     11
   -7.237975    -1.575391     4.203981            8     11
   -3.717202    -2.250693     4.203981            8     11
   -7.237975    -2.250693     4.203981            8     11
   -7.237975    -1.575391     3.528679            8     11
   -7.237975    -2.250693     3.528679            8     11
   -4.218260    -0.653714     4.260236            8     11
   -6.736916    -0.653714     4.260236            8     11
   -4.218260    -3.172370     4.260236            8     11
   -6.736916    -3.172370     4.260236            8     11
   -4.218260    -0.653714     3.472424            8     11
   -6.736916    -0.653714     3.472424            8     11
   -4.218260    -1.519136     5.125658            8     11
   -6.736916    -1.519136     5.125658            8     11
   -4.218260    -2.306948     5.125658            8     11
   -6.736916    -2.306948     5.125658            8     11
   -6.736916    -1.519136     2.607002            8     11
   -5.083682    -0.653714     5.125658            8     11
   -5.871494    -0.653714     5.125658            8     11
   -5.083682    -3.172370     5.125658            8     11
   -5.871494    -3.172370     5.125658            8     11
   -5.083682    -0.653714     2.607002            8     11
   -5.871494    -0.653714     2.607002            8     11
   -4.755851    -1.191305     5.378006            8     11
   -6.199326    -1.191305     5.378006            8     11
   -4.755851    -2.634780     5.378006            8     11
   -6.199326    -2.634780     5.378006            8     11
   -6.199326    -1.191305     2.354653            8     11
   -4.755851    -0.401366     4.588067            8     11
   -6.199326    -0.401366     4.588067            8     11
   -4.755851    -3.424719     4.588067            8     11
   -6.199326    -3.424719     4.588067            8     11
   -4.755851    -0.401366     3.144592            8     11
   -6.199326    -0.401366     3.144592            8     11
   -3.965912    -1.191305     4.588067            8     11
   -6.989265    -1.191305     4.588067            8     11
   -3.965912    -2.634780     4.588067            8     11
   -6.989265    -2.634780     4.588067            8     11
   -6.989265    -1.191305     3.144592            8     11
   -4.605043    -0.311280     3.866330            8     11
   -6.350133    -0.311280     3.866330            8     11
   -4.605043    -3.514804     3.866330            8     11
   -3.875826    -1.040497     3.866330            8     11
   -7.079350    -1.040497     3.866330            8     11
   -3.875826    -2.785587     3.866330            8     11
   -4.605043    -1.913042     5.468092            8     11
   -6.350133    -1.913042     5.468092            8     11
   -3.875826    -1.913042     4.738875            8     11
   -7.079350    -1.913042     4.738875            8     11
   -7.079350    -1.913042     2.993785            8     11
   -5.477588    -1.040497     5.468092            8     11
   -5.477588    -2.785587     5.468092            8     11
   -5.477588    -0.311280     4.738875            8     11
   -5.477588    -3.514804     4.738875            8     11
   -5.477588    -0.311280     2.993785            8     11
