$hessian                                                                        
        0.4347455887  -0.0116790730  -0.0221348063  -0.1255466874   0.0608715474
       -0.0008413651  -0.0638359791  -0.0462525185  -0.0092840394  -0.1687086094
       -0.0377511549   0.0845381603  -0.0517139727   0.0132540249  -0.0413316381
       -0.0026594071   0.0011768415  -0.0098419252  -0.0077265484   0.0100786651
       -0.0036997527  -0.0217099463   0.0195089900   0.0029510196   0.0071555617
       -0.0092073224  -0.0003556532
       -0.0116790730   0.4109201043  -0.0576024967   0.0601557047  -0.1192429140
        0.0054066247  -0.0516459062  -0.1715270936  -0.0246160311  -0.0327668711
       -0.0483006282   0.0281451223   0.0143900689  -0.0584764056   0.0623211706
        0.0018266820   0.0097357437  -0.0156957403   0.0078183404  -0.0074694411
        0.0043926986  -0.0019583889   0.0048492738  -0.0010780957   0.0138594432
       -0.0204886392  -0.0012732525
       -0.0221348063  -0.0576024967   0.4976580044  -0.0015558340   0.0042111223
       -0.0681524671  -0.0063301570  -0.0093993201  -0.0718156194   0.0853978608
        0.0270968319  -0.1010234083  -0.0386777261   0.0637518889  -0.2188084251
       -0.0155782713  -0.0288996508  -0.0351378092  -0.0206192351   0.0228498986
       -0.0021232564   0.0124149821  -0.0118772674  -0.0002443531   0.0070831869
       -0.0101310066  -0.0003526658
       -0.1255466874   0.0601557047  -0.0015558340   0.4893851279   0.0527939792
       -0.0000132736   0.0115217328  -0.0069633697   0.0006737406  -0.0236988223
        0.0191626624   0.0025773526  -0.0068579842   0.0083910629  -0.0020787200
        0.0014173888   0.0000637225   0.0002982717  -0.0623102126   0.0087727111
       -0.0621727401  -0.1959257630  -0.0551323193   0.1030006400  -0.0879847799
       -0.0872441539  -0.0407294372
        0.0608715474  -0.1192429140   0.0042111223   0.0527939792   0.4781849454
        0.0082643678   0.0103779782  -0.0430878548  -0.0079547578  -0.0008657835
        0.0030172435  -0.0007172221   0.0092385704  -0.0083462804   0.0031857440
        0.0008233095   0.0003562781  -0.0030874227   0.0089279143  -0.0492005426
        0.0372806554  -0.0545732439  -0.0619673030   0.0354604799  -0.0875942716
       -0.1997135721  -0.0766429668
       -0.0008413651   0.0054066247  -0.0681524671  -0.0000132736   0.0082643678
        0.5197032337   0.0052892433  -0.0189058471   0.0025688391   0.0137035340
       -0.0099466718  -0.0000564102  -0.0194762477   0.0207201707  -0.0027287115
        0.0016277113  -0.0011915981  -0.0002980868  -0.0620125226   0.0369973566
       -0.2592008167   0.1023952628   0.0353781871  -0.1134700388  -0.0406723424
       -0.0767225899  -0.0783655417
       -0.0638359791  -0.0516459062  -0.0063301570   0.0115217328   0.0103779782
        0.0052892433   0.0827927601   0.0867019873   0.0411743568  -0.0188613007
       -0.0343307675  -0.0105786791  -0.0032944150  -0.0057034086  -0.0062134975
       -0.0090282304  -0.0082750209  -0.0237038213   0.0005332433  -0.0004850344
        0.0002796812   0.0014556539  -0.0006864257  -0.0004300392  -0.0012834649
        0.0040465979   0.0005129129
       -0.0462525185  -0.1715270936  -0.0093993201  -0.0069633697  -0.0430878548
       -0.0189058471   0.0867019873   0.2853052069   0.0047638876  -0.0257012105
       -0.0282898079  -0.0062616964  -0.0008881641   0.0029310509  -0.0043111761
       -0.0101572377  -0.0410589726   0.0342012010  -0.0016020260   0.0018108097
        0.0003404659  -0.0007280169   0.0020733860   0.0002488055   0.0055905559
       -0.0081567246  -0.0006763203
       -0.0092840394  -0.0246160311  -0.0718156194   0.0006737406  -0.0079547578
        0.0025688391   0.0411743568   0.0047638876   0.3961927448   0.0013247805
        0.0091748184   0.0067931133  -0.0169643785  -0.0287730277  -0.0266877360
       -0.0170019150   0.0464031604  -0.3062597366   0.0000577513   0.0005843505
       -0.0008489137  -0.0000354883   0.0004037399   0.0000668939   0.0000551921
        0.0000138597  -0.0000095855
       -0.1687086094  -0.0327668711   0.0853978608  -0.0236988223  -0.0008657835
        0.0137035340  -0.0188613007  -0.0257012105   0.0013247805   0.2087877180
        0.0528430272  -0.0991782402   0.0039467366   0.0010434897  -0.0008476744
        0.0016908688   0.0021391304  -0.0007893035   0.0002568961  -0.0007761722
        0.0000800754  -0.0040228562   0.0045094159   0.0001916854   0.0006093691
       -0.0004250260   0.0001172821
       -0.0377511549  -0.0483006282   0.0270968319   0.0191626624   0.0030172435
       -0.0099466718  -0.0343307675  -0.0282898079   0.0091748184   0.0528430272
        0.0753860327  -0.0313771486  -0.0072948035  -0.0020744551   0.0069062726
        0.0029177766   0.0024736213  -0.0010174060  -0.0001623877   0.0004162760
       -0.0003755688   0.0041603582  -0.0030934658  -0.0002643251   0.0004552891
        0.0004651835  -0.0001968026
        0.0845381603   0.0281451223  -0.1010234083   0.0025773526  -0.0007172221
       -0.0000564102  -0.0105786791  -0.0062616964   0.0067931133  -0.0991782402
       -0.0313771486   0.1084877815   0.0234177428   0.0097679569  -0.0192865384
       -0.0003059839   0.0010503465   0.0036895632  -0.0007366889   0.0002548844
        0.0004041816   0.0001629413  -0.0006144416   0.0011147091   0.0001033950
       -0.0002478014  -0.0001229919
       -0.0517139727   0.0143900689  -0.0386777261  -0.0068579842   0.0092385704
       -0.0194762477  -0.0032944150  -0.0008881641  -0.0169643785   0.0039467366
       -0.0072948035   0.0234177428   0.0612871971  -0.0168926432   0.0545936616
       -0.0009870622  -0.0022807435  -0.0011338279  -0.0028882417   0.0041849410
       -0.0008884403   0.0003141033  -0.0000635314  -0.0008317146   0.0001936387
       -0.0003936946  -0.0000390693
        0.0132540249  -0.0584764056   0.0637518889   0.0083910629  -0.0083462804
        0.0207201707  -0.0057034086   0.0029310509  -0.0287730277   0.0010434897
       -0.0020744551   0.0097679569  -0.0168926432   0.0724500917  -0.0626747259
       -0.0032003688  -0.0034933957  -0.0032196453   0.0039568733  -0.0039507637
        0.0001399370  -0.0007909644   0.0008582817   0.0000125416  -0.0000580657
        0.0001018762   0.0002749037
       -0.0413316381   0.0623211706  -0.2188084251  -0.0020787200   0.0031857440
       -0.0027287115  -0.0062134975  -0.0043111761  -0.0266877360  -0.0008476744
        0.0069062726  -0.0192865384   0.0545936616  -0.0626747259   0.2680680945
       -0.0040443767  -0.0055352603  -0.0021145567  -0.0005667134   0.0006689439
        0.0008678312   0.0002427711  -0.0006356566   0.0006028761   0.0002461875
        0.0000746879   0.0000871660
       -0.0026594071   0.0018266820  -0.0155782713   0.0014173888   0.0008233095
        0.0016277113  -0.0090282304  -0.0101572377  -0.0170019150   0.0016908688
        0.0029177766  -0.0003059839  -0.0009870622  -0.0032003688  -0.0040443767
        0.0100317878   0.0083421694   0.0353381666  -0.0003606299  -0.0007608496
        0.0001137430  -0.0001116231  -0.0000878501  -0.0002078920   0.0000069072
        0.0002963687   0.0000588180
        0.0011768415   0.0097357437  -0.0288996508   0.0000637225   0.0003562781
       -0.0011915981  -0.0082750209  -0.0410589726   0.0464031604   0.0021391304
        0.0024736213   0.0010503465  -0.0022807435  -0.0034933957  -0.0055352603
        0.0083421694   0.0298524815  -0.0117332240  -0.0007926547   0.0013415159
        0.0002090419   0.0001952225   0.0001838156  -0.0002937355  -0.0005686671
        0.0006089123  -0.0000090800
       -0.0098419252  -0.0156957403  -0.0351378092   0.0002982717  -0.0030874227
       -0.0002980868  -0.0237038213   0.0342012010  -0.3062597366  -0.0007893035
       -0.0010174060   0.0036895632  -0.0011338279  -0.0032196453  -0.0021145567
        0.0353381666  -0.0117332240   0.3393208952   0.0001308289   0.0001690473
        0.0009261055  -0.0003587669   0.0005702504  -0.0003931705   0.0000603776
       -0.0001870604   0.0002667959
       -0.0077265484   0.0078183404  -0.0206192351  -0.0623102126   0.0089279143
       -0.0620125226   0.0005332433  -0.0016020260   0.0000577513   0.0002568961
       -0.0001623877  -0.0007366889  -0.0028882417   0.0039568733  -0.0005667134
       -0.0003606299  -0.0007926547   0.0001308289   0.0716224462  -0.0139245437
        0.0737302282   0.0055014977  -0.0049883523   0.0252588502  -0.0046284507
        0.0007668363  -0.0152424985
        0.0100786651  -0.0074694411   0.0228498986   0.0087727111  -0.0492005426
        0.0369973566  -0.0004850344   0.0018108097   0.0005843505  -0.0007761722
        0.0004162760   0.0002548844   0.0041849410  -0.0039507637   0.0006689439
       -0.0007608496   0.0013415159   0.0001690473  -0.0139245437   0.0552342625
       -0.0466278163   0.0013329106  -0.0013875315   0.0107652734  -0.0084226279
        0.0032054147  -0.0256619384
       -0.0036997527   0.0043926986  -0.0021232564  -0.0621727401   0.0372806554
       -0.2592008167   0.0002796812   0.0003404659  -0.0008489137   0.0000800754
       -0.0003755688   0.0004041816  -0.0008884403   0.0001399370   0.0008678312
        0.0001137430   0.0002090419   0.0009261055   0.0737302282  -0.0466278163
        0.2974256146  -0.0023332452   0.0043934147  -0.0218948447  -0.0051095494
        0.0002471715  -0.0155559014
       -0.0217099463  -0.0019583889   0.0124149821  -0.1959257630  -0.0545732439
        0.1023952628   0.0014556539  -0.0007280169  -0.0000354883  -0.0040228562
        0.0041603582   0.0001629413   0.0003141033  -0.0007909644   0.0002427711
       -0.0001116231   0.0001952225  -0.0003587669   0.0055014977   0.0013329106
       -0.0023332452   0.2283825898   0.0594448479  -0.1207139928  -0.0138836560
       -0.0070827252   0.0082255359
        0.0195089900   0.0048492738  -0.0118772674  -0.0551323193  -0.0619673030
        0.0353781871  -0.0006864257   0.0020733860   0.0004037399   0.0045094159
       -0.0030934658  -0.0006144416  -0.0000635314   0.0008582817  -0.0006356566
       -0.0000878501   0.0001838156   0.0005702504  -0.0049883523  -0.0013875315
        0.0043934147   0.0594448479   0.0678250298  -0.0415073784  -0.0225047749
       -0.0093414867   0.0138891519
        0.0029510196  -0.0010780957  -0.0002443531   0.1030006400   0.0354604799
       -0.1134700388  -0.0004300392   0.0002488055   0.0000668939   0.0001916854
       -0.0002643251   0.0011147091  -0.0008317146   0.0000125416   0.0006028761
       -0.0002078920  -0.0002937355  -0.0003931705   0.0252588502   0.0107652734
       -0.0218948447  -0.1207139928  -0.0415073784   0.1282151339  -0.0092185566
       -0.0033435657   0.0060027941
        0.0071555617   0.0138594432   0.0070831869  -0.0879847799  -0.0875942716
       -0.0406723424  -0.0012834649   0.0055905559   0.0000551921   0.0006093691
        0.0004552891   0.0001033950   0.0001936387  -0.0000580657   0.0002461875
        0.0000069072  -0.0005686671   0.0000603776  -0.0046284507  -0.0084226279
       -0.0051095494  -0.0138836560  -0.0225047749  -0.0092185566   0.0998148746
        0.0992431191   0.0474521093
       -0.0092073224  -0.0204886392  -0.0101310066  -0.0872441539  -0.1997135721
       -0.0767225899   0.0040465979  -0.0081567246   0.0000138597  -0.0004250260
        0.0004651835  -0.0002478014  -0.0003936946   0.0001018762   0.0000746879
        0.0002963687   0.0006089123  -0.0001870604   0.0007668363   0.0032054147
        0.0002471715  -0.0070827252  -0.0093414867  -0.0033435657   0.0992431191
        0.2333190360   0.0902963049
       -0.0003556532  -0.0012732525  -0.0003526658  -0.0407294372  -0.0766429668
       -0.0783655417   0.0005129129  -0.0006763203  -0.0000095855   0.0001172821
       -0.0001968026  -0.0001229919  -0.0000390693   0.0002749037   0.0000871660
        0.0000588180  -0.0000090800   0.0002667959  -0.0152424985  -0.0256619384
       -0.0155559014   0.0082255359   0.0138891519   0.0060027941   0.0474521093
        0.0902963049   0.0880499302
