$hessian                                                                        
        0.4829884503   0.2091994126  -0.1122039096  -0.0935663210  -0.0156577513
        0.0344535465   0.0005077991  -0.0055803120   0.0000285734  -0.2310510889
       -0.0713855864   0.1147840414  -0.1185410639  -0.0974241456  -0.0650702897
        0.0377035038   0.0215776909  -0.0096021020  -0.0079221427   0.0067612318
        0.0237351595  -0.0251402527   0.0030091772   0.0310914686   0.0009128080
       -0.0056077297  -0.0007124435  -0.0374885008  -0.0453990831  -0.0314397205
        0.0001369711   0.0005134251   0.0005427733  -0.0080397340   0.0030220290
        0.0169150191  -0.0021944249  -0.0036195085  -0.0024261905   0.0016939966
        0.0005911500  -0.0000959260
        0.2091994126   0.3666130145   0.1731548885   0.0167386788  -0.0933583912
       -0.1070702394  -0.0057422279   0.0014389458  -0.0043209119  -0.0978462089
       -0.0992470131   0.0397881004  -0.0976005639  -0.1539428157  -0.0840657904
       -0.0034685437  -0.0147960138  -0.0246321334  -0.0029041736   0.0033983926
        0.0088729749   0.0036567268  -0.0016107443   0.0030702476  -0.0053311217
        0.0015740230  -0.0044351516  -0.0245625840  -0.0160244425   0.0031273286
        0.0004918984   0.0004235194   0.0003870190   0.0037870202   0.0057662910
        0.0043631148  -0.0003002807  -0.0011400307  -0.0032266252   0.0038819678
        0.0009052652  -0.0050128218
       -0.1122039096   0.1731548885   0.5803192715   0.0931825122  -0.0636561332
       -0.2868112071  -0.0002634529  -0.0045395663   0.0002002477   0.0668508884
        0.0043443382  -0.1305869016  -0.0654003970  -0.0843028835  -0.1005050257
       -0.0549835748  -0.0581898205  -0.0303929167   0.0062115740  -0.0040897924
       -0.0150374258   0.0322712209   0.0039426105  -0.0421256945  -0.0002070526
       -0.0040672327   0.0008790450   0.0062904379   0.0310284231   0.0482220412
        0.0004975885   0.0003534424  -0.0001791052   0.0183620118   0.0054865935
       -0.0141599221   0.0035401321   0.0011762031  -0.0016822123   0.0058520212
       -0.0006410706  -0.0081401943
       -0.0935663210   0.0167386788   0.0931825122   0.5065220226   0.2209009508
       -0.1256732990   0.0004739868   0.0002822336  -0.0004121958  -0.0046616410
        0.0091463868   0.0271542352   0.0034118626  -0.0065745861  -0.0151395226
       -0.1593767156  -0.1274313612  -0.0809444365  -0.2113274320  -0.0783303120
        0.0961600105  -0.0397974085  -0.0253893358   0.0092107088   0.0037738926
        0.0040517731   0.0030114020  -0.0017701433  -0.0041858564  -0.0132440275
       -0.0015437437  -0.0049489074   0.0039224124  -0.0009455829  -0.0053384103
        0.0029425377   0.0001174750   0.0002528102  -0.0014528295  -0.0013102516
        0.0008259358   0.0012824921
       -0.0156577513  -0.0933583912  -0.0636561332   0.2209009508   0.3631174358
        0.1552840441   0.0001969756  -0.0001839722  -0.0002363871   0.0323495753
        0.0281695716   0.0019001389   0.0031868425  -0.0074470311  -0.0195489095
       -0.0948341766  -0.1774854459  -0.1083790295  -0.0784338217  -0.0705776054
        0.0380650511  -0.0497632394  -0.0167399107   0.0338104788  -0.0058244280
       -0.0074185395  -0.0065969553  -0.0035371893  -0.0250018499  -0.0297126520
       -0.0046379059   0.0040896677  -0.0010261399  -0.0052242130   0.0041825223
       -0.0007591412   0.0006074677  -0.0008505771   0.0000153251   0.0006709134
       -0.0004958745   0.0008403096
        0.0344535465  -0.1070702394  -0.2868112071  -0.1256732990   0.1552840441
        0.5637395091  -0.0005566780  -0.0003444546  -0.0000804120   0.0691751555
        0.0329759498  -0.0297334402   0.0025391122  -0.0064624493  -0.0141698266
       -0.0219054239  -0.0647098770  -0.1354448539   0.0959940944   0.0379352323
       -0.0934009625  -0.0349552742   0.0011495503   0.0503629984  -0.0148878394
       -0.0198329475  -0.0154559778  -0.0120676859  -0.0288332120  -0.0420838879
        0.0044923315  -0.0006089493   0.0009625310   0.0031866194  -0.0005946958
        0.0031211579  -0.0008212628   0.0004799737   0.0006629373   0.0010266036
        0.0006320747  -0.0016685657
        0.0005077991  -0.0057422279  -0.0002634529   0.0004739868   0.0001969756
       -0.0005566780   0.2300624784   0.0881118839  -0.1152652016  -0.0181188804
       -0.0102429649   0.0069427564  -0.0010736929  -0.0004504528   0.0005349546
        0.0031244172  -0.0019675546   0.0032509338  -0.0005918343   0.0007922865
       -0.0003937344  -0.0074467396  -0.0032171041   0.0054442151  -0.0005304780
       -0.0001882268   0.0002933022  -0.2055029019  -0.0706522398   0.0998622156
       -0.0001498886   0.0011760930  -0.0012444867  -0.0022672802   0.0012450019
        0.0013234811   0.0000936824  -0.0002373015  -0.0000257158   0.0014193322
        0.0011758316   0.0000974107
       -0.0055803120   0.0014389458  -0.0045395663   0.0002822336  -0.0001839722
       -0.0003444546   0.0881118839   0.0694777609  -0.0371984689  -0.0190505722
       -0.0083438815   0.0087451698  -0.0011216686  -0.0005950578   0.0005514326
       -0.0022740258   0.0043142873  -0.0040052940   0.0007695707  -0.0010584560
        0.0005961911   0.0065381733   0.0034072490  -0.0043513721   0.0003325395
        0.0000580485  -0.0002469906  -0.0708215995  -0.0668821671   0.0378400394
        0.0017287831  -0.0010175149   0.0006994981  -0.0003159158  -0.0019011001
        0.0023485939   0.0002924608   0.0006217798   0.0000273679   0.0011084489
        0.0006640785  -0.0001221462
        0.0000285734  -0.0043209119   0.0002002477  -0.0004121958  -0.0002363871
       -0.0000804120  -0.1152652016  -0.0371984689   0.1117538079  -0.0089789003
       -0.0030266938   0.0074465398  -0.0006823524  -0.0003498088   0.0001982330
        0.0026988261  -0.0044230592  -0.0034161759  -0.0004271102   0.0005663545
       -0.0003669240   0.0231343280   0.0087337832  -0.0141692853   0.0012330531
        0.0004411252  -0.0008945255   0.0995287672   0.0375953495  -0.1006345826
       -0.0002321797   0.0014323095   0.0002686668  -0.0015472353   0.0002287267
       -0.0004479733   0.0009364515   0.0007421589   0.0004622649  -0.0000148240
       -0.0001844779  -0.0003198816
       -0.2310510889  -0.0978462089   0.0668508884  -0.0046616410   0.0323495753
        0.0691751555  -0.0181188804  -0.0190505722  -0.0089789003   0.5146049542
        0.2393266120  -0.1012111126  -0.0173943465  -0.0104690857   0.0055522477
       -0.0444011901  -0.0294754690  -0.0026544368   0.0027981546  -0.0022830707
        0.0031071144   0.0369530159  -0.0036608380  -0.0518338486  -0.0005253816
       -0.0001167453  -0.0002592449  -0.1580568886  -0.0938259004  -0.0237050487
        0.0030352888  -0.0018886814   0.0035328571  -0.0657624469   0.0117149762
        0.0120537344   0.0065259474  -0.0194674896  -0.0189484483  -0.0239454970
       -0.0053071023   0.0473190426
       -0.0713855864  -0.0992470131   0.0043443382   0.0091463868   0.0281695716
        0.0329759498  -0.0102429649  -0.0083438815  -0.0030266938   0.2393266120
        0.3679594615   0.1367677498  -0.0192714708  -0.0090666088   0.0077109036
       -0.0294743783  -0.0263227385   0.0036319921  -0.0018124654   0.0043072151
       -0.0046505894   0.0195391037  -0.0134876539  -0.0564863409  -0.0001152798
       -0.0004577576   0.0003515396  -0.1202839733  -0.1723667520  -0.0625424502
       -0.0023582230   0.0040745046  -0.0043364321   0.0117103519  -0.0729874627
       -0.0163416226  -0.0146752594  -0.0163634484  -0.0436782310  -0.0101028531
        0.0141325636   0.0052798870
        0.1147840414   0.0397881004  -0.1305869016   0.0271542352   0.0019001389
       -0.0297334402   0.0069427564   0.0087451698   0.0074465398  -0.1012111126
        0.1367677498   0.4986669193  -0.0103745830  -0.0040673275   0.0074545964
       -0.0026617081   0.0036394959   0.0036134031   0.0039743013  -0.0040171855
       -0.0043857766  -0.0098133979  -0.0254184546  -0.0296587339  -0.0002522276
        0.0003412723   0.0004207424  -0.0716287345  -0.0979956258  -0.1304853876
        0.0026780693  -0.0049850526  -0.0043779889   0.0120839940  -0.0163717662
       -0.1185982109  -0.0102437809  -0.0371919737  -0.0348750007   0.0385681467
       -0.0011345412  -0.0349007607
       -0.1185410639  -0.0976005639  -0.0654003970   0.0034118626   0.0031868425
        0.0025391122  -0.0010736929  -0.0011216686  -0.0006823524  -0.0173943465
       -0.0192714708  -0.0103745830   0.1327305828   0.1180872735   0.0693129835
        0.0030262055  -0.0022457723   0.0028822954  -0.0001144640   0.0017191804
       -0.0003047203   0.0000048412   0.0004287486   0.0004900132   0.0000443594
        0.0001560190   0.0001460381  -0.0018058841  -0.0048677765   0.0044205082
       -0.0005871048   0.0007738328  -0.0004558725  -0.0016855629  -0.0005080632
       -0.0026338279   0.0013916053   0.0011220754   0.0000773731   0.0005926623
        0.0001413431  -0.0000165704
       -0.0974241456  -0.1539428157  -0.0843028835  -0.0065745861  -0.0074470311
       -0.0064624493  -0.0004504528  -0.0005950578  -0.0003498088  -0.0104690857
       -0.0090666088  -0.0040673275   0.1180872735   0.1668792314   0.0991871168
       -0.0019401318   0.0044185951  -0.0042961394   0.0011693804  -0.0010488487
        0.0013882128   0.0003452645   0.0002824879   0.0004340575  -0.0003621484
       -0.0005174490  -0.0003514133  -0.0050333824   0.0037588522  -0.0010773267
        0.0007976238  -0.0010776033   0.0005511297   0.0010764654  -0.0024849966
       -0.0005690766   0.0011682955   0.0007258234  -0.0001128548  -0.0003903703
        0.0001154208   0.0000287632
       -0.0650702897  -0.0840657904  -0.1005050257  -0.0151395226  -0.0195489095
       -0.0141698266   0.0005349546   0.0005514326   0.0001982330   0.0055522477
        0.0077109036   0.0074545964   0.0693129835   0.0991871168   0.1116128041
        0.0034360225  -0.0038805268  -0.0034092177  -0.0013142438   0.0006475057
        0.0002677585   0.0003453860   0.0003231944  -0.0000844427  -0.0007831554
       -0.0010511071  -0.0008921089   0.0041287983  -0.0012907388   0.0001944060
       -0.0004169271   0.0005748705  -0.0003655897   0.0002276864   0.0015452379
       -0.0004555917   0.0001715671  -0.0000262302  -0.0003144360  -0.0009855074
       -0.0006769587   0.0004684412
        0.0377035038  -0.0034685437  -0.0549835748  -0.1593767156  -0.0948341766
       -0.0219054239   0.0031244172  -0.0022740258   0.0026988261  -0.0444011901
       -0.0294743783  -0.0026617081   0.0030262055  -0.0019401318   0.0034360225
        0.4918510102   0.2106899706  -0.1229737465  -0.0167549318  -0.0179351827
       -0.0096476129  -0.2380796860  -0.1032269224   0.0684027272  -0.0552149711
        0.0161290733   0.0587550246  -0.0051718374   0.0347741985   0.0717183552
       -0.0160970701  -0.0082807758   0.0069583859  -0.0011434403  -0.0004121836
        0.0004488533   0.0001751883  -0.0000994419  -0.0004124216   0.0003595174
        0.0003525201   0.0001662931
        0.0215776909  -0.0147960138  -0.0581898205  -0.1274313612  -0.1774854459
       -0.0647098770  -0.0019675546   0.0043142873  -0.0044230592  -0.0294754690
       -0.0263227385   0.0036394959  -0.0022457723   0.0044185951  -0.0038805268
        0.2106899706   0.3628609211   0.1662951767  -0.0080806640  -0.0080483549
       -0.0043053611  -0.0706309411  -0.0986078926   0.0019738081   0.0161263524
       -0.0652177357  -0.0795927477   0.0097290312   0.0281200780   0.0354860668
       -0.0181359728  -0.0087138601   0.0079730079  -0.0004148932  -0.0008970320
       -0.0006070047   0.0004116470   0.0002810463  -0.0000475282  -0.0001520640
        0.0000941456   0.0003883698
       -0.0096021020  -0.0246321334  -0.0303929167  -0.0809444365  -0.1083790295
       -0.1354448539   0.0032509338  -0.0040052940  -0.0034161759  -0.0026544368
        0.0036319921   0.0036134031   0.0028822954  -0.0042961394  -0.0034092177
       -0.1229737465   0.1662951767   0.5813608048   0.0081931299   0.0088890085
        0.0054438341   0.1274547410   0.0456379301  -0.1355471049   0.0587380259
       -0.0795788519  -0.2561692102   0.0263334202   0.0019288319  -0.0304695609
       -0.0108765672  -0.0052225868   0.0054405533   0.0004346562  -0.0005876129
       -0.0018877657   0.0005091384   0.0006179392   0.0004416157  -0.0007450517
       -0.0002992306   0.0004365949
       -0.0079221427  -0.0029041736   0.0062115740  -0.2113274320  -0.0784338217
        0.0959940944  -0.0005918343   0.0007695707  -0.0004271102   0.0027981546
       -0.0018124654   0.0039743013  -0.0001144640   0.0011693804  -0.0013142438
       -0.0167549318  -0.0080806640   0.0081931299   0.2340396294   0.0941337130
       -0.1112971881   0.0009183138  -0.0057053159  -0.0007334263  -0.0001998432
        0.0015203871  -0.0003346390   0.0006795551   0.0003457269  -0.0004830991
       -0.0009978289  -0.0005326169   0.0004673077  -0.0001281009  -0.0007635712
       -0.0013215138   0.0002316846   0.0003099066   0.0003459022  -0.0006307596
       -0.0000160559   0.0007249110
        0.0067612318   0.0033983926  -0.0040897924  -0.0783303120  -0.0705776054
        0.0379352323   0.0007922865  -0.0010584560   0.0005663545  -0.0022830707
        0.0043072151  -0.0040171855   0.0017191804  -0.0010488487   0.0006475057
       -0.0179351827  -0.0080483549   0.0088890085   0.0941337130   0.0730372173
       -0.0366125659  -0.0053947495   0.0016182354  -0.0044723599   0.0009600127
       -0.0010717908   0.0012868001   0.0003249940  -0.0001156217  -0.0003766999
       -0.0010766761  -0.0005096444   0.0004142767   0.0003250940   0.0000370342
       -0.0002118982  -0.0000372600   0.0000982835   0.0000810318   0.0000407385
       -0.0000660561  -0.0000397077
        0.0237351595   0.0088729749  -0.0150374258   0.0961600105   0.0380650511
       -0.0934009625  -0.0003937344   0.0005961911  -0.0003669240   0.0031071144
       -0.0046505894  -0.0043857766  -0.0003047203   0.0013882128   0.0002677585
       -0.0096476129  -0.0043053611   0.0054438341  -0.1112971881  -0.0366125659
        0.1063260409  -0.0001673760  -0.0040484288   0.0009645997  -0.0013416457
        0.0005331929   0.0002867812  -0.0005309087  -0.0004029532  -0.0001785879
       -0.0005274752  -0.0003265332   0.0001747923   0.0007002861   0.0012601817
        0.0012477906  -0.0002903283  -0.0003845145  -0.0002306416   0.0007984194
        0.0000151417  -0.0011112788
       -0.0251402527   0.0036567268   0.0322712209  -0.0397974085  -0.0497632394
       -0.0349552742  -0.0074467396   0.0065381733   0.0231343280   0.0369530159
        0.0195391037  -0.0098133979   0.0000048412   0.0003452645   0.0003453860
       -0.2380796860  -0.0706309411   0.1274547410   0.0009183138  -0.0053947495
       -0.0001673760   0.4990737418   0.2231900280  -0.1116958276  -0.0069323797
       -0.0025285137   0.0054193027  -0.0930141579  -0.0158229426   0.0334349137
       -0.1266580614  -0.1044872126  -0.0645306473   0.0007851056  -0.0057551796
       -0.0001330222  -0.0001451278   0.0003102381  -0.0011773684  -0.0005212045
        0.0008032442   0.0004130215
        0.0030091772  -0.0016107443   0.0039426105  -0.0253893358  -0.0167399107
        0.0011495503  -0.0032171041   0.0034072490   0.0087337832  -0.0036608380
       -0.0134876539  -0.0254184546   0.0004287486   0.0002824879   0.0003231944
       -0.1032269224  -0.0986078926   0.0456379301  -0.0057053159   0.0016182354
       -0.0040484288   0.2231900280   0.3704644364   0.1656764508   0.0073489441
        0.0033089876  -0.0048105998   0.0165766084  -0.0939236335  -0.1078442372
       -0.1043906327  -0.1553093854  -0.0807179033  -0.0058744206   0.0024492591
       -0.0030354347   0.0004662676  -0.0016534824  -0.0009837237   0.0004447958
       -0.0001979526   0.0013952626
        0.0310914686   0.0030702476  -0.0421256945   0.0092107088   0.0338104788
        0.0503629984   0.0054442151  -0.0043513721  -0.0141692853  -0.0518338486
       -0.0564863409  -0.0296587339   0.0004900132   0.0004340575  -0.0000844427
        0.0684027272   0.0019738081  -0.1355471049  -0.0007334263  -0.0044723599
        0.0009645997  -0.1116958276   0.1656764508   0.5637348937   0.0233132639
        0.0084183387  -0.0154708408   0.0921500893  -0.0644198582  -0.2867982108
       -0.0643543321  -0.0805794230  -0.0933199406  -0.0003623690  -0.0032096284
        0.0031223842  -0.0009071749  -0.0007906769  -0.0016699341  -0.0002155074
        0.0009262780   0.0006593115
        0.0009128080  -0.0053311217  -0.0002070526   0.0037738926  -0.0058244280
       -0.0148878394  -0.0005304780   0.0003325395   0.0012330531  -0.0005253816
       -0.0001152798  -0.0002522276   0.0000443594  -0.0003621484  -0.0007831554
       -0.0552149711   0.0161263524   0.0587380259  -0.0001998432   0.0009600127
       -0.0013416457  -0.0069323797   0.0073489441   0.0233132639   0.0609337291
       -0.0103860370  -0.0692381387  -0.0015512123  -0.0048468568   0.0039538904
       -0.0002959486   0.0015464078  -0.0001147816  -0.0005950888   0.0006730855
       -0.0007229270   0.0001440859  -0.0000470173   0.0001062434   0.0000364285
       -0.0000744529   0.0002032912
       -0.0056077297   0.0015740230  -0.0040672327   0.0040517731  -0.0074185395
       -0.0198329475  -0.0001882268   0.0000580485   0.0004411252  -0.0001167453
       -0.0004577576   0.0003412723   0.0001560190  -0.0005174490  -0.0010511071
        0.0161290733  -0.0652177357  -0.0795788519   0.0015203871  -0.0010717908
        0.0005331929  -0.0025285137   0.0033089876   0.0084183387  -0.0103860370
        0.0674286581   0.0937874511  -0.0045666976   0.0040349200  -0.0009970668
        0.0009883077  -0.0009674396   0.0014453187   0.0006685223  -0.0010118020
        0.0009736518  -0.0001071371   0.0000743368  -0.0002459930  -0.0000129953
        0.0001835403  -0.0001671517
       -0.0007124435  -0.0044351516   0.0008790450   0.0030114020  -0.0065969553
       -0.0154559778   0.0002933022  -0.0002469906  -0.0008945255  -0.0002592449
        0.0003515396   0.0004207424   0.0001460381  -0.0003514133  -0.0008921089
        0.0587550246  -0.0795927477  -0.2561692102  -0.0003346390   0.0012868001
        0.0002867812   0.0054193027  -0.0048105998  -0.0154708408  -0.0692381387
        0.0937874511   0.2860943786   0.0044483306  -0.0006171856   0.0008763021
       -0.0011347803   0.0006955121   0.0002985715  -0.0006997604   0.0009492718
        0.0006222696  -0.0000029990  -0.0003240067  -0.0002960760   0.0003086056
       -0.0000955241  -0.0002993513
       -0.0374885008  -0.0245625840   0.0062904379  -0.0017701433  -0.0035371893
       -0.0120676859  -0.2055029019  -0.0708215995   0.0995287672  -0.1580568886
       -0.1202839733  -0.0716287345  -0.0018058841  -0.0050333824   0.0041287983
       -0.0051718374   0.0097290312   0.0263334202   0.0006795551   0.0003249940
       -0.0005309087  -0.0930141579   0.0165766084   0.0921500893  -0.0015512123
       -0.0045666976   0.0044483306   0.4938118054   0.2058267785  -0.1326465926
        0.0035043291  -0.0064309380  -0.0154518282   0.0064461709  -0.0006758508
       -0.0091497639   0.0022390366   0.0037073192   0.0048202277  -0.0023193708
       -0.0002525165   0.0037754426
       -0.0453990831  -0.0160244425   0.0310284231  -0.0041858564  -0.0250018499
       -0.0288332120  -0.0706522398  -0.0668821671   0.0375953495  -0.0938259004
       -0.1723667520  -0.0979956258  -0.0048677765   0.0037588522  -0.0012907388
        0.0347741985   0.0281200780   0.0019288319   0.0003457269  -0.0001156217
       -0.0004029532  -0.0158229426  -0.0939236335  -0.0644198582  -0.0048468568
        0.0040349200  -0.0006171856   0.2058267785   0.3558355077   0.1580168669
        0.0032350323  -0.0080303067  -0.0200876445  -0.0014220633  -0.0087704014
       -0.0148912818   0.0004169515   0.0003701942  -0.0013817002  -0.0035759687
       -0.0010043771   0.0013507289
       -0.0314397205   0.0031273286   0.0482220412  -0.0132440275  -0.0297126520
       -0.0420838879   0.0998622156   0.0378400394  -0.1006345826  -0.0237050487
       -0.0625424502  -0.1304853876   0.0044205082  -0.0010773267   0.0001944060
        0.0717183552   0.0354860668  -0.0304695609  -0.0004830991  -0.0003766999
       -0.0001785879   0.0334349137  -0.1078442372  -0.2867982108   0.0039538904
       -0.0009970668   0.0008763021  -0.1326465926   0.1580168669   0.5803257791
        0.0020652969  -0.0071258379  -0.0150298984  -0.0106391331  -0.0159615738
       -0.0141519477  -0.0011128791  -0.0057833241  -0.0081475665  -0.0021846792
       -0.0030491332  -0.0016388980
        0.0001369711   0.0004918984   0.0004975885  -0.0015437437  -0.0046379059
        0.0044923315  -0.0001498886   0.0017287831  -0.0002321797   0.0030352888
       -0.0023582230   0.0026780693  -0.0005871048   0.0007976238  -0.0004169271
       -0.0160970701  -0.0181359728  -0.0108765672  -0.0009978289  -0.0010766761
       -0.0005274752  -0.1266580614  -0.1043906327  -0.0643543321  -0.0002959486
        0.0009883077  -0.0011347803   0.0035043291   0.0032350323   0.0020652969
        0.1396790426   0.1231804608   0.0675747634  -0.0001018544   0.0003245577
        0.0005903326  -0.0001126008  -0.0001217784  -0.0001739867   0.0001884697
       -0.0000254749  -0.0001821339
        0.0005134251   0.0004235194   0.0003534424  -0.0049489074   0.0040896677
       -0.0006089493   0.0011760930  -0.0010175149   0.0014323095  -0.0018886814
        0.0040745046  -0.0049850526   0.0007738328  -0.0010776033   0.0005748705
       -0.0082807758  -0.0087138601  -0.0052225868  -0.0005326169  -0.0005096444
       -0.0003265332  -0.1044872126  -0.1553093854  -0.0805794230   0.0015464078
       -0.0009674396   0.0006955121  -0.0064309380  -0.0080303067  -0.0071258379
        0.1231804608   0.1674759998   0.0955968543  -0.0007695108  -0.0000010612
        0.0011989467  -0.0001713539  -0.0005867030  -0.0007026271   0.0003197773
        0.0001498270  -0.0003009257
        0.0005427733   0.0003870190  -0.0001791052   0.0039224124  -0.0010261399
        0.0009625310  -0.0012444867   0.0006994981   0.0002686668   0.0035328571
       -0.0043364321  -0.0043779889  -0.0004558725   0.0005511297  -0.0003655897
        0.0069583859   0.0079730079   0.0054405533   0.0004673077   0.0004142767
        0.0001747923  -0.0645306473  -0.0807179033  -0.0933199406  -0.0001147816
        0.0014453187   0.0002985715  -0.0154518282  -0.0200876445  -0.0150298984
        0.0675747634   0.0955968543   0.1062242450  -0.0014080906  -0.0002979323
        0.0012468212  -0.0002474225  -0.0007611501  -0.0011103638   0.0004546295
        0.0001600979  -0.0002332944
       -0.0080397340   0.0037870202   0.0183620118  -0.0009455829  -0.0052242130
        0.0031866194  -0.0022672802  -0.0003159158  -0.0015472353  -0.0657624469
        0.0117103519   0.0120839940  -0.0016855629   0.0010764654   0.0002276864
       -0.0011434403  -0.0004148932   0.0004346562  -0.0001281009   0.0003250940
        0.0007002861   0.0007851056  -0.0058744206  -0.0003623690  -0.0005950888
        0.0006685223  -0.0006997604   0.0064461709  -0.0014220633  -0.0106391331
       -0.0001018544  -0.0007695108  -0.0014080906   0.6351880017   0.2964678319
       -0.0670835398  -0.2138174497  -0.1711481561  -0.1036421609  -0.3479327372
       -0.1288661127   0.1503870352
        0.0030220290   0.0057662910   0.0054865935  -0.0053384103   0.0041825223
       -0.0005946958   0.0012450019  -0.0019011001   0.0002287267   0.0117149762
       -0.0729874627  -0.0163717662  -0.0005080632  -0.0024849966   0.0015452379
       -0.0004121836  -0.0008970320  -0.0005876129  -0.0007635712   0.0000370342
        0.0012601817  -0.0057551796   0.0024492591  -0.0032096284   0.0006730855
       -0.0010118020   0.0009492718  -0.0006758508  -0.0087704014  -0.0159615738
        0.0003245577  -0.0000010612  -0.0002979323   0.2964678319   0.4532574330
        0.0906766339  -0.1700983713  -0.2559644411  -0.1254207643  -0.1298958521
       -0.1216742425   0.0622973283
        0.0169150191   0.0043631148  -0.0141599221   0.0029425377  -0.0007591412
        0.0031211579   0.0013234811   0.0023485939  -0.0004479733   0.0120537344
       -0.0163416226  -0.1185982109  -0.0026338279  -0.0005690766  -0.0004555917
        0.0004488533  -0.0006070047  -0.0018877657  -0.0013215138  -0.0002118982
        0.0012477906  -0.0001330222  -0.0030354347   0.0031223842  -0.0007229270
        0.0009736518   0.0006222696  -0.0091497639  -0.0148912818  -0.0141519477
        0.0005903326   0.0011989467   0.0012468212  -0.0670835398   0.0906766339
        0.4366177546  -0.1019217429  -0.1241653714  -0.1480656023   0.1486923793
        0.0610198904  -0.1482111643
       -0.0021944249  -0.0003002807   0.0035401321   0.0001174750   0.0006074677
       -0.0008212628   0.0000936824   0.0002924608   0.0009364515   0.0065259474
       -0.0146752594  -0.0102437809   0.0013916053   0.0011682955   0.0001715671
        0.0001751883   0.0004116470   0.0005091384   0.0002316846  -0.0000372600
       -0.0002903283  -0.0001451278   0.0004662676  -0.0009071749   0.0001440859
       -0.0001071371  -0.0000029990   0.0022390366   0.0004169515  -0.0011128791
       -0.0001126008  -0.0001713539  -0.0002474225  -0.2138174497  -0.1700983713
       -0.1019217429   0.2681426975   0.2476196123   0.1170662735  -0.0627917997
       -0.0655930399  -0.0066759722
       -0.0036195085  -0.0011400307   0.0011762031   0.0002528102  -0.0008505771
        0.0004799737  -0.0002373015   0.0006217798   0.0007421589  -0.0194674896
       -0.0163634484  -0.0371919737   0.0011220754   0.0007258234  -0.0000262302
       -0.0000994419   0.0002810463   0.0006179392   0.0003099066   0.0000982835
       -0.0003845145   0.0003102381  -0.0016534824  -0.0007906769  -0.0000470173
        0.0000743368  -0.0003240067   0.0037073192   0.0003701942  -0.0057833241
       -0.0001217784  -0.0005867030  -0.0007611501  -0.1711481561  -0.2559644411
       -0.1241653714   0.2476196123   0.2990598870   0.1704359773  -0.0585812685
       -0.0246726682  -0.0040250045
       -0.0024261905  -0.0032266252  -0.0016822123  -0.0014528295   0.0000153251
        0.0006629373  -0.0000257158   0.0000273679   0.0004622649  -0.0189484483
       -0.0436782310  -0.0348750007   0.0000773731  -0.0001128548  -0.0003144360
       -0.0004124216  -0.0000475282   0.0004416157   0.0003459022   0.0000810318
       -0.0002306416  -0.0011773684  -0.0009837237  -0.0016699341   0.0001062434
       -0.0002459930  -0.0002960760   0.0048202277  -0.0013817002  -0.0081475665
       -0.0001739867  -0.0007026271  -0.0011103638  -0.1036421609  -0.1254207643
       -0.1480656023   0.1170662735   0.1704359773   0.1722507578   0.0058431019
        0.0052403454   0.0225742576
        0.0016939966   0.0038819678   0.0058520212  -0.0013102516   0.0006709134
        0.0010266036   0.0014193322   0.0011084489  -0.0000148240  -0.0239454970
       -0.0101028531   0.0385681467   0.0005926623  -0.0003903703  -0.0009855074
        0.0003595174  -0.0001520640  -0.0007450517  -0.0006307596   0.0000407385
        0.0007984194  -0.0005212045   0.0004447958  -0.0002155074   0.0000364285
       -0.0000129953   0.0003086056  -0.0023193708  -0.0035759687  -0.0021846792
        0.0001884697   0.0003197773   0.0004546295  -0.3479327372  -0.1298958521
        0.1486923793  -0.0627917997  -0.0585812685   0.0058431019   0.4351612137
        0.1962447302  -0.1973983375
        0.0005911500   0.0009052652  -0.0006410706   0.0008259358  -0.0004958745
        0.0006320747   0.0011758316   0.0006640785  -0.0001844779  -0.0053071023
        0.0141325636  -0.0011345412   0.0001413431   0.0001154208  -0.0006769587
        0.0003525201   0.0000941456  -0.0002992306  -0.0000160559  -0.0000660561
        0.0000151417   0.0008032442  -0.0001979526   0.0009262780  -0.0000744529
        0.0001835403  -0.0000955241  -0.0002525165  -0.0010043771  -0.0030491332
       -0.0000254749   0.0001498270   0.0001600979  -0.1288661127  -0.1216742425
        0.0610198904  -0.0655930399  -0.0246726682   0.0052403454   0.1962447302
        0.1318663299  -0.0619128919
       -0.0000959260  -0.0050128218  -0.0081401943   0.0012824921   0.0008403096
       -0.0016685657   0.0000974107  -0.0001221462  -0.0003198816   0.0473190426
        0.0052798870  -0.0349007607  -0.0000165704   0.0000287632   0.0004684412
        0.0001662931   0.0003883698   0.0004365949   0.0007249110  -0.0000397077
       -0.0011112788   0.0004130215   0.0013952626   0.0006593115   0.0002032912
       -0.0001671517  -0.0002993513   0.0037754426   0.0013507289  -0.0016388980
       -0.0001821339  -0.0003009257  -0.0002332944   0.1503870352   0.0622973283
       -0.1482111643  -0.0066759722  -0.0040250045   0.0225742576  -0.1973983375
       -0.0619128919   0.1723847840
