           1           2   1.44837613701805     
           1           4   1.40627879296737     
           1           5  0.967912089351036     
           2           6   1.43525142434744     
           4           6  0.109023010419595     
           2           7  0.969417018636259     
           1           8  0.109314974999616     
           6           8   1.43524570955723     
           6           9  0.969307554219112     
           2          10  0.109317860532429     
           3          10  0.967910801656801     
           4          10   1.40626559898672     
           8          10   1.44838529967560     
           8          11  0.969416563023212     
           4          12  0.946848181948484     
          12          13   1.47231813332758     
          12          14   1.47231273040550     
          13          14  0.213721917489925     
