$hessian                                                                        
        0.5107831506   0.0418546290  -0.0007670222  -0.0725969657   0.0291681102
       -0.0042915828   0.0046341802  -0.0341909469   0.0003442096  -0.1822177110
       -0.1101556226  -0.0283526387  -0.0124628424   0.0190753003   0.0032949383
       -0.0053815252   0.0145958396  -0.0039722556  -0.1587103351   0.0220028958
        0.1147480501  -0.0026846209   0.0007852702   0.0030166752  -0.0812771479
        0.0137210718  -0.0842219917  -0.0000022655   0.0018505082   0.0002219779
        0.0006388368   0.0001168496  -0.0005150548   0.0001429602  -0.0000974454
        0.0001973566  -0.0006847759   0.0013481238   0.0002999504  -0.0001809383
       -0.0000745835  -0.0000026125
        0.0418546290   0.3983465002   0.0079286342   0.0333297715  -0.1104276954
        0.0055835974  -0.0213199150  -0.0495882106  -0.0030852486  -0.1074425692
       -0.1225241887  -0.0215401727   0.0115181399  -0.0124126753  -0.0043095553
        0.0090106469  -0.0112667509   0.0061769057   0.0204201839  -0.0452610737
       -0.0224571323   0.0011636136   0.0000955894  -0.0012557028   0.0127756589
       -0.0478066489   0.0318835705  -0.0002116406   0.0006350037   0.0006343291
       -0.0008393129   0.0002034640   0.0005270536  -0.0001016688   0.0001027007
       -0.0001615668   0.0002367158  -0.0004888190  -0.0001396133  -0.0003942529
        0.0003928046   0.0002149013
       -0.0007670222   0.0079286342   0.5090952437  -0.0033345940   0.0033123363
       -0.0626259134   0.0010178171  -0.0047296706   0.0071553997  -0.0286906736
       -0.0221944573  -0.0485342769   0.0114321725  -0.0174832427  -0.0029020397
       -0.0142741571   0.0265772457  -0.0080695359   0.1156759662  -0.0243221174
       -0.1591809099   0.0026686268  -0.0006161785  -0.0025558795  -0.0851538797
        0.0348690015  -0.2335773576  -0.0001173048  -0.0007494805   0.0003267257
        0.0007242009  -0.0012130318   0.0007921449   0.0002399002  -0.0001770766
        0.0001054624   0.0007078582  -0.0012034689   0.0000134003  -0.0001289105
        0.0000015067  -0.0000424640
       -0.0725969657   0.0333297715  -0.0033345940   0.3840448054   0.0231846011
       -0.0192068485  -0.1662420957  -0.0872507101  -0.0161618350   0.0030011238
       -0.0223757747   0.0007771104  -0.0793767463   0.0065455457   0.0270240758
       -0.0369762247   0.0063108223   0.0013211106  -0.0080501657   0.0208699778
        0.0017456489  -0.0124009099   0.0100014279   0.0074472437  -0.0040668772
        0.0124790412  -0.0035011757  -0.0150245149  -0.0011760700   0.0123706544
        0.0070037678  -0.0002475447  -0.0078669205   0.0001532437  -0.0000127257
        0.0002332965   0.0004573274  -0.0000876010  -0.0005339971   0.0000742319
       -0.0015707612  -0.0003137695
        0.0291681102  -0.1104276954   0.0033123363   0.0231846011   0.3973145586
       -0.0081408395  -0.0928566238  -0.1469395253  -0.0119208881   0.0009765475
       -0.0136007563   0.0008870435   0.0118651756  -0.0585024370  -0.0117623870
        0.0155816959  -0.0449678437   0.0296825475   0.0036125467  -0.0059535103
       -0.0008574680   0.0171684657  -0.0060282528  -0.0154447121   0.0031486038
       -0.0052548490   0.0032538128  -0.0150394880  -0.0011003294   0.0116676227
       -0.0010309474   0.0010633545   0.0014747840   0.0001421834   0.0004041645
       -0.0003901175   0.0033682384  -0.0053996909  -0.0003989303   0.0007108910
       -0.0006071876  -0.0013628043
       -0.0042915828   0.0055835974  -0.0626259134  -0.0192068485  -0.0081408395
        0.3497363856  -0.0008653425   0.0027898811  -0.0707351433   0.0008632904
       -0.0053917796   0.0002465203   0.0287316366  -0.0086572153  -0.0990881166
       -0.0163310450   0.0140990681  -0.0932995455   0.0082456375  -0.0194179931
       -0.0005723937   0.0025965998  -0.0057665878  -0.0009261093  -0.0090312128
        0.0242312717  -0.0048986261  -0.0049361042  -0.0004748744   0.0040282156
        0.0165960041  -0.0018537996  -0.0239077032  -0.0017467457   0.0008696531
        0.0003090170  -0.0011918719   0.0021804272   0.0011192436   0.0005675849
       -0.0000508095   0.0006141689
        0.0046341802  -0.0213199150   0.0010178171  -0.1662420957  -0.0928566238
       -0.0008653425   0.2518357600   0.1664863119   0.0222634369   0.0016134413
       -0.0002148749   0.0000045391  -0.0461046366  -0.0248674208   0.0099663358
       -0.0413665536  -0.0226372949  -0.0379712812   0.0007579972  -0.0006496614
       -0.0012983832  -0.0002400716  -0.0016376285   0.0007960532   0.0001722365
       -0.0004475569   0.0014580467  -0.0081915906  -0.0011292557   0.0057414711
        0.0020556315   0.0000759171  -0.0005625132  -0.0001025132  -0.0005852941
       -0.0004489417  -0.0001555193   0.0000829070   0.0003844085   0.0013337338
       -0.0002996099  -0.0004856466
       -0.0341909469  -0.0495882106  -0.0047296706  -0.0872507101  -0.1469395253
        0.0027898811   0.1664863119   0.2056581957   0.0223572559   0.0003149443
       -0.0131759045  -0.0001682171  -0.0198636251  -0.0009048001   0.0080864490
       -0.0258526230  -0.0019952816  -0.0292181320  -0.0005613437   0.0027472217
       -0.0001518606   0.0025097482   0.0000212273  -0.0007914708  -0.0004165877
        0.0027204768  -0.0000503061  -0.0013899203   0.0001546476   0.0012381169
        0.0010702655  -0.0006464044  -0.0001366961  -0.0001622174  -0.0001622818
       -0.0000276780  -0.0002860146   0.0006790396  -0.0000433155  -0.0004072810
        0.0014315998   0.0008456440
        0.0003442096  -0.0030852486   0.0071553997  -0.0161618350  -0.0119208881
       -0.0707351433   0.0222634369   0.0223572559   0.0586927344   0.0005096641
        0.0002338916   0.0007146107   0.0189799329   0.0133582143   0.0077356214
       -0.0311701272  -0.0230491778  -0.0051038902  -0.0005670412   0.0007849389
       -0.0000122386   0.0005318333   0.0002147519   0.0010398151   0.0007774069
       -0.0012198553   0.0008951287   0.0060921009   0.0011889476  -0.0027690075
       -0.0011919801  -0.0000343664   0.0027977673   0.0006072503   0.0000351317
        0.0001961205  -0.0002761230   0.0002561527   0.0000477236  -0.0007387285
        0.0008802515  -0.0006546416
       -0.1822177110  -0.1074425692  -0.0286906736   0.0030011238   0.0009765475
        0.0008632904   0.0016134413   0.0003149443   0.0005096641   0.2132952849
        0.1282871807   0.0326917814   0.0005115185   0.0013790568  -0.0000079107
        0.0006001302   0.0001317769   0.0006510983  -0.0231915711  -0.0152666065
       -0.0017315189  -0.0000516453   0.0001809295   0.0000213437  -0.0134417722
       -0.0089850004  -0.0044553511   0.0000178544   0.0005832045   0.0002225764
       -0.0001927652  -0.0001508802  -0.0000851401   0.0000329506   0.0000108935
        0.0000430132   0.0000321309  -0.0000164622  -0.0000341912  -0.0000089699
       -0.0000030152   0.0000020180
       -0.1101556226  -0.1225241887  -0.0221944573  -0.0223757747  -0.0136007563
       -0.0053917796  -0.0002148749  -0.0131759045   0.0002338916   0.1282871807
        0.1440852293   0.0257483964  -0.0005009045  -0.0000218531   0.0001061385
        0.0002066745   0.0004867699   0.0009359764   0.0014167435   0.0019350229
        0.0009625582   0.0000302420   0.0004927205   0.0000552685   0.0022108167
        0.0023400546  -0.0001362846   0.0012686395  -0.0001205736  -0.0004134223
       -0.0000559306  -0.0000301949  -0.0000069067  -0.0000069335  -0.0000352387
        0.0000900188   0.0000310800   0.0000439527  -0.0000593619  -0.0001413359
        0.0001249599   0.0000699640
       -0.0283526387  -0.0215401727  -0.0485342769   0.0007771104   0.0008870435
        0.0002465203   0.0000045391  -0.0001682171   0.0007146107   0.0326917814
        0.0257483964   0.0536499985   0.0000349530  -0.0008424707  -0.0000575380
        0.0002568154   0.0004763291  -0.0002271883   0.0198309084   0.0136666592
        0.0021818841   0.0000638083   0.0001300881  -0.0000071318  -0.0258148901
       -0.0181191341  -0.0077134356   0.0006887835  -0.0003880081  -0.0000229676
       -0.0001431258   0.0000201777  -0.0001650559  -0.0000155774   0.0000703859
       -0.0000147346   0.0000059983  -0.0000247071  -0.0000344205  -0.0000284658
        0.0000836299  -0.0000162644
       -0.0124628424   0.0115181399   0.0114321725  -0.0793767463   0.0118651756
        0.0287316366  -0.0461046366  -0.0198636251   0.0189799329   0.0005115185
       -0.0005009045   0.0000349530   0.4612433543   0.0278021790   0.0620058039
        0.0055739966   0.0002697441  -0.0043029936  -0.0011139941   0.0022004102
        0.0003727077  -0.0889339400   0.0468494993  -0.0047783769   0.0000277729
       -0.0007182617   0.0005228504  -0.1455316116  -0.1056942695  -0.0242561051
       -0.0847826022   0.0073080752  -0.0873001764  -0.0079019156   0.0162227751
       -0.0039845566  -0.0104848399   0.0215535583   0.0011208401   0.0093364862
       -0.0188124959   0.0014213115
        0.0190753003  -0.0124126753  -0.0174832427   0.0065455457  -0.0585024370
       -0.0086572153  -0.0248674208  -0.0009048001   0.0133582143   0.0013790568
       -0.0000218531  -0.0008424707   0.0278021790   0.4932545377   0.0009299711
       -0.0002860478   0.0016669443   0.0036213666   0.0035768673  -0.0059115933
       -0.0010707416   0.0516191379  -0.1836312352   0.0078094515   0.0002464519
        0.0007169308  -0.0008821714  -0.1071516734  -0.1472322768  -0.0221176045
        0.0072009267  -0.0453646254   0.0216466832   0.0042459702  -0.0057213244
        0.0038940787   0.0056386017  -0.0083533718  -0.0015499365   0.0049751044
       -0.0275822206   0.0013436174
        0.0032949383  -0.0043095553  -0.0029020397   0.0270240758  -0.0117623870
       -0.0990881166   0.0099663358   0.0080864490   0.0077356214  -0.0000079107
        0.0001061385  -0.0000575380   0.0620058039   0.0009299711   0.4643552394
        0.0166686462  -0.0047918512  -0.0332172307  -0.0003020919   0.0004040680
        0.0009902680  -0.0071291831   0.0117606803  -0.0670640938  -0.0006725701
        0.0012888703   0.0010348709  -0.0252235899  -0.0230215547  -0.0487562262
       -0.0845784355   0.0204766042  -0.2206154223  -0.0118058590   0.0247448551
       -0.0038197105   0.0106694207  -0.0223102940   0.0003064396   0.0000904195
       -0.0016019943   0.0010979386
       -0.0053815252   0.0090106469  -0.0142741571  -0.0369762247   0.0155816959
       -0.0163310450  -0.0413665536  -0.0258526230  -0.0311701272   0.0006001302
        0.0002066745   0.0002568154   0.0055739966  -0.0002860478   0.0166686462
        0.0792564534  -0.0023537592   0.0414996536  -0.0003503099  -0.0003311194
       -0.0002889864   0.0008011944  -0.0002797450   0.0013321511  -0.0010770506
        0.0036749699  -0.0008991179   0.0009471419   0.0003232032  -0.0000874973
       -0.0018735872   0.0006354430   0.0036772515   0.0000755412  -0.0000536153
       -0.0000805002   0.0000032927  -0.0002622395  -0.0001833147  -0.0002324993
       -0.0000134841  -0.0001197719
        0.0145958396  -0.0112667509   0.0265772457   0.0063108223  -0.0449678437
        0.0140990681  -0.0226372949  -0.0019952816  -0.0230491778   0.0001317769
        0.0004867699   0.0004763291   0.0002697441   0.0016669443  -0.0047918512
       -0.0023537592   0.0617423396  -0.0142553519  -0.0003420484   0.0008116103
        0.0002138420   0.0001785606   0.0005076074  -0.0014209602   0.0031982744
       -0.0067162079   0.0021967666   0.0001378615  -0.0001608959   0.0004363268
        0.0005566181   0.0000984915  -0.0005810799   0.0001437690  -0.0000688557
       -0.0000085835  -0.0000025671  -0.0000582147   0.0000610802  -0.0001875968
       -0.0000797125   0.0000463459
       -0.0039722556   0.0061769057  -0.0080695359   0.0013211106   0.0296825475
       -0.0932995455  -0.0379712812  -0.0292181320  -0.0051038902   0.0006510983
        0.0009359764  -0.0002271883  -0.0043029936   0.0036213666  -0.0332172307
        0.0414996536  -0.0142553519   0.1445912352  -0.0003181512  -0.0005628969
        0.0006011551  -0.0008581010   0.0009507370   0.0013275215  -0.0012092109
        0.0027437778  -0.0000555261   0.0004122362   0.0007906998  -0.0001739213
        0.0043984318  -0.0003679407  -0.0067272631   0.0007312277  -0.0003083924
        0.0004147356   0.0000293999  -0.0002074544   0.0001291085  -0.0004111645
        0.0000181575  -0.0001896548
       -0.1587103351   0.0204201839   0.1156759662  -0.0080501657   0.0036125467
        0.0082456375   0.0007579972  -0.0005613437  -0.0005670412  -0.0231915711
        0.0014167435   0.0198309084  -0.0011139941   0.0035768673  -0.0003020919
       -0.0003503099  -0.0003420484  -0.0003181512   0.1830419722  -0.0268578702
       -0.1351735704  -0.0003685142   0.0001246031   0.0007073946   0.0078231210
       -0.0016275528  -0.0078164226   0.0003145775   0.0000444413  -0.0001049826
        0.0000080731  -0.0000531920  -0.0002102226  -0.0000261879  -0.0000462258
       -0.0000080129  -0.0001652279   0.0002812933   0.0000251274   0.0000305650
        0.0000115539   0.0000154614
        0.0220028958  -0.0452610737  -0.0243221174   0.0208699778  -0.0059535103
       -0.0194179931  -0.0006496614   0.0027472217   0.0007849389  -0.0152666065
        0.0019350229   0.0136666592   0.0022004102  -0.0059115933   0.0004040680
       -0.0003311194   0.0008116103  -0.0005628969  -0.0268578702   0.0511581129
        0.0269484302   0.0011979331  -0.0001266026  -0.0011813585  -0.0032287092
        0.0010586809   0.0034685269  -0.0001082104  -0.0001069920   0.0001732890
       -0.0001079306  -0.0000154729   0.0001669256  -0.0000273990   0.0000616558
       -0.0000176332   0.0003206951  -0.0005302072  -0.0000820761  -0.0000144052
        0.0001331474  -0.0000287627
        0.1147480501  -0.0224571323  -0.1591809099   0.0017456489  -0.0008574680
       -0.0005723937  -0.0012983832  -0.0001518606  -0.0000122386  -0.0017315189
        0.0009625582   0.0021818841   0.0003727077  -0.0010707416   0.0009902680
       -0.0002889864   0.0002138420   0.0006011551  -0.1351735704   0.0269484302
        0.1844698884   0.0001948866   0.0000427078  -0.0000248181   0.0216792404
       -0.0036804316  -0.0286795021  -0.0001965477  -0.0000193760  -0.0000612628
       -0.0001142255   0.0002019009   0.0002908092   0.0000523020  -0.0000380040
        0.0000375273   0.0000250685  -0.0000703542  -0.0000126097  -0.0000146722
       -0.0000240707  -0.0000277973
       -0.0026846209   0.0011636136   0.0026686268  -0.0124009099   0.0171684657
        0.0025965998  -0.0002400716   0.0025097482   0.0005318333  -0.0000516453
        0.0000302420   0.0000638083  -0.0889339400   0.0516191379  -0.0071291831
        0.0008011944   0.0001785606  -0.0008581010  -0.0003685142   0.0011979331
        0.0001948866   0.5103266667   0.0202837668  -0.0060840610   0.0001172071
       -0.0002154390   0.0002133867   0.0075032923  -0.0192212747   0.0009032106
       -0.0069622776   0.0144586748  -0.0026955409  -0.1005472327   0.0076940979
       -0.0983983605  -0.1306808519   0.0206130995   0.1103201130  -0.1758782964
       -0.1174806263  -0.0023272187
        0.0007852702   0.0000955894  -0.0006161785   0.0100014279  -0.0060282528
       -0.0057665878  -0.0016376285   0.0000212273   0.0002147519   0.0001809295
        0.0004927205   0.0001300881   0.0468494993  -0.1836312352   0.0117606803
       -0.0002797450   0.0005076074   0.0009507370   0.0001246031  -0.0001266026
        0.0000427078   0.0202837668   0.4530247835   0.0035025891  -0.0001787786
        0.0001535880  -0.0003279085   0.0083014039  -0.0261989951   0.0008792664
        0.0051912817  -0.0069448725   0.0020715818   0.0081547812  -0.0432732818
        0.0156281994   0.0197973255  -0.0444306587  -0.0266911468  -0.1175741370
       -0.1436616174  -0.0017787803
        0.0030166752  -0.0012557028  -0.0025558795   0.0074472437  -0.0154447121
       -0.0009261093   0.0007960532  -0.0007914708   0.0010398151   0.0000213437
        0.0000552685  -0.0000071318  -0.0047783769   0.0078094515  -0.0670640938
        0.0013321511  -0.0014209602   0.0013275215   0.0007073946  -0.0011813585
       -0.0000248181  -0.0060840610   0.0035025891   0.5196848517   0.0001086504
       -0.0001115577   0.0000560896   0.0014103103  -0.0032174409   0.0010061599
       -0.0127907253   0.0258246869  -0.0041791120  -0.0991341509   0.0156782329
       -0.2201023124   0.1109449939  -0.0274558330  -0.1822429176  -0.0029975021
       -0.0019911929  -0.0460120633
       -0.0812771479   0.0127756589  -0.0851538797  -0.0040668772   0.0031486038
       -0.0090312128   0.0001722365  -0.0004165877   0.0007774069  -0.0134417722
        0.0022108167  -0.0258148901   0.0000277729   0.0002464519  -0.0006725701
       -0.0010770506   0.0031982744  -0.0012092109   0.0078231210  -0.0032287092
        0.0216792404   0.0001172071  -0.0001787786   0.0001086504   0.0919157483
       -0.0178835920   0.0988258093  -0.0002357138  -0.0001562935  -0.0001828780
       -0.0000435423   0.0004911624   0.0005703121   0.0000829677  -0.0000918545
        0.0000644941  -0.0000236949  -0.0000381246   0.0000614931   0.0000267453
       -0.0000770278  -0.0000227648
        0.0137210718  -0.0478066489   0.0348690015   0.0124790412  -0.0052548490
        0.0242312717  -0.0004475569   0.0027204768  -0.0012198553  -0.0089850004
        0.0023400546  -0.0181191341  -0.0007182617   0.0007169308   0.0012888703
        0.0036749699  -0.0067162079   0.0027437778  -0.0016275528   0.0010586809
       -0.0036804316  -0.0002154390   0.0001535880  -0.0001115577  -0.0178835920
        0.0529738552  -0.0394314171  -0.0000506756  -0.0000657683  -0.0000768372
        0.0001747482  -0.0002625540  -0.0004365036  -0.0001242167   0.0000584206
       -0.0000539333  -0.0000149761   0.0000781552  -0.0000815915   0.0000174401
        0.0000058660   0.0000783400
       -0.0842219917   0.0318835705  -0.2335773576  -0.0035011757   0.0032538128
       -0.0048986261   0.0014580467  -0.0000503061   0.0008951287  -0.0044553511
       -0.0001362846  -0.0077134356   0.0005228504  -0.0008821714   0.0010348709
       -0.0008991179   0.0021967666  -0.0000555261  -0.0078164226   0.0034685269
       -0.0286795021   0.0002133867  -0.0003279085   0.0000560896   0.0988258093
       -0.0394314171   0.2728076224  -0.0002092170   0.0000410829  -0.0001610735
        0.0000201232   0.0000053232   0.0003494579   0.0000647911  -0.0000324978
       -0.0000760168  -0.0000253775  -0.0000178956   0.0000580485   0.0000236462
        0.0000293981  -0.0000396803
       -0.0000022655  -0.0002116406  -0.0001173048  -0.0150245149  -0.0150394880
       -0.0049361042  -0.0081915906  -0.0013899203   0.0060921009   0.0000178544
        0.0012686395   0.0006887835  -0.1455316116  -0.1071516734  -0.0252235899
        0.0009471419   0.0001378615   0.0004122362   0.0003145775  -0.0001082104
       -0.0001965477   0.0075032923   0.0083014039   0.0014103103  -0.0002357138
       -0.0000506756  -0.0002092170   0.1720755273   0.1233916701   0.0273953886
       -0.0127515226  -0.0112804919  -0.0054707525   0.0006398332   0.0001133636
        0.0003618688   0.0003249726  -0.0000434453  -0.0002205075  -0.0000859804
        0.0020626070   0.0000133353
        0.0018505082   0.0006350037  -0.0007494805  -0.0011760700  -0.0011003294
       -0.0004748744  -0.0011292557   0.0001546476   0.0011889476   0.0005832045
       -0.0001205736  -0.0003880081  -0.1056942695  -0.1472322768  -0.0230215547
        0.0003232032  -0.0001608959   0.0007906998   0.0000444413  -0.0001069920
       -0.0000193760  -0.0192212747  -0.0261989951  -0.0032174409  -0.0001562935
       -0.0000657683   0.0000410829   0.1233916701   0.1796686582   0.0267752974
       -0.0005984472   0.0008152648  -0.0009474072  -0.0006366395   0.0009614826
       -0.0000383475  -0.0002795389   0.0002689850  -0.0001677864   0.0026987618
       -0.0075182107   0.0002282481
        0.0002219779   0.0006343291   0.0003267257   0.0123706544   0.0116676227
        0.0040282156   0.0057414711   0.0012381169  -0.0027690075   0.0002225764
       -0.0004134223  -0.0000229676  -0.0242561051  -0.0221176045  -0.0487562262
       -0.0000874973   0.0004363268  -0.0001739213  -0.0001049826   0.0001732890
       -0.0000612628   0.0009032106   0.0008792664   0.0010061599  -0.0001828780
       -0.0000768372  -0.0001610735   0.0273953886   0.0267752974   0.0535546575
       -0.0232757053  -0.0205395973  -0.0078272426   0.0005393205   0.0007674553
        0.0003441887  -0.0000794605  -0.0002625971  -0.0001901398   0.0005920293
        0.0008383549   0.0007018939
        0.0006388368  -0.0008393129   0.0007242009   0.0070037678  -0.0010309474
        0.0165960041   0.0020556315   0.0010702655  -0.0011919801  -0.0001927652
       -0.0000559306  -0.0001431258  -0.0847826022   0.0072009267  -0.0845784355
       -0.0018735872   0.0005566181   0.0043984318   0.0000080731  -0.0001079306
       -0.0001142255  -0.0069622776   0.0051912817  -0.0127907253  -0.0000435423
        0.0001747482   0.0000201232  -0.0127515226  -0.0005984472  -0.0232757053
        0.0973399145  -0.0145643427   0.1008718743  -0.0007430590   0.0036669261
       -0.0005104280  -0.0001222461  -0.0002205798  -0.0003314857   0.0004253783
       -0.0004432750   0.0003254770
        0.0001168496   0.0002034640  -0.0012130318  -0.0002475447   0.0010633545
       -0.0018537996   0.0000759171  -0.0006464044  -0.0000343664  -0.0001508802
       -0.0000301949   0.0000201777   0.0073080752  -0.0453646254   0.0204766042
        0.0006354430   0.0000984915  -0.0003679407  -0.0000531920  -0.0000154729
        0.0002019009   0.0144586748  -0.0069448725   0.0258246869   0.0004911624
       -0.0002625540   0.0000053232  -0.0112804919   0.0008152648  -0.0205395973
       -0.0145643427   0.0557132869  -0.0251454303   0.0033118802  -0.0059858517
        0.0017885927  -0.0001989175   0.0008647927   0.0004081317   0.0000973669
        0.0004913213   0.0004287487
       -0.0005150548   0.0005270536   0.0007921449  -0.0078669205   0.0014747840
       -0.0239077032  -0.0005625132  -0.0001366961   0.0027977673  -0.0000851401
       -0.0000069067  -0.0001650559  -0.0873001764   0.0216466832  -0.2206154223
        0.0036772515  -0.0005810799  -0.0067272631  -0.0002102226   0.0001669256
        0.0002908092  -0.0026955409   0.0020715818  -0.0041791120   0.0005703121
       -0.0004365036   0.0003494579  -0.0054707525  -0.0009474072  -0.0078272426
        0.1008718743  -0.0251454303   0.2580770847  -0.0006255580   0.0016266331
        0.0003313047   0.0000884236  -0.0002979973   0.0008522367   0.0001240176
        0.0000383599  -0.0000690065
        0.0001429602  -0.0001016688   0.0002399002   0.0001532437   0.0001421834
       -0.0017467457  -0.0001025132  -0.0001622174   0.0006072503   0.0000329506
       -0.0000069335  -0.0000155774  -0.0079019156   0.0042459702  -0.0118058590
        0.0000755412   0.0001437690   0.0007312277  -0.0000261879  -0.0000273990
        0.0000523020  -0.1005472327   0.0081547812  -0.0991341509   0.0000829677
       -0.0001242167   0.0000647911   0.0006398332  -0.0006366395   0.0005393205
       -0.0007430590   0.0033118802  -0.0006255580   0.1150074760  -0.0124587908
        0.1178203526   0.0086659045  -0.0012354453   0.0173986024  -0.0154799689
       -0.0012452730  -0.0241258559
       -0.0000974454   0.0001027007  -0.0001770766  -0.0000127257   0.0004041645
        0.0008696531  -0.0005852941  -0.0001622818   0.0000351317   0.0000108935
       -0.0000352387   0.0000703859   0.0162227751  -0.0057213244   0.0247448551
       -0.0000536153  -0.0000688557  -0.0003083924  -0.0000462258   0.0000616558
       -0.0000380040   0.0076940979  -0.0432732818   0.0156782329  -0.0000918545
        0.0000584206  -0.0000324978   0.0001133636   0.0009614826   0.0007674553
        0.0036669261  -0.0059858517   0.0016266331  -0.0124587908   0.0523597463
       -0.0202804709  -0.0022053002   0.0006100144  -0.0036281549  -0.0121568043
        0.0006886492  -0.0193277506
        0.0001973566  -0.0001615668   0.0001054624   0.0002332965  -0.0003901175
        0.0003090170  -0.0004489417  -0.0000276780   0.0001961205   0.0000430132
        0.0000900188  -0.0000147346  -0.0039845566   0.0038940787  -0.0038197105
       -0.0000805002  -0.0000085835   0.0004147356  -0.0000080129  -0.0000176332
        0.0000375273  -0.0983983605   0.0156281994  -0.2201023124   0.0000644941
       -0.0000539333  -0.0000760168   0.0003618688  -0.0000383475   0.0003441887
       -0.0005104280   0.0017885927   0.0003313047   0.1178203526  -0.0202804709
        0.2542557363  -0.0119547511   0.0007661124  -0.0286463066  -0.0033348311
       -0.0011886715  -0.0033350116
       -0.0006847759   0.0002367158   0.0007078582   0.0004573274   0.0033682384
       -0.0011918719  -0.0001555193  -0.0002860146  -0.0002761230   0.0000321309
        0.0000310800   0.0000059983  -0.0104848399   0.0056386017   0.0106694207
        0.0000032927  -0.0000025671   0.0000293999  -0.0001652279   0.0003206951
        0.0000250685  -0.1306808519   0.0197973255   0.1109449939  -0.0000236949
       -0.0000149761  -0.0000253775   0.0003249726  -0.0002795389  -0.0000794605
       -0.0001222461  -0.0001989175   0.0000884236   0.0086659045  -0.0022053002
       -0.0119547511   0.1521335378  -0.0273746524  -0.1303937401  -0.0193000099
        0.0009693104   0.0214501609
        0.0013481238  -0.0004888190  -0.0012034689  -0.0000876010  -0.0053996909
        0.0021804272   0.0000829070   0.0006790396   0.0002561527  -0.0000164622
        0.0000439527  -0.0000247071   0.0215535583  -0.0083533718  -0.0223102940
       -0.0002622395  -0.0000582147  -0.0002074544   0.0002812933  -0.0005302072
       -0.0000703542   0.0206130995  -0.0444306587  -0.0274558330  -0.0000381246
        0.0000781552  -0.0000178956  -0.0000434453   0.0002689850  -0.0002625971
       -0.0002205798   0.0008647927  -0.0002979973  -0.0012354453   0.0006100144
        0.0007661124  -0.0273746524   0.0543312095   0.0317863601  -0.0146004319
        0.0023848131   0.0168615493
        0.0002999504  -0.0001396133   0.0000134003  -0.0005339971  -0.0003989303
        0.0011192436   0.0003844085  -0.0000433155   0.0000477236  -0.0000341912
       -0.0000593619  -0.0000344205   0.0011208401  -0.0015499365   0.0003064396
       -0.0001833147   0.0000610802   0.0001291085   0.0000251274  -0.0000820761
       -0.0000126097   0.1103201130  -0.0266911468  -0.1822429176   0.0000614931
       -0.0000815915   0.0000580485  -0.0002205075  -0.0001677864  -0.0001901398
       -0.0003314857   0.0004081317   0.0008522367   0.0173986024  -0.0036281549
       -0.0286463066  -0.1303937401   0.0317863601   0.2101897098   0.0020867015
        0.0005863412  -0.0015895164
       -0.0001809383  -0.0003942529  -0.0001289105   0.0000742319   0.0007108910
        0.0005675849   0.0013337338  -0.0004072810  -0.0007387285  -0.0000089699
       -0.0001413359  -0.0000284658   0.0093364862   0.0049751044   0.0000904195
       -0.0002324993  -0.0001875968  -0.0004111645   0.0000305650  -0.0000144052
       -0.0000146722  -0.1758782964  -0.1175741370  -0.0029975021   0.0000267453
        0.0000174401   0.0000236462  -0.0000859804   0.0026987618   0.0005920293
        0.0004253783   0.0000973669   0.0001240176  -0.0154799689  -0.0121568043
       -0.0033348311  -0.0193000099  -0.0146004319   0.0020867015   0.1999395226
        0.1369766807   0.0041698758
       -0.0000745835   0.0003928046   0.0000015067  -0.0015707612  -0.0006071876
       -0.0000508095  -0.0002996099   0.0014315998   0.0008802515  -0.0000030152
        0.0001249599   0.0000836299  -0.0188124959  -0.0275822206  -0.0016019943
       -0.0000134841  -0.0000797125   0.0000181575   0.0000115539   0.0001331474
       -0.0000240707  -0.1174806263  -0.1436616174  -0.0019911929  -0.0000770278
        0.0000058660   0.0000293981   0.0020626070  -0.0075182107   0.0008383549
       -0.0004432750   0.0004913213   0.0000383599  -0.0012452730   0.0006886492
       -0.0011886715   0.0009693104   0.0023848131   0.0005863412   0.1369766807
        0.1737957874   0.0023807392
       -0.0000026125   0.0002149013  -0.0000424640  -0.0003137695  -0.0013628043
        0.0006141689  -0.0004856466   0.0008456440  -0.0006546416   0.0000020180
        0.0000699640  -0.0000162644   0.0014213115   0.0013436174   0.0010979386
       -0.0001197719   0.0000463459  -0.0001896548   0.0000154614  -0.0000287627
       -0.0000277973  -0.0023272187  -0.0017787803  -0.0460120633  -0.0000227648
        0.0000783400  -0.0000396803   0.0000133353   0.0002282481   0.0007018939
        0.0003254770   0.0004287487  -0.0000690065  -0.0241258559  -0.0193277506
       -0.0033350116   0.0214501609   0.0168615493  -0.0015895164   0.0041698758
        0.0023807392   0.0495620987
