           1           2  0.955818493340555     
           2           3   1.15136030164212     
           1           4  0.989970377818910     
           2           5  0.944767372431312     
           2           6  0.913488442326249     
           1           7  0.990480235463853     
           5           8   1.02221618038654     
           1           9  0.990511136551330     
           5          10  0.980819564790303     
           5          11  0.981067271513544     
           8          12  0.988918112313996     
           8          13  0.987230293039239     
           8          14  0.986804855960215     
