           1           2  0.869899801948161     
           1           3  0.965882498586198     
           1           4  0.982486061136858     
           1           5  0.979028159540693     
           2           6   1.23840308564189     
           6           7  0.979444947469217     
           2           8   1.72775328538195     
           6           8  0.125682295107782     
           6           9  0.973968408858334     
          10          11  0.926268516820940     
          10          12  0.859497293721713     
