$hessian                                                                        
        0.5268755559  -0.0860941733  -0.0000016889  -0.4652488937  -0.0305242333
        0.0000016773  -0.0616266622   0.1166184066   0.0000000116
       -0.0860941733   0.4868177429  -0.0000005491   0.0116204986  -0.0395107216
        0.0000000284   0.0744736748  -0.4473070213   0.0000005207
       -0.0000016889  -0.0000005491   0.0000000000   0.0000016037   0.0000001755
       -0.0000000000   0.0000000851   0.0000003736  -0.0000000000
       -0.4652488937   0.0116204986   0.0000016037   0.4830535186  -0.0161054405
       -0.0000016581  -0.0178046249   0.0044849420   0.0000000543
       -0.0305242333  -0.0395107216   0.0000001755  -0.0161054405   0.0439860790
       -0.0000000206   0.0466296738  -0.0044753574  -0.0000001550
        0.0000016773   0.0000000284  -0.0000000000  -0.0000016581  -0.0000000206
        0.0000000000  -0.0000000192  -0.0000000078   0.0000000000
       -0.0616266622   0.0744736748   0.0000000851  -0.0178046249   0.0466296738
       -0.0000000192   0.0794312871  -0.1211033486  -0.0000000659
        0.1166184066  -0.4473070213   0.0000003736   0.0044849420  -0.0044753574
       -0.0000000078  -0.1211033486   0.4517823787  -0.0000003658
        0.0000000116   0.0000005207  -0.0000000000   0.0000000543  -0.0000001550
        0.0000000000  -0.0000000659  -0.0000003658   0.0000000000
