$hessian                                                                        
        0.4622153027  -0.0222820096   0.0235373574  -0.1627164869  -0.0243577301
        0.0549926773  -0.1392260773   0.1162421926  -0.0089240995  -0.0507222045
        0.0099834963  -0.0449580459  -0.0715696530  -0.0629425191  -0.0378669681
       -0.0123678566  -0.0090397920   0.0016621453   0.0013500105  -0.0006789097
        0.0003362776  -0.0239435989  -0.0043431514   0.0104101477  -0.0010582488
        0.0014981200   0.0022193376  -0.0019611872  -0.0040796968  -0.0014088294
       -0.0222820096   0.5010314224   0.0044448066  -0.0290027677  -0.0727101246
        0.0182491803   0.1169076837  -0.1817836352   0.0083650226   0.0101306356
       -0.0532507128   0.0432783334  -0.0656906609  -0.1838158635  -0.0767170578
       -0.0156853402  -0.0047913188   0.0079011150  -0.0068965447  -0.0023575202
        0.0044354286   0.0204350155   0.0046294212  -0.0099606567  -0.0010613491
       -0.0001237587   0.0014837380  -0.0068546627  -0.0068279100  -0.0014799099
        0.0235373574   0.0044448066   0.5008537925   0.0506138824   0.0148430017
       -0.0954365158  -0.0093666020   0.0092288436  -0.0454090098  -0.0436764661
        0.0429338611  -0.2625390971  -0.0404806807  -0.0789896921  -0.0864550595
       -0.0047122696   0.0026963481   0.0068071042   0.0270715629   0.0101252513
       -0.0179428772   0.0015451869  -0.0003321048   0.0003221136  -0.0004723568
       -0.0008758568  -0.0009233298  -0.0040596144  -0.0040744588   0.0007228790
       -0.1627164869  -0.0290027677   0.0506138824   0.4737476820  -0.0397316918
       -0.0312675321  -0.0240076012  -0.0014994315   0.0107694512   0.0027647794
        0.0000869105   0.0029849823  -0.0174799408  -0.0093788776   0.0063276289
       -0.0581858946   0.0002951036  -0.0076169279  -0.0508248972   0.0071094281
       -0.0380082617  -0.1371255322   0.1155468593  -0.0035457354   0.0120859179
        0.0023948447   0.0074395915  -0.0382580264  -0.0458203776   0.0023029208
       -0.0243577301  -0.0727101246   0.0148430017  -0.0397316918   0.4104111845
       -0.0402564276   0.0187443462   0.0060205197  -0.0097852898  -0.0064229758
       -0.0021734304   0.0062379154  -0.0261967180  -0.0101119904   0.0111910153
       -0.0004356622  -0.0704614648  -0.0027241202   0.0114977133  -0.0486626773
        0.0537766416   0.1078283764  -0.1689211734   0.0069722440  -0.0030310349
       -0.0234382877  -0.0398488173  -0.0378946231  -0.0199525556  -0.0004061632
        0.0549926773   0.0182491803  -0.0954365158  -0.0312675321  -0.0402564276
        0.4781961299   0.0006914882  -0.0012473245   0.0004090726   0.0259530054
        0.0089584895  -0.0181920628  -0.0099266757  -0.0028467900   0.0063470694
       -0.0086926214  -0.0035769059  -0.0625595896  -0.0375569588   0.0445731527
       -0.2482703721  -0.0064350635   0.0146123796  -0.0410960952   0.0018810640
       -0.0452997406  -0.0311487253   0.0103606165   0.0068339865   0.0117510890
       -0.1392260773   0.1169076837  -0.0093666020  -0.0240076012   0.0187443462
        0.0006914882   0.1652097750  -0.1361553701   0.0076049647  -0.0058364271
        0.0082870544  -0.0031613152   0.0071459063  -0.0080034839   0.0004332411
       -0.0012540807   0.0023368293   0.0021370709   0.0010084820   0.0002332649
       -0.0003057270  -0.0060296873  -0.0012621208   0.0034468359   0.0022139629
       -0.0009207842  -0.0012050909   0.0007757476  -0.0001674194  -0.0002748656
        0.1162421926  -0.1817836352   0.0092288436  -0.0014994315   0.0060205197
       -0.0012473245  -0.1361553701   0.2088721052  -0.0112596399   0.0064885735
       -0.0076290794   0.0028316144   0.0173172126  -0.0268690240   0.0002868132
       -0.0000684950   0.0001029268  -0.0003395124  -0.0002360833   0.0004569798
       -0.0002258858  -0.0016966920   0.0007596611   0.0002146210  -0.0004749902
        0.0000421604   0.0006273559   0.0000830833   0.0000273858  -0.0001168854
       -0.0089240995   0.0083650226  -0.0454090098   0.0107694512  -0.0097852898
        0.0004090726   0.0076049647  -0.0112596399   0.0499039973  -0.0219596440
        0.0266735426  -0.0053640354   0.0090529545  -0.0136926092   0.0004591316
       -0.0004446215   0.0004580692   0.0008497358   0.0002289379  -0.0007001378
        0.0003640295   0.0032910289   0.0002433856  -0.0007072196   0.0004762900
       -0.0001410011  -0.0002376166  -0.0000952620  -0.0001613424  -0.0002680852
       -0.0507222045   0.0101306356  -0.0436764661   0.0027647794  -0.0064229758
        0.0259530054  -0.0058364271   0.0064885735  -0.0219596440   0.0599081607
       -0.0103418374   0.0486131070  -0.0030227841   0.0014720702  -0.0133896006
        0.0002336001   0.0002537912   0.0010678999  -0.0044646509  -0.0020926338
        0.0040410292   0.0008627774   0.0000098129   0.0003640788  -0.0000375809
        0.0002224891  -0.0006948848   0.0003143300   0.0002800745  -0.0003185247
        0.0099834963  -0.0532507128   0.0429338611   0.0000869105  -0.0021734304
        0.0089584895   0.0082870544  -0.0076290794   0.0266735426  -0.0103418374
        0.0581300920  -0.0521893068  -0.0066721097   0.0032505473  -0.0272822242
       -0.0006110664   0.0011603221   0.0026617686  -0.0021351444  -0.0000013280
        0.0012030568   0.0001684567   0.0003589133  -0.0005979548   0.0008173645
        0.0002088369  -0.0017364033   0.0004168757  -0.0000541610  -0.0006248297
       -0.0449580459   0.0432783334  -0.2625390971   0.0029849823   0.0062379154
       -0.0181920628  -0.0031613152   0.0028316144  -0.0053640354   0.0486131070
       -0.0521893068   0.3061995648  -0.0058283565   0.0007498293  -0.0193705391
        0.0004379154  -0.0009003710  -0.0018974754   0.0037950727   0.0007219806
       -0.0015998922  -0.0003919624  -0.0003450594   0.0004951905  -0.0012589685
       -0.0001108067   0.0018611030  -0.0002324289  -0.0002741292   0.0004072437
       -0.0715696530  -0.0656906609  -0.0404806807  -0.0174799408  -0.0261967180
       -0.0099266757   0.0071459063   0.0173172126   0.0090529545  -0.0030227841
       -0.0066721097  -0.0058283565   0.0871081871   0.0801018837   0.0434472989
       -0.0012665996   0.0035784984   0.0048624519   0.0009407709   0.0004399579
       -0.0001244692   0.0006380887   0.0001557178  -0.0004535332   0.0013498794
        0.0001421691  -0.0009610421  -0.0038438549  -0.0031759509   0.0004120523
       -0.0629425191  -0.1838158635  -0.0789896921  -0.0093788776  -0.0101119904
       -0.0028467900  -0.0080034839  -0.0268690240  -0.0136926092   0.0014720702
        0.0032505473   0.0007498293   0.0801018837   0.2154108995   0.0923112744
        0.0008446625   0.0027871838   0.0015606054   0.0004561710   0.0000725690
        0.0002756575   0.0003558525   0.0011338108   0.0000034775  -0.0000995818
       -0.0001473996  -0.0001611307  -0.0028061777  -0.0017107328   0.0007893779
       -0.0378669681  -0.0767170578  -0.0864550595   0.0063276289   0.0111910153
        0.0063470694   0.0004332411   0.0002868132   0.0004591316  -0.0133896006
       -0.0272822242  -0.0193705391   0.0434472989   0.0923112744   0.0991208879
        0.0021793423  -0.0007709047  -0.0022882859   0.0001081844   0.0002751813
        0.0007517509  -0.0005251341   0.0001360540   0.0001601955  -0.0012307570
       -0.0003568140   0.0007680826   0.0005167643   0.0009266625   0.0005067666
       -0.0123678566  -0.0156853402  -0.0047122696  -0.0581858946  -0.0004356622
       -0.0086926214  -0.0012540807  -0.0000684950  -0.0004446215   0.0002336001
       -0.0006110664   0.0004379154  -0.0012665996   0.0008446625   0.0021793423
        0.6518209855   0.0509128457  -0.3662526181  -0.0004890738  -0.0046572938
       -0.0014445947   0.0046553679   0.0173738249   0.0072421750  -0.1753654818
        0.0845363198   0.1895073974  -0.4077809662  -0.1322097952   0.1821798953
       -0.0090397920  -0.0047913188   0.0026963481   0.0002951036  -0.0704614648
       -0.0035769059   0.0023368293   0.0001029268   0.0004580692   0.0002537912
        0.0011603221  -0.0009003710   0.0035784984   0.0027871838  -0.0007709047
        0.0509128457   0.3456647004   0.0959378195   0.0033453224   0.0054766101
        0.0037116898  -0.0052967734  -0.0179896488  -0.0097104738   0.0715165962
       -0.1427089516  -0.1454096265  -0.1179024213  -0.1192403593   0.0575643554
        0.0016621453   0.0079011150   0.0068071042  -0.0076169279  -0.0027241202
       -0.0625595896   0.0021370709  -0.0003395124   0.0008497358   0.0010678999
        0.0026617686  -0.0018974754   0.0048624519   0.0015606054  -0.0022882859
       -0.3662526181   0.0959378195   0.6514679389  -0.0106143460  -0.0188517580
       -0.0166905221   0.0017387439   0.0005206884   0.0016599764   0.1759083385
       -0.1576588498  -0.3978070758   0.1971072417   0.0709922436  -0.1795418065
        0.0013500105  -0.0068965447   0.0270715629  -0.0508248972   0.0114977133
       -0.0375569588   0.0010084820  -0.0002360833   0.0002289379  -0.0044646509
       -0.0021351444   0.0037950727   0.0009407709   0.0004561710   0.0001081844
       -0.0004890738   0.0033453224  -0.0106143460   0.0581028496  -0.0106085526
        0.0389295182  -0.0056641023   0.0077698918  -0.0222845362  -0.0000008467
       -0.0025974265  -0.0012070241   0.0000414578  -0.0005953470   0.0015295890
       -0.0006789097  -0.0023575202   0.0101252513   0.0071094281  -0.0486626773
        0.0445731527   0.0002332649   0.0004569798  -0.0007001378  -0.0020926338
       -0.0000013280   0.0007219806   0.0004399579   0.0000725690   0.0002751813
       -0.0046572938   0.0054766101  -0.0188517580  -0.0106085526   0.0586198249
       -0.0609074944   0.0083439465  -0.0079657069   0.0267010839   0.0003361864
       -0.0055861188  -0.0029168906   0.0015746062  -0.0000526327   0.0009796310
        0.0003362776   0.0044354286  -0.0179428772  -0.0380082617   0.0537766416
       -0.2482703721  -0.0003057270  -0.0002258858   0.0003640295   0.0040410292
        0.0012030568  -0.0015998922  -0.0001244692   0.0002756575   0.0007517509
       -0.0014445947   0.0037116898  -0.0166905221   0.0389295182  -0.0609074944
        0.2863467964  -0.0030888338   0.0035394671  -0.0053369035   0.0000871266
       -0.0052378208  -0.0016454583  -0.0004220652  -0.0005707403   0.0040234487
       -0.0239435989   0.0204350155   0.0015451869  -0.1371255322   0.1078283764
       -0.0064350635  -0.0060296873  -0.0016966920   0.0032910289   0.0008627774
        0.0001684567  -0.0003919624   0.0006380887   0.0003558525  -0.0005251341
        0.0046553679  -0.0052967734   0.0017387439  -0.0056641023   0.0083439465
       -0.0030888338   0.1656066303  -0.1291625124   0.0061594114  -0.0000863649
       -0.0009960959  -0.0012746848   0.0010864213   0.0000204261  -0.0010186926
       -0.0043431514   0.0046294212  -0.0003321048   0.1155468593  -0.1689211734
        0.0146123796  -0.0012621208   0.0007596611   0.0002433856   0.0000098129
        0.0003589133  -0.0003450594   0.0001557178   0.0011338108   0.0001360540
        0.0173738249  -0.0179896488   0.0005206884   0.0077698918  -0.0079657069
        0.0035394671  -0.1291625124   0.1883872780  -0.0130749382  -0.0026865982
       -0.0029852297  -0.0055635242  -0.0034017237   0.0025926743   0.0002636519
        0.0104101477  -0.0099606567   0.0003221136  -0.0035457354   0.0069722440
       -0.0410960952   0.0034468359   0.0002146210  -0.0007072196   0.0003640788
       -0.0005979548   0.0004951905  -0.0004535332   0.0000034775   0.0001601955
        0.0072421750  -0.0097104738   0.0016599764  -0.0222845362   0.0267010839
       -0.0053369035   0.0061594114  -0.0130749382   0.0480220335  -0.0012565497
       -0.0016462300  -0.0031998282  -0.0000822942   0.0010988271  -0.0003194629
       -0.0010582488  -0.0010613491  -0.0004723568   0.0120859179  -0.0030310349
        0.0018810640   0.0022139629  -0.0004749902   0.0004762900  -0.0000375809
        0.0008173645  -0.0012589685   0.0013498794  -0.0000995818  -0.0012307570
       -0.1753654818   0.0715165962   0.1759083385  -0.0000008467   0.0003361864
        0.0000871266  -0.0000863649  -0.0026865982  -0.0012565497   0.1941806748
       -0.0774092317  -0.2410525227  -0.0332819119   0.0120926387   0.0669183357
        0.0014981200  -0.0001237587  -0.0008758568   0.0023948447  -0.0234382877
       -0.0452997406  -0.0009207842   0.0000421604  -0.0001410011   0.0002224891
        0.0002088369  -0.0001108067   0.0001421691  -0.0001473996  -0.0003568140
        0.0845363198  -0.1427089516  -0.1576588498  -0.0025974265  -0.0055861188
       -0.0052378208  -0.0009960959  -0.0029852297  -0.0016462300  -0.0774092317
        0.1519898616   0.2064916313  -0.0068704044   0.0227488872   0.0048354883
        0.0022193376   0.0014837380  -0.0009233298   0.0074395915  -0.0398488173
       -0.0311487253  -0.0012050909   0.0006273559  -0.0002376166  -0.0006948848
       -0.0017364033   0.0018611030  -0.0009610421  -0.0001611307   0.0007680826
        0.1895073974  -0.1454096265  -0.3978070758  -0.0012070241  -0.0029168906
       -0.0016454583  -0.0012746848  -0.0055635242  -0.0031998282  -0.2410525227
        0.2064916313   0.4659377348   0.0472289230  -0.0129663326  -0.0336048863
       -0.0019611872  -0.0068546627  -0.0040596144  -0.0382580264  -0.0378946231
        0.0103606165   0.0007757476   0.0000830833  -0.0000952620   0.0003143300
        0.0004168757  -0.0002324289  -0.0038438549  -0.0028061777   0.0005167643
       -0.4077809662  -0.1179024213   0.1971072417   0.0000414578   0.0015746062
       -0.0004220652   0.0010864213  -0.0034017237  -0.0000822942  -0.0332819119
       -0.0068704044   0.0472289230   0.4829079900   0.1736554477  -0.2503218809
       -0.0040796968  -0.0068279100  -0.0040744588  -0.0458203776  -0.0199525556
        0.0068339865  -0.0001674194   0.0000273858  -0.0001613424   0.0002800745
       -0.0000541610  -0.0002741292  -0.0031759509  -0.0017107328   0.0009266625
       -0.1322097952  -0.1192403593   0.0709922436  -0.0005953470  -0.0000526327
       -0.0005707403   0.0000204261   0.0025926743   0.0010988271   0.0120926387
        0.0227488872  -0.0129663326   0.1736554477   0.1224694040  -0.0618047164
       -0.0014088294  -0.0014799099   0.0007228790   0.0023029208  -0.0004061632
        0.0117510890  -0.0002748656  -0.0001168854  -0.0002680852  -0.0003185247
       -0.0006248297   0.0004072437   0.0004120523   0.0007893779   0.0005067666
        0.1821798953   0.0575643554  -0.1795418065   0.0015295890   0.0009796310
        0.0040234487  -0.0010186926   0.0002636519  -0.0003194629   0.0669183357
        0.0048354883  -0.0336048863  -0.2503218809  -0.0618047164   0.1963228140
