           1           2   1.0233027418586929     
           1           3  0.98842468228679992     
           1           4  0.98828885477577355     
           1           5  0.98683637843986760     
           2           6  0.94011122563660288     
           2           7  0.96853109981431595     
           2           8  0.96682560228776371     
           6           9   1.4945799477775670     
           6          10   1.4724877880371932     
           9          10  0.21252492868540052     
