$hessian                                                                        
        0.4686433725  -0.0134552005   0.0256845746  -0.1678557896  -0.0278082894
        0.0558204418  -0.1397896778   0.1179189101  -0.0083402607  -0.0511369668
        0.0097940486  -0.0447843956  -0.0733264107  -0.0701762074  -0.0424033230
       -0.0134005304  -0.0089310755   0.0024170459   0.0015541205  -0.0004334743
        0.0004775407  -0.0224402939  -0.0040891431   0.0102580898  -0.0003667673
        0.0011954929   0.0018314770  -0.0018810565  -0.0040150614  -0.0009611906
       -0.0134552005   0.5173332299   0.0135265754  -0.0300434568  -0.0742199022
        0.0177824389   0.1175246404  -0.1841401996   0.0079732855   0.0104196473
       -0.0535475523   0.0451091396  -0.0708418107  -0.1958277888  -0.0875178842
       -0.0160904533  -0.0064607609   0.0066656380  -0.0066011316  -0.0019488349
        0.0044599428   0.0191966216   0.0050347642  -0.0094734726  -0.0024560375
        0.0002285638   0.0024701198  -0.0076528189  -0.0064515190  -0.0009957833
        0.0256845746   0.0135265754   0.5066051747   0.0538042412   0.0162332590
       -0.0967042989  -0.0080780248   0.0084328996  -0.0448591262  -0.0448167124
        0.0447358683  -0.2641347497  -0.0430488036  -0.0880826886  -0.0919106189
       -0.0042788625   0.0012910667   0.0046310593   0.0259123614   0.0093520909
       -0.0165386310   0.0013183756  -0.0002531900   0.0004445369  -0.0019656701
       -0.0008651790   0.0010148220  -0.0045314795  -0.0043707025   0.0014518318
       -0.1678557896  -0.0300434568   0.0538042412   0.4886943498  -0.0257541197
       -0.0256648531  -0.0234525151  -0.0023069973   0.0106858702   0.0026866871
        0.0000577205   0.0025158453  -0.0154339955  -0.0074560767   0.0061809631
       -0.0724954278  -0.0142238435  -0.0144141659  -0.0488160892   0.0069851522
       -0.0369630437  -0.1407680220   0.1161275753  -0.0048502945   0.0118144650
        0.0024223170   0.0090261760  -0.0343736627  -0.0458082710  -0.0003207387
       -0.0278082894  -0.0742199022   0.0162332590  -0.0257541197   0.4378083834
       -0.0297717079   0.0190602459   0.0062471787  -0.0098400376  -0.0063602244
       -0.0019815277   0.0055910282  -0.0245586593  -0.0091936711   0.0109123729
       -0.0147568306  -0.1014894813  -0.0156401006   0.0098405881  -0.0494470129
        0.0543829524   0.1106987053  -0.1679688753   0.0075892907  -0.0061590845
       -0.0212726349  -0.0359858076  -0.0342023314  -0.0184824566  -0.0034712496
        0.0558204418   0.0177824389  -0.0967042989  -0.0256648531  -0.0297717079
        0.4883753991   0.0011559423  -0.0011170549   0.0003508844   0.0263489030
        0.0092301642  -0.0176081278  -0.0104726723  -0.0033625221   0.0060305246
       -0.0153035214  -0.0164879840  -0.0754192157  -0.0364259630   0.0478816768
       -0.2508629314  -0.0071428190   0.0130727909  -0.0396204770   0.0001945988
       -0.0443475509  -0.0266574262   0.0114899429   0.0071197490   0.0121156689
       -0.1397896778   0.1175246404  -0.0080780248  -0.0234525151   0.0190602459
        0.0011559423   0.1664236139  -0.1374562619   0.0066308894  -0.0057825687
        0.0081830192  -0.0032282120   0.0069517473  -0.0074293079   0.0003749563
       -0.0007572866   0.0012487287   0.0009284262   0.0007935430   0.0002916424
       -0.0003312636  -0.0061244451  -0.0011729906   0.0032298039   0.0012056061
       -0.0003443253  -0.0005507518   0.0005319830   0.0000946090  -0.0001317658
        0.1179189101  -0.1841401996   0.0084328996  -0.0023069973   0.0062471787
       -0.0011170549  -0.1374562619   0.2103056568  -0.0107856811   0.0067038704
       -0.0078499488   0.0030360420   0.0170680439  -0.0258055149   0.0002088965
       -0.0004417210   0.0002108788  -0.0002070553  -0.0001467682   0.0003597081
       -0.0002502643  -0.0015573888   0.0006066377   0.0002087085  -0.0001606424
       -0.0000039508   0.0006249951   0.0003789550   0.0000695539  -0.0001514861
       -0.0083402607   0.0079732855  -0.0448591262   0.0106858702  -0.0098400376
        0.0003508844   0.0066308894  -0.0107856811   0.0494768754  -0.0216549275
        0.0262626548  -0.0052237820   0.0091346809  -0.0134745163   0.0004380400
       -0.0006361924   0.0005381553   0.0010988452   0.0003105259  -0.0006355495
        0.0002572539   0.0032946250   0.0003059643  -0.0006928207   0.0005454074
       -0.0001754425  -0.0004634083   0.0000293817  -0.0001688330  -0.0003827618
       -0.0511369668   0.0104196473  -0.0448167124   0.0026866871  -0.0063602244
        0.0263489030  -0.0057825687   0.0067038704  -0.0216549275   0.0602042948
       -0.0106332080   0.0485414140  -0.0027343052   0.0016675924  -0.0128566570
        0.0003958995  -0.0003264125   0.0003246082  -0.0044141036  -0.0021901352
        0.0039396439   0.0007977863  -0.0000635377   0.0003991203  -0.0003132400
        0.0003939428  -0.0000664274   0.0002965166   0.0003884650  -0.0001589651
        0.0097940486  -0.0535475523   0.0447358683   0.0000577205  -0.0019815277
        0.0092301642   0.0081830192  -0.0078499488   0.0262626548  -0.0106332080
        0.0587009728  -0.0549325060  -0.0061589561   0.0036888629  -0.0262746256
       -0.0005582898   0.0005918646   0.0018933196  -0.0020035397  -0.0000525938
        0.0012042205   0.0002511673   0.0002916213  -0.0005780590   0.0005875298
        0.0001287728  -0.0010565240   0.0004805082   0.0000295283  -0.0004845128
       -0.0447843956   0.0451091396  -0.2641347497   0.0025158453   0.0055910282
       -0.0176081278  -0.0032282120   0.0030360420  -0.0052237820   0.0485414140
       -0.0549325060   0.3074577868  -0.0056733302   0.0011220057  -0.0192749123
        0.0000395539  -0.0004342475  -0.0005903973   0.0037105676   0.0009267965
       -0.0017627316  -0.0003411388  -0.0002724777   0.0003019970  -0.0007435504
        0.0000045845   0.0008358527  -0.0000367539  -0.0001503654  -0.0000009357
       -0.0733264107  -0.0708418107  -0.0430488036  -0.0154339955  -0.0245586593
       -0.0104726723   0.0069517473   0.0170680439   0.0091346809  -0.0027343052
       -0.0061589561  -0.0056733302   0.0882368095   0.0850730405   0.0469812378
       -0.0020081392   0.0020054600   0.0039663994   0.0006703073   0.0001485111
       -0.0002547720   0.0003027202  -0.0001463519  -0.0004946885   0.0007327424
        0.0002197412  -0.0004327767  -0.0033914761  -0.0028090187   0.0002947251
       -0.0701762074  -0.1958277888  -0.0880826886  -0.0074560767  -0.0091936711
       -0.0033625221  -0.0074293079  -0.0258055149  -0.0134745163   0.0016675924
        0.0036888629   0.0011220057   0.0850730405   0.2263698834   0.1020590753
       -0.0000277107   0.0018475827   0.0012644240   0.0002544711  -0.0001518212
        0.0000394626   0.0003689291   0.0006601666  -0.0001225725  -0.0001509025
       -0.0001667150   0.0000112118  -0.0021238277  -0.0014209846   0.0005461201
       -0.0424033230  -0.0875178842  -0.0919106189   0.0061809631   0.0109123729
        0.0060305246   0.0003749563   0.0002088965   0.0004380400  -0.0128566570
       -0.0262746256  -0.0192749123   0.0469812378   0.1020590753   0.1051899409
        0.0019934155  -0.0004454570  -0.0016348904   0.0002014295   0.0003384523
        0.0004725609  -0.0003656572   0.0000549177   0.0001111552  -0.0008364212
       -0.0003095486   0.0003206777   0.0007300561   0.0009738006   0.0002575223
       -0.0134005304  -0.0160904533  -0.0042788625  -0.0724954278  -0.0147568306
       -0.0153035214  -0.0007572866  -0.0004417210  -0.0006361924   0.0003958995
       -0.0005582898   0.0000395539  -0.0020081392  -0.0000277107   0.0019934155
        0.5895939309   0.0726836599  -0.2849648049  -0.0003958087  -0.0057947743
       -0.0033985040   0.0061032068   0.0177439220   0.0070386400  -0.1434593023
        0.0698066717   0.1464718022  -0.3635765422  -0.1225644739   0.1530384736
       -0.0089310755  -0.0064607609   0.0012910667  -0.0142238435  -0.1014894813
       -0.0164879840   0.0012487287   0.0002108788   0.0005381553  -0.0003264125
        0.0005918646  -0.0004342475   0.0020054600   0.0018475827  -0.0004454570
        0.0726836599   0.3845455389   0.1179487047   0.0034440159   0.0050735121
        0.0029943017  -0.0061130898  -0.0206664348  -0.0114602789   0.0719382913
       -0.1457813238  -0.1517828173  -0.1217257343  -0.1178713764   0.0578385562
        0.0024170459   0.0066656380   0.0046310593  -0.0144141659  -0.0156401006
       -0.0754192157   0.0009284262  -0.0002070553   0.0010988452   0.0003246082
        0.0018933196  -0.0005903973   0.0039663994   0.0012644240  -0.0016348904
       -0.2849648049   0.1179487047   0.5918366770  -0.0119884813  -0.0214194319
       -0.0172999020   0.0011310860   0.0007446980   0.0019691383   0.1487626152
       -0.1498193555  -0.3576866539   0.1538372713   0.0585691590  -0.1469046606
        0.0015541205  -0.0066011316   0.0259123614  -0.0488160892   0.0098405881
       -0.0364259630   0.0007935430  -0.0001467682   0.0003105259  -0.0044141036
       -0.0020035397   0.0037105676   0.0006703073   0.0002544711   0.0002014295
       -0.0003958087   0.0034440159  -0.0119884813   0.0566262995  -0.0093542621
        0.0393117943  -0.0054320375   0.0076780754  -0.0217798271  -0.0003137139
       -0.0023798799  -0.0008697020  -0.0002725174  -0.0007315690   0.0016172946
       -0.0004334743  -0.0019488349   0.0093520909   0.0069851522  -0.0494470129
        0.0478816768   0.0002916424   0.0003597081  -0.0006355495  -0.0021901352
       -0.0000525938   0.0009267965   0.0001485111  -0.0001518212   0.0003384523
       -0.0057947743   0.0050735121  -0.0214194319  -0.0093542621   0.0599146693
       -0.0607963574   0.0082802607  -0.0077659947   0.0260014395   0.0002782379
       -0.0056469441  -0.0024882710   0.0017888417  -0.0003346879   0.0008391537
        0.0004775407   0.0044599428  -0.0165386310  -0.0369630437   0.0543829524
       -0.2508629314  -0.0003312636  -0.0002502643   0.0002572539   0.0039396439
        0.0012042205  -0.0017627316  -0.0002547720   0.0000394626   0.0004725609
       -0.0033985040   0.0029943017  -0.0172999020   0.0393117943  -0.0607963574
        0.2909250451  -0.0031997122   0.0035634231  -0.0053433619   0.0002773103
       -0.0051992994  -0.0023982427   0.0001410061  -0.0003983821   0.0025509406
       -0.0224402939   0.0191966216   0.0013183756  -0.1407680220   0.1106987053
       -0.0071428190  -0.0061244451  -0.0015573888   0.0032946250   0.0007977863
        0.0002511673  -0.0003411388   0.0003027202   0.0003689291  -0.0003656572
        0.0061032068  -0.0061130898   0.0011310860  -0.0054320375   0.0082802607
       -0.0031997122   0.1680458281  -0.1309007551   0.0069582788  -0.0007402119
       -0.0005577242  -0.0008367993   0.0002554690   0.0003332740  -0.0008162390
       -0.0040891431   0.0050347642  -0.0002531900   0.1161275753  -0.1679688753
        0.0130727909  -0.0011729906   0.0006066377   0.0003059643  -0.0000635377
        0.0002916213  -0.0002724777  -0.0001463519   0.0006601666   0.0000549177
        0.0177439220  -0.0206664348   0.0007446980   0.0076780754  -0.0077659947
        0.0035634231  -0.1309007551   0.1910561638  -0.0115384247  -0.0024916396
       -0.0032578006  -0.0054811822  -0.0026851549   0.0020097519  -0.0001965193
        0.0102580898  -0.0094734726   0.0004445369  -0.0048502945   0.0075892907
       -0.0396204770   0.0032298039   0.0002087085  -0.0006928207   0.0003991203
       -0.0005780590   0.0003019970  -0.0004946885  -0.0001225725   0.0001111552
        0.0070386400  -0.0114602789   0.0019691383  -0.0217798271   0.0260014395
       -0.0053433619   0.0069582788  -0.0115384247   0.0471786605  -0.0012062043
       -0.0016633355  -0.0035358448   0.0004470816   0.0010367046  -0.0008129835
       -0.0003667673  -0.0024560375  -0.0019656701   0.0118144650  -0.0061590845
        0.0001945988   0.0012056061  -0.0001606424   0.0005454074  -0.0003132400
        0.0005875298  -0.0007435504   0.0007327424  -0.0001509025  -0.0008364212
       -0.1434593023   0.0719382913   0.1487626152  -0.0003137139   0.0002782379
        0.0002773103  -0.0007402119  -0.0024916396  -0.0012062043   0.1746624229
       -0.0711120047  -0.2161794627  -0.0432220011   0.0097262522   0.0711513769
        0.0011954929   0.0002285638  -0.0008651790   0.0024223170  -0.0212726349
       -0.0443475509  -0.0003443253  -0.0000039508  -0.0001754425   0.0003939428
        0.0001287728   0.0000045845   0.0002197412  -0.0001667150  -0.0003095486
        0.0698066717  -0.1457813238  -0.1498193555  -0.0023798799  -0.0056469441
       -0.0051992994  -0.0005577242  -0.0032578006  -0.0016633355  -0.0711120047
        0.1530030010   0.2020475361   0.0003557684   0.0227690317   0.0003275908
        0.0018314770   0.0024701198   0.0010148220   0.0090261760  -0.0359858076
       -0.0266574262  -0.0005507518   0.0006249951  -0.0004634083  -0.0000664274
       -0.0010565240   0.0008358527  -0.0004327767   0.0000112118   0.0003206777
        0.1464718022  -0.1517828173  -0.3576866539  -0.0008697020  -0.0024882710
       -0.0023982427  -0.0008367993  -0.0054811822  -0.0035358448  -0.2161794627
        0.2020475361   0.4324652947   0.0616064645  -0.0083592607  -0.0438950715
       -0.0018810565  -0.0076528189  -0.0045314795  -0.0343736627  -0.0342023314
        0.0114899429   0.0005319830   0.0003789550   0.0000293817   0.0002965166
        0.0004805082  -0.0000367539  -0.0033914761  -0.0021238277   0.0007300561
       -0.3635765422  -0.1217257343   0.1538372713  -0.0002725174   0.0017888417
        0.0001410061   0.0002554690  -0.0026851549   0.0004470816  -0.0432220011
        0.0003557684   0.0616064645   0.4456332874   0.1653857939  -0.2237129709
       -0.0040150614  -0.0064515190  -0.0043707025  -0.0458082710  -0.0184824566
        0.0071197490   0.0000946090   0.0000695539  -0.0001688330   0.0003884650
        0.0000295283  -0.0001503654  -0.0028090187  -0.0014209846   0.0009738006
       -0.1225644739  -0.1178713764   0.0585691590  -0.0007315690  -0.0003346879
       -0.0003983821   0.0003332740   0.0020097519   0.0010367046   0.0097262522
        0.0227690317  -0.0083592607   0.1653857939   0.1196831586  -0.0542518696
       -0.0009611906  -0.0009957833   0.0014518318  -0.0003207387  -0.0034712496
        0.0121156689  -0.0001317658  -0.0001514861  -0.0003827618  -0.0001589651
       -0.0004845128  -0.0000009357   0.0002947251   0.0005461201   0.0002575223
        0.1530384736   0.0578385562  -0.1469046606   0.0016172946   0.0008391537
        0.0025509406  -0.0008162390  -0.0001965193  -0.0008129835   0.0711513769
        0.0003275908  -0.0438950715  -0.2237129709  -0.0542518696   0.1756204494
