$hessian                                                                        
        0.3332493572   0.1366740017  -0.2088009078  -0.0624416749  -0.0592205194
       -0.0072341889  -0.1103991316  -0.0594675363   0.0402120384  -0.1184546172
        0.0323208019   0.1264932682  -0.0001323703  -0.0168515340  -0.0104252290
        0.0001120620   0.0133274677   0.0090219422  -0.0045774472   0.0107527436
        0.0059513926   0.0023890310  -0.0048583341   0.0040219522  -0.0265016240
       -0.0190140191   0.0248552699   0.0004577506  -0.0012625324  -0.0008537778
        0.0019602351  -0.0008982335  -0.0023676876  -0.0101914418  -0.0078592679
        0.0097832947  -0.0178199338  -0.0198171213   0.0068706907   0.0095436437
        0.0005889916  -0.0017887407   0.0028061611  -0.0044149085   0.0042606829
        0.1366740017   0.5753765793   0.1140657754  -0.0211967543  -0.2705489434
       -0.1238213346  -0.0627527511  -0.1275991669   0.0373595089  -0.0053952879
       -0.0883583912  -0.0229108506  -0.0425128116  -0.0521201197   0.0240838001
        0.0001142384  -0.0077456737  -0.0055275048   0.0102199675  -0.0222052611
       -0.0252071417  -0.0041505497  -0.0001219602   0.0006743670   0.0075744839
        0.0319590367   0.0103510788  -0.0009927268   0.0030072884   0.0029985043
        0.0126889031  -0.0111050386  -0.0253509913   0.0047951987   0.0069178001
       -0.0024689609  -0.0140192818  -0.0109474918   0.0010431265  -0.0158930227
       -0.0259051751   0.0132798916  -0.0051536074  -0.0006034829   0.0014307313
       -0.2088009078   0.1140657754   0.4820689100   0.0180353401  -0.0710996947
       -0.1113206746   0.0381885688   0.0329772311  -0.0839084648   0.1015535233
       -0.0750747972  -0.2329964399  -0.0275135069  -0.0114812746   0.0308492374
        0.0003086741  -0.0237624915  -0.0158757853   0.0056297265  -0.0258871634
       -0.0304554531   0.0044722636   0.0016063199   0.0024702883   0.0424441450
        0.0470650780  -0.0270236336  -0.0006992481   0.0033510444   0.0036862730
        0.0066108119  -0.0065499712  -0.0128612669   0.0179338203   0.0147716487
       -0.0143664351  -0.0068645089  -0.0097388680   0.0095545630   0.0049139340
        0.0093407772  -0.0028795232   0.0037873641   0.0004163860   0.0030584049
       -0.0624416749  -0.0211967543   0.0180353401   0.3461018149   0.1686860052
       -0.2189482524  -0.0058554272  -0.0183099960  -0.0055813653   0.0120401761
        0.0129315886  -0.0087089585  -0.1644760038  -0.1481009930   0.0805316657
       -0.0917156949   0.0219216488   0.0960066411  -0.0240148885   0.0080870957
        0.0311936493  -0.0041500071  -0.0035157220   0.0010858061  -0.0089546568
       -0.0139419257   0.0007385675   0.0033300644  -0.0018353388   0.0022325683
        0.0022565450  -0.0004366783   0.0054911535   0.0004378214  -0.0009767028
       -0.0012756631  -0.0021977389  -0.0026827967   0.0005593212  -0.0006212642
        0.0001816894  -0.0006510009   0.0002609345  -0.0008111201  -0.0007094727
       -0.0592205194  -0.2705489434  -0.0710996947   0.1686860052   0.5986554858
        0.0919383501  -0.0080803246  -0.0255324619  -0.0049820454   0.0389637020
       -0.0095873622  -0.0599548382  -0.1134721638  -0.2090940891   0.0421888433
        0.0226472207  -0.0571802667  -0.0473632828  -0.0141378136   0.0360886641
        0.0469398425  -0.0179153548  -0.0245997188   0.0095324058  -0.0204078621
       -0.0365683998   0.0051936063   0.0021357888  -0.0021953627  -0.0081733734
       -0.0010892190   0.0012365884  -0.0020458620   0.0017720484   0.0011337951
       -0.0017843764   0.0015004228  -0.0002241231   0.0002509561  -0.0009905936
       -0.0005669426  -0.0004102893  -0.0003913371  -0.0010168631  -0.0002302418
       -0.0072341889  -0.1238213346  -0.1113206746  -0.2189482524   0.0919383501
        0.4712844247   0.0011916714   0.0091902587   0.0033425331   0.0085555240
       -0.0239527526  -0.0281708437   0.1034567466   0.0901157076  -0.1191128602
        0.0964523975  -0.0464621225  -0.1970583945   0.0165458830   0.0162830279
       -0.0174467985  -0.0084377005  -0.0103263832   0.0031503552  -0.0035693676
       -0.0037713434   0.0006523638   0.0048044885  -0.0027851375  -0.0026929759
        0.0050934091  -0.0028512266  -0.0024954247   0.0006119613   0.0020868091
        0.0005879078   0.0005325458   0.0009444228  -0.0003150883   0.0013691708
        0.0030585883  -0.0013855355  -0.0004242886   0.0003531361   0.0009810113
       -0.1103991316  -0.0627527511   0.0381885688  -0.0058554272  -0.0080803246
        0.0011916714   0.4631333108  -0.0183277322  -0.0035000096  -0.0158620089
       -0.0105503893   0.0111985347   0.0036960332  -0.0017922101   0.0010626204
       -0.0006072416   0.0020571028  -0.0006132470  -0.0004116263  -0.0008248166
        0.0003094185   0.0004324008  -0.0003640536   0.0006528265   0.0024501335
        0.0011989008   0.0038823674  -0.0002595229   0.0007372053  -0.0007492200
       -0.0006681421  -0.0001112007  -0.0016771785  -0.0846678738   0.0376475260
        0.0781888390  -0.1522107029  -0.0362383817  -0.1001365877  -0.0988774211
        0.0982662979  -0.0287966409   0.0001072201  -0.0008651730   0.0007980369
       -0.0594675363  -0.1275991669   0.0329772311  -0.0183099960  -0.0255324619
        0.0091902587  -0.0183277322   0.4689733414   0.0254632046  -0.0002078088
        0.0017147327   0.0031998559  -0.0008011358  -0.0025706701  -0.0041294445
       -0.0001239926   0.0005047282   0.0018413206  -0.0004899462  -0.0010564733
       -0.0001692155  -0.0011822655  -0.0009291644   0.0003324843   0.0000439950
        0.0020505505  -0.0018181831   0.0006229844   0.0004353718   0.0001971302
        0.0013530168   0.0004041431  -0.0003538410   0.0386353999  -0.0765250247
       -0.0730020927  -0.0337832308  -0.0527635940  -0.0350077698   0.0920355168
       -0.1873119553   0.0418706514   0.0000027314   0.0002056429  -0.0005915902
        0.0402120384   0.0373595089  -0.0839084648  -0.0055813653  -0.0049820454
        0.0033425331  -0.0035000096   0.0254632046   0.4907875108   0.0180307224
        0.0175282957  -0.0161098786   0.0017258627  -0.0027648129   0.0011256285
       -0.0020669769  -0.0011527751   0.0000429866   0.0005536548   0.0003186223
       -0.0003358368   0.0000899666  -0.0008135694   0.0003805811   0.0031146232
       -0.0034089629  -0.0018890397  -0.0008406148   0.0000154515   0.0000243804
       -0.0007265427   0.0016355071   0.0002343617   0.0788541530  -0.0716683425
       -0.1989768744  -0.1050899533  -0.0388706395  -0.1379443227  -0.0261494744
        0.0407396506  -0.0563766676   0.0013739161   0.0006009071  -0.0003968975
       -0.1184546172  -0.0053952879   0.1015535233   0.0120401761   0.0389637020
        0.0085555240  -0.0158620089  -0.0002078088   0.0180307224   0.3566998001
        0.1629513539  -0.2365316667  -0.0195852494  -0.0103322690   0.0179538010
        0.0039685434  -0.0026141175   0.0018277308  -0.0003439885  -0.0359771205
       -0.0304431484  -0.0004428743   0.0002171273   0.0008206405  -0.1666267572
       -0.1146765827   0.1062074111   0.0031906943   0.0019407184   0.0047019196
       -0.0417533811  -0.0255147691  -0.0051739423  -0.0023222854  -0.0027530545
        0.0026117059   0.0018142049   0.0012116895   0.0012067272   0.0004289746
        0.0020841017  -0.0001877307  -0.0127512315  -0.0098976827   0.0088667822
        0.0323208019  -0.0883583912  -0.0750747972   0.0129315886  -0.0095873622
       -0.0239527526  -0.0105503893   0.0017147327   0.0175282957   0.1629513539
        0.5713728451   0.0814202041  -0.0037156822  -0.0019100446   0.0049855814
       -0.0019742387  -0.0041140902  -0.0043278196  -0.0139413726  -0.0390035183
       -0.0032125346  -0.0001751176   0.0010292937   0.0008989261  -0.1491984028
       -0.2085264625   0.0918323614  -0.0018910090  -0.0025258150  -0.0027774238
       -0.0263214404  -0.2213741138  -0.0884050773  -0.0034811412  -0.0026706600
        0.0024988614  -0.0005895240   0.0005088594   0.0008197191  -0.0008018381
        0.0005239754   0.0008421038   0.0044364117   0.0029207516  -0.0030756477
        0.1264932682  -0.0229108506  -0.2329964399  -0.0087089585  -0.0599548382
       -0.0281708437   0.0111985347   0.0031998559  -0.0161098786  -0.2365316667
        0.0814202041   0.4895058038   0.0223342341   0.0141347127  -0.0232042322
        0.0022250022  -0.0034285088   0.0011233089  -0.0157328409   0.0273663988
        0.0349454078   0.0005811929   0.0003381255  -0.0004801787   0.0832980044
        0.0439918265  -0.1213821218   0.0021051554  -0.0081110528  -0.0027078977
       -0.0056073481  -0.0894500559  -0.0846408489   0.0020589764   0.0014540794
       -0.0010454324  -0.0021570333  -0.0018771673  -0.0000874014   0.0001404827
       -0.0029005931   0.0012262236   0.0183029965   0.0167278639  -0.0159754688
       -0.0001323703  -0.0425128116  -0.0275135069  -0.1644760038  -0.1134721638
        0.1034567466   0.0036960332  -0.0008011358   0.0017258627  -0.0195852494
       -0.0037156822   0.0223342341   0.3422892622   0.1897868825  -0.2200540531
       -0.0118812945  -0.0108735100   0.0115941094  -0.1024654637  -0.0071182278
        0.0634164864  -0.0389001246  -0.0277350501  -0.0036611289   0.0131238076
        0.0323717801   0.0018265599  -0.0249092371  -0.0121530410   0.0433100283
        0.0000919265   0.0002984964   0.0003570728  -0.0000610405   0.0001095951
        0.0001662457  -0.0002554350   0.0000088045   0.0001089302  -0.0008638209
       -0.0017951149   0.0008238783   0.0043290102  -0.0023988215   0.0021085344
       -0.0168515340  -0.0521201197  -0.0114812746  -0.1481009930  -0.2090940891
        0.0901157076  -0.0017922101  -0.0025706701  -0.0027648129  -0.0103322690
       -0.0019100446   0.0141347127   0.1897868825   0.5861153753   0.0641938266
        0.0026927586   0.0040552429  -0.0021879775   0.0257753994  -0.0909810624
       -0.0606263735  -0.0278076249  -0.2313799633  -0.0961493246   0.0165823944
       -0.0015122244  -0.0233033412  -0.0261679593   0.0042318651   0.0309511478
       -0.0001701311   0.0010160007   0.0008020091   0.0001921240   0.0000825883
       -0.0001519102  -0.0010679046  -0.0011989008   0.0006205871  -0.0006113651
       -0.0004593866   0.0003423262  -0.0021275677  -0.0042746113  -0.0044953026
       -0.0104252290   0.0240838001   0.0308492374   0.0805316657   0.0421888433
       -0.1191128602   0.0010626204  -0.0041294445   0.0011256285   0.0179538010
        0.0049855814  -0.0232042322  -0.2200540531   0.0641938266   0.4401518236
        0.0206151763   0.0166147457  -0.0158116555   0.0851059391  -0.0151875148
       -0.1814330358  -0.0037146762  -0.0962539211  -0.0869685088  -0.0086014030
       -0.0451189833  -0.0189956866   0.0340747953   0.0115962135  -0.0273008593
        0.0000200865   0.0001342553   0.0002250054   0.0001936355  -0.0000866833
       -0.0003630829   0.0011775008   0.0009385219  -0.0000488941  -0.0002079734
        0.0001714279  -0.0002079534   0.0022681141  -0.0041306687   0.0010950738
        0.0001120620   0.0001142384   0.0003086741  -0.0917156949   0.0226472207
        0.0964523975  -0.0006072416  -0.0001239926  -0.0020669769   0.0039685434
       -0.0019742387   0.0022250022  -0.0118812945   0.0026927586   0.0206151763
        0.0993620824  -0.0198914917  -0.1183437767   0.0050141646  -0.0052648275
        0.0023066122  -0.0015980132   0.0013976356  -0.0020322740   0.0004197603
       -0.0000144548  -0.0003125590  -0.0023989353  -0.0004487202   0.0016181600
        0.0001335183   0.0002219146   0.0001898920   0.0002442639  -0.0000346241
       -0.0003510356  -0.0001350988  -0.0001763955   0.0000049699   0.0001045954
        0.0003080947  -0.0000499432  -0.0010227120   0.0005468826  -0.0005643187
        0.0133274677  -0.0077456737  -0.0237624915   0.0219216488  -0.0571802667
       -0.0464621225   0.0020571028   0.0005047282  -0.0011527751  -0.0026141175
       -0.0041140902  -0.0034285088  -0.0108735100   0.0040552429   0.0166147457
       -0.0198914917   0.0661801813   0.0558716184  -0.0043093600  -0.0014058524
       -0.0010505501   0.0008129847   0.0006951126   0.0018116286  -0.0004774120
        0.0000127904   0.0005342660  -0.0004357207   0.0001339200   0.0013570441
        0.0007327647  -0.0007662616  -0.0016200004  -0.0008212784  -0.0005866251
        0.0007281844   0.0001748542   0.0002828821   0.0001362871  -0.0000661033
        0.0001041104   0.0000563372   0.0004621706  -0.0001701983   0.0003663370
        0.0090219422  -0.0055275048  -0.0158757853   0.0960066411  -0.0473632828
       -0.1970583945  -0.0006132470   0.0018413206   0.0000429866   0.0018277308
       -0.0043278196   0.0011233089   0.0115941094  -0.0021879775  -0.0158116555
       -0.1183437767   0.0558716184   0.2241584832   0.0030149796   0.0003642320
        0.0052542111  -0.0024173985   0.0009927981   0.0002887075  -0.0006156829
       -0.0001314140   0.0009833336   0.0015677839   0.0013133346  -0.0023142052
        0.0005244852  -0.0009197911  -0.0011725860  -0.0008970998  -0.0003326269
        0.0009756135  -0.0000826043  -0.0001025719   0.0000716828   0.0000381934
        0.0002629694  -0.0000007611  -0.0006260565   0.0002467156  -0.0006649396
       -0.0045774472   0.0102199675   0.0056297265  -0.0240148885  -0.0141378136
        0.0165458830  -0.0004116263  -0.0004899462   0.0005536548  -0.0003439885
       -0.0139413726  -0.0157328409  -0.1024654637   0.0257753994   0.0851059391
        0.0050141646  -0.0043093600   0.0030149796   0.4135781013   0.2099366694
       -0.2187685539   0.0032946552  -0.0034653176  -0.0040796744  -0.0689736280
       -0.0383208579  -0.0041280347  -0.2273123160  -0.1838064614   0.1165208788
        0.0035583234  -0.0040581405   0.0053030009   0.0003358884   0.0000001931
       -0.0004713404   0.0010389001   0.0006811341   0.0001543822   0.0002238022
        0.0011937159  -0.0007721356   0.0010555229   0.0147221904   0.0111241350
        0.0107527436  -0.0222052611  -0.0258871634   0.0080870957   0.0360886641
        0.0162830279  -0.0008248166  -0.0010564733   0.0003186223  -0.0359771205
       -0.0390035183   0.0273663988  -0.0071182278  -0.0909810624  -0.0151875148
       -0.0052648275  -0.0014058524   0.0003642320   0.2099366694   0.5912704815
       -0.0018937064   0.0126591931  -0.0114710569  -0.0265405990  -0.0054324722
       -0.1981928804  -0.0880254139  -0.1837563884  -0.2641442760   0.1159619104
       -0.0030386401   0.0032904189   0.0000884266   0.0003850274   0.0001837992
       -0.0005073247   0.0011930588   0.0006569701   0.0003142657  -0.0001115813
        0.0013556254  -0.0004068466  -0.0014897137  -0.0043855784  -0.0022483149
        0.0059513926  -0.0252071417  -0.0304554531   0.0311936493   0.0469398425
       -0.0174467985   0.0003094185  -0.0001692155  -0.0003358368  -0.0304431484
       -0.0032125346   0.0349454078   0.0634164864  -0.0606263735  -0.1814330358
        0.0023066122  -0.0010505501   0.0052542111  -0.2187685539  -0.0018937064
        0.4569771770   0.0066343646  -0.0041632497  -0.0099266758   0.0176478958
       -0.0425032453  -0.1062175884   0.1165801411   0.1160474277  -0.1397071713
        0.0060663720   0.0015849673   0.0020980010  -0.0001744998   0.0000934370
        0.0003337398  -0.0008928457  -0.0004359928   0.0002586115  -0.0002440832
       -0.0007619996   0.0004587574   0.0004167985  -0.0246416652  -0.0148033460
        0.0023890310  -0.0041505497   0.0044722636  -0.0041500071  -0.0179153548
       -0.0084377005   0.0004324008  -0.0011822655   0.0000899666  -0.0004428743
       -0.0001751176   0.0005811929  -0.0389001246  -0.0278076249  -0.0037146762
       -0.0015980132   0.0008129847  -0.0024173985   0.0032946552   0.0126591931
        0.0066343646   0.0382729367   0.0364618972   0.0005843724   0.0027088083
       -0.0008420627   0.0055148388  -0.0002328549   0.0005571419  -0.0025660585
       -0.0009421654   0.0004854667  -0.0007221876   0.0000696079   0.0000539135
       -0.0001074235   0.0001509150   0.0000771809  -0.0000014893  -0.0001924511
       -0.0003314849   0.0001926858  -0.0008598643   0.0012966820  -0.0001027504
       -0.0048583341  -0.0001219602   0.0016063199  -0.0035157220  -0.0245997188
       -0.0103263832  -0.0003640536  -0.0009291644  -0.0008135694   0.0002171273
        0.0010292937   0.0003381255  -0.0277350501  -0.2313799633  -0.0962539211
        0.0013976356   0.0006951126   0.0009927981  -0.0034653176  -0.0114710569
       -0.0041632497   0.0364618972   0.2640246872   0.1104720757  -0.0005377178
        0.0011878166  -0.0031643507   0.0018360879   0.0032462388   0.0011725304
        0.0004135459  -0.0003744197   0.0003084822   0.0000102058   0.0000682541
        0.0000453936  -0.0003004175  -0.0002707906   0.0000517721  -0.0000385121
       -0.0001130370   0.0000254506   0.0004786250  -0.0009912921  -0.0002914739
        0.0040219522   0.0006743670   0.0024702883   0.0010858061   0.0095324058
        0.0031503552   0.0006528265   0.0003324843   0.0003805811   0.0008206405
        0.0008989261  -0.0004801787  -0.0036611289  -0.0961493246  -0.0869685088
       -0.0020322740   0.0018116286   0.0002887075  -0.0040796744  -0.0265405990
       -0.0099266758   0.0005843724   0.1104720757   0.0936981397   0.0057093402
       -0.0027503865  -0.0026397037  -0.0016827831   0.0029850524   0.0019642207
       -0.0007709538   0.0002026382  -0.0005000743  -0.0001428730  -0.0000015788
        0.0001568977   0.0001558659   0.0001420980  -0.0000939866  -0.0000213881
       -0.0001889229   0.0001040302  -0.0006397286  -0.0014208645  -0.0016040926
       -0.0265016240   0.0075744839   0.0424441450  -0.0089546568  -0.0204078621
       -0.0035693676   0.0024501335   0.0000439950   0.0031146232  -0.1666267572
       -0.1491984028   0.0832980044   0.0131238076   0.0165823944  -0.0086014030
        0.0004197603  -0.0004774120  -0.0006156829  -0.0689736280  -0.0054324722
        0.0176478958   0.0027088083  -0.0005377178   0.0057093402   0.3546386278
        0.1803254471  -0.2427232010  -0.0064139649  -0.0434267825  -0.0029576101
       -0.0024329706  -0.0061133893   0.0018578071  -0.0001991786  -0.0005182976
        0.0001242077  -0.0000812068   0.0000496683  -0.0002982394  -0.0002592695
       -0.0012915092   0.0004268950  -0.0928978811   0.0228278569   0.1041425856
       -0.0190140191   0.0319590367   0.0470650780  -0.0139419257  -0.0365683998
       -0.0037713434   0.0011989008   0.0020505505  -0.0034089629  -0.1146765827
       -0.2085264625   0.0439918265   0.0323717801  -0.0015122244  -0.0451189833
       -0.0000144548   0.0000127904  -0.0001314140  -0.0383208579  -0.1981928804
       -0.0425032453  -0.0008420627   0.0011878166  -0.0027503865   0.1803254471
        0.5510409971   0.0533895354  -0.0294249805  -0.0551020361  -0.0038706630
       -0.0196886657  -0.0261211801   0.0088444829   0.0003098284   0.0002058758
       -0.0003748095  -0.0013530296  -0.0012006498  -0.0004238231   0.0001394946
       -0.0013018690   0.0002625855   0.0229311277  -0.0579313651  -0.0511998774
        0.0248552699   0.0103510788  -0.0270236336   0.0007385675   0.0051936063
        0.0006523638   0.0038823674  -0.0018181831  -0.0018890397   0.1062074111
        0.0918323614  -0.1213821218   0.0018265599  -0.0233033412  -0.0189956866
       -0.0003125590   0.0005342660   0.0009833336  -0.0041280347  -0.0880254139
       -0.1062175884   0.0055148388  -0.0031643507  -0.0026397037  -0.2427232010
        0.0533895354   0.4643969368   0.0062846489   0.0154740210   0.0137841036
       -0.0071954318  -0.0100195162   0.0050694111   0.0006973432   0.0007713446
       -0.0002930351   0.0003061020   0.0002828818  -0.0000746317  -0.0002046443
       -0.0004607721   0.0001490337   0.1042507620  -0.0510375181  -0.2065197419
        0.0004577506  -0.0009927268  -0.0006992481   0.0033300644   0.0021357888
        0.0048044885  -0.0002595229   0.0006229844  -0.0008406148   0.0031906943
       -0.0018910090   0.0021051554  -0.0249092371  -0.0261679593   0.0340747953
       -0.0023989353  -0.0004357207   0.0015677839  -0.2273123160  -0.1837563884
        0.1165801411  -0.0002328549   0.0018360879  -0.0016827831  -0.0064139649
       -0.0294249805   0.0062846489   0.2566993447   0.2406665091  -0.1589880363
       -0.0012082582  -0.0014669397  -0.0006846293  -0.0001264630   0.0000767596
        0.0002543728  -0.0008753994  -0.0006222783  -0.0000825445  -0.0000264441
       -0.0008644554   0.0004321718   0.0000855416   0.0002843282  -0.0031257016
       -0.0012625324   0.0030072884   0.0033510444  -0.0018353388  -0.0021953627
       -0.0027851375   0.0007372053   0.0004353718   0.0000154515   0.0019407184
       -0.0025258150  -0.0081110528  -0.0121530410   0.0042318651   0.0115962135
       -0.0004487202   0.0001339200   0.0013133346  -0.1838064614  -0.2641442760
        0.1160474277   0.0005571419   0.0032462388   0.0029850524  -0.0434267825
       -0.0551020361   0.0154740210   0.2406665091   0.3154775788  -0.1418846762
       -0.0014584519  -0.0035614314   0.0004385427  -0.0002592919   0.0000228932
        0.0004266228  -0.0008051541  -0.0004684806  -0.0001306520  -0.0000975206
       -0.0009953962   0.0003801167   0.0016517200   0.0024376420   0.0008836913
       -0.0008537778   0.0029985043   0.0036862730   0.0022325683  -0.0081733734
       -0.0026929759  -0.0007492200   0.0001971302   0.0000243804   0.0047019196
       -0.0027774238  -0.0027078977   0.0433100283   0.0309511478  -0.0273008593
        0.0016181600   0.0013570441  -0.0023142052   0.1165208788   0.1159619104
       -0.1397071713  -0.0025660585   0.0011725304   0.0019642207  -0.0029576101
       -0.0038706630   0.0137841036  -0.1589880363  -0.1418846762   0.1528427585
       -0.0007583560   0.0003607101   0.0001876387  -0.0000067704  -0.0000837537
       -0.0000779153   0.0006028262   0.0003050123   0.0000582619   0.0001271723
        0.0007400403  -0.0003219331  -0.0022337244   0.0027458602   0.0025753209
        0.0019602351   0.0126889031   0.0066108119   0.0022565450  -0.0010892190
        0.0050934091  -0.0006681421   0.0013530168  -0.0007265427  -0.0417533811
       -0.0263214404  -0.0056073481   0.0000919265  -0.0001701311   0.0000200865
        0.0001335183   0.0007327647   0.0005244852   0.0035583234  -0.0030386401
        0.0060663720  -0.0009421654   0.0004135459  -0.0007709538  -0.0024329706
       -0.0196886657  -0.0071954318  -0.0012082582  -0.0014584519  -0.0007583560
        0.0408785228   0.0354120882  -0.0006949718   0.0000049866  -0.0000285442
       -0.0001613811  -0.0003689156  -0.0001255593  -0.0000878810   0.0002177878
        0.0003850020  -0.0000320326  -0.0017280125   0.0009353312  -0.0022802659
       -0.0008982335  -0.0111050386  -0.0065499712  -0.0004366783   0.0012365884
       -0.0028512266  -0.0001112007   0.0004041431   0.0016355071  -0.0255147691
       -0.2213741138  -0.0894500559   0.0002984964   0.0010160007   0.0001342553
        0.0002219146  -0.0007662616  -0.0009197911  -0.0040581405   0.0032904189
        0.0015849673   0.0004854667  -0.0003744197   0.0002026382  -0.0061133893
       -0.0261211801  -0.0100195162  -0.0014669397  -0.0035614314   0.0003607101
        0.0354120882   0.2553385404   0.1047312398  -0.0002001017  -0.0000229846
        0.0003306640   0.0008802500   0.0005088460   0.0001115666  -0.0000243840
        0.0005445326  -0.0003702528   0.0015256209   0.0009863599   0.0010692655
       -0.0023676876  -0.0253509913  -0.0128612669   0.0054911535  -0.0020458620
       -0.0024954247  -0.0016771785  -0.0003538410   0.0002343617  -0.0051739423
       -0.0884050773  -0.0846408489   0.0003570728   0.0008020091   0.0002250054
        0.0001898920  -0.0016200004  -0.0011725860   0.0053030009   0.0000884266
        0.0020980010  -0.0007221876   0.0003084822  -0.0005000743   0.0018578071
        0.0088444829   0.0050694111  -0.0006846293   0.0004385427   0.0001876387
       -0.0006949718   0.1047312398   0.0938157170  -0.0002833530   0.0000866120
        0.0003535926   0.0004199235  -0.0001126020   0.0001320190  -0.0001225021
        0.0006962907  -0.0005040711  -0.0018923974   0.0018922879   0.0000585254
       -0.0101914418   0.0047951987   0.0179338203   0.0004378214   0.0017720484
        0.0006119613  -0.0846678738   0.0386353999   0.0788541530  -0.0023222854
       -0.0034811412   0.0020589764  -0.0000610405   0.0001921240   0.0001936355
        0.0002442639  -0.0008212784  -0.0008970998   0.0003358884   0.0003850274
       -0.0001744998   0.0000696079   0.0000102058  -0.0001428730  -0.0001991786
        0.0003098284   0.0006973432  -0.0001264630  -0.0002592919  -0.0000067704
        0.0000049866  -0.0002001017  -0.0002833530   0.0973353643  -0.0425900490
       -0.0946213255   0.0087069409  -0.0093701356  -0.0200930242  -0.0092876994
        0.0107810636   0.0156825075  -0.0002788908  -0.0001588985   0.0001865488
       -0.0078592679   0.0069178001   0.0147716487  -0.0009767028   0.0011337951
        0.0020868091   0.0376475260  -0.0765250247  -0.0716683425  -0.0027530545
       -0.0026706600   0.0014540794   0.0001095951   0.0000825883  -0.0000866833
       -0.0000346241  -0.0005866251  -0.0003326269   0.0000001931   0.0001837992
        0.0000934370   0.0000539135   0.0000682541  -0.0000015788  -0.0005182976
        0.0002058758   0.0007713446   0.0000767596   0.0000228932  -0.0000837537
       -0.0000285442  -0.0000229846   0.0000866120  -0.0425900490   0.0893927044
        0.0847116815   0.0029595992  -0.0036517166  -0.0084881271   0.0140568789
       -0.0143911995  -0.0234582013  -0.0001439254  -0.0001594997   0.0001437014
        0.0097832947  -0.0024689609  -0.0143664351  -0.0012756631  -0.0017843764
        0.0005879078   0.0781888390  -0.0730020927  -0.1989768744   0.0026117059
        0.0024988614  -0.0010454324   0.0001662457  -0.0001519102  -0.0003630829
       -0.0003510356   0.0007281844   0.0009756135  -0.0004713404  -0.0005073247
        0.0003337398  -0.0001074235   0.0000453936   0.0001568977   0.0001242077
       -0.0003748095  -0.0002930351   0.0002543728   0.0004266228  -0.0000779153
       -0.0001613811   0.0003306640   0.0003535926  -0.0946213255   0.0847116815
        0.2319545220   0.0077037243  -0.0118547949  -0.0238381177  -0.0020332548
        0.0012370839   0.0048358049   0.0001890338   0.0001657778  -0.0002371853
       -0.0178199338  -0.0140192818  -0.0068645089  -0.0021977389   0.0015004228
        0.0005325458  -0.1522107029  -0.0337832308  -0.1050899533   0.0018142049
       -0.0005895240  -0.0021570333  -0.0002554350  -0.0010679046   0.0011775008
       -0.0001350988   0.0001748542  -0.0000826043   0.0010389001   0.0011930588
       -0.0008928457   0.0001509150  -0.0003004175   0.0001558659  -0.0000812068
       -0.0013530296   0.0003061020  -0.0008753994  -0.0008051541   0.0006028262
       -0.0003689156   0.0008802500   0.0004199235   0.0087069409   0.0029595992
        0.0077037243   0.1797108726   0.0459222243   0.1212130227  -0.0175543151
       -0.0008283962  -0.0171546608   0.0000769128   0.0001165292   0.0001300953
       -0.0198171213  -0.0109474918  -0.0097388680  -0.0026827967  -0.0002241231
        0.0009444228  -0.0362383817  -0.0527635940  -0.0388706395   0.0012116895
        0.0005088594  -0.0018771673   0.0000088045  -0.0011989008   0.0009385219
       -0.0001763955   0.0002828821  -0.0001025719   0.0006811341   0.0006569701
       -0.0004359928   0.0000771809  -0.0002707906   0.0001420980   0.0000496683
       -0.0012006498   0.0002828818  -0.0006222783  -0.0004684806   0.0003050123
       -0.0001255593   0.0005088460  -0.0001126020  -0.0093701356  -0.0036517166
       -0.0118547949   0.0459222243   0.0647417066   0.0410494790   0.0209966427
        0.0039712095   0.0192431264   0.0000853243   0.0000552736   0.0000870942
        0.0068706907   0.0010431265   0.0095545630   0.0005593212   0.0002509561
       -0.0003150883  -0.1001365877  -0.0350077698  -0.1379443227   0.0012067272
        0.0008197191  -0.0000874014   0.0001089302   0.0006205871  -0.0000488941
        0.0000049699   0.0001362871   0.0000716828   0.0001543822   0.0003142657
        0.0002586115  -0.0000014893   0.0000517721  -0.0000939866  -0.0002982394
       -0.0004238231  -0.0000746317  -0.0000825445  -0.0001306520   0.0000582619
       -0.0000878810   0.0001115666   0.0001320190  -0.0200930242  -0.0084881271
       -0.0238381177   0.1212130227   0.0410494790   0.1601802988  -0.0093344280
       -0.0004259815  -0.0078558934  -0.0000838500   0.0000785943   0.0000028989
        0.0095436437  -0.0158930227   0.0049139340  -0.0006212642  -0.0009905936
        0.0013691708  -0.0988774211   0.0920355168  -0.0261494744   0.0004289746
       -0.0008018381   0.0001404827  -0.0008638209  -0.0006113651  -0.0002079734
        0.0001045954  -0.0000661033   0.0000381934   0.0002238022  -0.0001115813
       -0.0002440832  -0.0001924511  -0.0000385121  -0.0000213881  -0.0002592695
        0.0001394946  -0.0002046443  -0.0000264441  -0.0000975206   0.0001271723
        0.0002177878  -0.0000243840  -0.0001225021  -0.0092876994   0.0140568789
       -0.0020332548  -0.0175543151   0.0209966427  -0.0093344280   0.1172276635
       -0.1086220653   0.0318288589  -0.0000637820   0.0000284532  -0.0001000638
        0.0005889916  -0.0259051751   0.0093407772   0.0001816894  -0.0005669426
        0.0030585883   0.0982662979  -0.1873119553   0.0407396506   0.0020841017
        0.0005239754  -0.0029005931  -0.0017951149  -0.0004593866   0.0001714279
        0.0003080947   0.0001041104   0.0002629694   0.0011937159   0.0013556254
       -0.0007619996  -0.0003314849  -0.0001130370  -0.0001889229  -0.0012915092
       -0.0013018690  -0.0004607721  -0.0008644554  -0.0009953962   0.0007400403
        0.0003850020   0.0005445326   0.0006962907   0.0107810636  -0.0143911995
        0.0012370839  -0.0008283962   0.0039712095  -0.0004259815  -0.1086220653
        0.2243580163  -0.0515564535  -0.0000559307   0.0001874914   0.0000478945
       -0.0017887407   0.0132798916  -0.0028795232  -0.0006510009  -0.0004102893
       -0.0013855355  -0.0287966409   0.0418706514  -0.0563766676  -0.0001877307
        0.0008421038   0.0012262236   0.0008238783   0.0003423262  -0.0002079534
       -0.0000499432   0.0000563372  -0.0000007611  -0.0007721356  -0.0004068466
        0.0004587574   0.0001926858   0.0000254506   0.0001040302   0.0004268950
        0.0002625855   0.0001490337   0.0004321718   0.0003801167  -0.0003219331
       -0.0000320326  -0.0003702528  -0.0005040711   0.0156825075  -0.0234582013
        0.0048358049  -0.0171546608   0.0192431264  -0.0078558934   0.0318288589
       -0.0515564535   0.0627554221   0.0000458882  -0.0001005459   0.0000030666
        0.0028061611  -0.0051536074   0.0037873641   0.0002609345  -0.0003913371
       -0.0004242886   0.0001072201   0.0000027314   0.0013739161  -0.0127512315
        0.0044364117   0.0183029965   0.0043290102  -0.0021275677   0.0022681141
       -0.0010227120   0.0004621706  -0.0006260565   0.0010555229  -0.0014897137
        0.0004167985  -0.0008598643   0.0004786250  -0.0006397286  -0.0928978811
        0.0229311277   0.1042507620   0.0000855416   0.0016517200  -0.0022337244
       -0.0017280125   0.0015256209  -0.0018923974  -0.0002788908  -0.0001439254
        0.0001890338   0.0000769128   0.0000853243  -0.0000838500  -0.0000637820
       -0.0000559307   0.0000458882   0.1008810709  -0.0222116497  -0.1247348279
       -0.0044149085  -0.0006034829   0.0004163860  -0.0008111201  -0.0010168631
        0.0003531361  -0.0008651730   0.0002056429   0.0006009071  -0.0098976827
        0.0029207516   0.0167278639  -0.0023988215  -0.0042746113  -0.0041306687
        0.0005468826  -0.0001701983   0.0002467156   0.0147221904  -0.0043855784
       -0.0246416652   0.0012966820  -0.0009912921  -0.0014208645   0.0228278569
       -0.0579313651  -0.0510375181   0.0002843282   0.0024376420   0.0027458602
        0.0009353312   0.0009863599   0.0018922879  -0.0001588985  -0.0001594997
        0.0001657778   0.0001165292   0.0000552736   0.0000785943   0.0000284532
        0.0001874914  -0.0001005459  -0.0222116497   0.0627397294   0.0581037334
        0.0042606829   0.0014307313   0.0030584049  -0.0007094727  -0.0002302418
        0.0009810113   0.0007980369  -0.0005915902  -0.0003968975   0.0088667822
       -0.0030756477  -0.0159754688   0.0021085344  -0.0044953026   0.0010950738
       -0.0005643187   0.0003663370  -0.0006649396   0.0111241350  -0.0022483149
       -0.0148033460  -0.0001027504  -0.0002914739  -0.0016040926   0.1041425856
       -0.0511998774  -0.2065197419  -0.0031257016   0.0008836913   0.0025753209
       -0.0022802659   0.0010692655   0.0000585254   0.0001865488   0.0001437014
       -0.0002371853   0.0001300953   0.0000870942   0.0000028989  -0.0001000638
        0.0000478945   0.0000030666  -0.1247348279   0.0581037334   0.2324273700
