           1           2   1.3844062371729673     
           1           3   1.0294359555394985     
           1           4   1.3768607524021101     
           2           5   1.4691086574582854     
           2           6  0.97359736526744678     
           5           7   1.2378948533226284     
           5           8  0.97400824351181947     
           4           9   1.4773211317325863     
           7           9   1.2347887056248661     
           5          10  0.10712451958376681     
           7          10   1.3999188501260265     
           9          10  0.10534893673103973     
           4          11  0.97455836243641381     
           3          12  0.98538313470388639     
           3          13  0.97573931711529460     
           3          14  0.97554084548506481     
           9          15  0.97398215346987627     
