$hessian                                                                        
        0.5192786335   0.2352306661  -0.1457852445  -0.0812849237  -0.0171872277
        0.0068702014  -0.0050166153  -0.0048611453   0.0041376292  -0.0060327105
       -0.0015788262   0.0069012251   0.0251616429   0.0109454945  -0.0160530385
       -0.0201966904   0.0050201944   0.0521797418  -0.0156636921   0.0041005508
        0.0269465597  -0.0001196275  -0.0000498783   0.0007061492  -0.0384181416
       -0.0433590737  -0.0283207633   0.0005029847   0.0005749172   0.0008221561
       -0.2498017245  -0.0779831160   0.1487268686  -0.1284883993  -0.1052268815
       -0.0563136094   0.0000792637  -0.0056256741  -0.0008178756
        0.2352306661   0.3338803567   0.1223158094   0.0081015548  -0.0895419338
       -0.0772518412  -0.0042451334   0.0000225053  -0.0026550589   0.0080849312
        0.0037080851  -0.0063890789  -0.0019281928  -0.0143555127  -0.0203943690
       -0.0055264961   0.0133006782   0.0099615291  -0.0006802527   0.0000738292
        0.0030241723  -0.0011157869  -0.0001426116   0.0003372211  -0.0237310671
       -0.0166144719   0.0034124090   0.0002204879   0.0007618380   0.0005245647
       -0.1036100983  -0.0852213595   0.0447525674  -0.1053492937  -0.1465828223
       -0.0732511024  -0.0054513190   0.0007114192  -0.0043868226
       -0.1457852445   0.1223158094   0.5090862325   0.0527285397  -0.0433537778
       -0.2019801806   0.0051848896  -0.0018465021  -0.0056948077   0.0243960931
        0.0065613887  -0.0195498400  -0.0394249891  -0.0376578847  -0.0170813910
        0.0329833598  -0.0042165472  -0.0399099852   0.0182732718  -0.0033508926
       -0.0316465406  -0.0011910865  -0.0010903917   0.0001644735   0.0072653460
        0.0296654864   0.0430732018   0.0001385231   0.0000318077   0.0001580129
        0.1023402156   0.0104398692  -0.1514549145  -0.0564955185  -0.0733892503
       -0.0854522874  -0.0004134001  -0.0041091151   0.0002880264
       -0.0812849237   0.0081015548   0.0527285397   0.5832499202   0.2134576500
       -0.1893360226   0.0085933543   0.0033908084  -0.0058653570  -0.0001881372
       -0.0049924217   0.0030909404  -0.1304014708  -0.0867944345  -0.0527046465
       -0.3451137578  -0.1154515011   0.1800031121  -0.0335197900  -0.0167020701
        0.0074538541  -0.0003735940  -0.0003025214   0.0006743969  -0.0103698926
       -0.0080016168  -0.0074035566   0.0022392312  -0.0024614861   0.0042109955
        0.0011641623   0.0159078842   0.0208621294   0.0013449191  -0.0113541543
       -0.0195999435   0.0046599789   0.0052023087   0.0058855582
       -0.0171872277  -0.0895419338  -0.0433537778   0.2134576500   0.3471109267
        0.0650724191   0.0037754472   0.0012345465  -0.0021425359  -0.0057965043
        0.0044555116  -0.0003383367  -0.0614909700  -0.1363681746  -0.0698160332
       -0.1153660128  -0.1046565678   0.0640820302  -0.0329464650  -0.0120452404
        0.0319047605  -0.0003792314   0.0004166981   0.0004124935  -0.0083103028
       -0.0235281733  -0.0221097412  -0.0016835580   0.0065489234  -0.0016840935
        0.0320688437   0.0214849481   0.0045554233   0.0005779628  -0.0091025825
       -0.0210168937  -0.0067196318  -0.0060088819  -0.0055657146
        0.0068702014  -0.0772518412  -0.2019801806  -0.1893360226   0.0650724191
        0.5247525754  -0.0051422101  -0.0016177395   0.0035734364   0.0017058454
       -0.0013991897   0.0041638660  -0.0067329509  -0.0358733433  -0.1082932159
        0.1800702329   0.0641888377  -0.1797532056  -0.0220155169   0.0101550457
        0.0426171325   0.0004598159   0.0002797976   0.0003323101  -0.0080671311
       -0.0225952694  -0.0353340225   0.0056436772  -0.0006180506   0.0000292950
        0.0501979287   0.0262375094  -0.0244761621   0.0020257798  -0.0050412552
       -0.0097418417  -0.0156796498  -0.0215369204  -0.0158899870
       -0.0050166153  -0.0042451334   0.0051848896   0.0085933543   0.0037754472
       -0.0051422101   0.3036844992   0.2023885488  -0.0135956150   0.0010491239
        0.0018104283  -0.0017511571  -0.0061978639  -0.0054304066   0.0053884690
       -0.0073715050  -0.0025679479   0.0043552769  -0.0136521481  -0.0075493702
        0.0045606568  -0.1027074376  -0.1342216821  -0.1101657079  -0.1618252559
       -0.0462468011   0.1013585991   0.0037145503   0.0021596580  -0.0031069057
       -0.0190008873  -0.0082790539   0.0111195948  -0.0007977253  -0.0010810159
        0.0002952337  -0.0004720893  -0.0005126713   0.0014988756
       -0.0048611453   0.0000225053  -0.0018465021   0.0033908084   0.0012345465
       -0.0016177395   0.2023885488   0.2575428286   0.1594798010   0.0022130290
       -0.0004599848   0.0011720334  -0.0055812141   0.0002038921  -0.0015348423
       -0.0022340428  -0.0012284004   0.0019043942   0.0083440140   0.0014378805
       -0.0084489468  -0.1230822765  -0.1948204706  -0.1818168416  -0.0602224893
       -0.0564717203   0.0211542239   0.0034657228   0.0007610198  -0.0005389248
       -0.0221652162  -0.0089993665   0.0124710222  -0.0013868120  -0.0000789980
        0.0000695896  -0.0002689269   0.0008562677  -0.0004472672
        0.0041376292  -0.0026550589  -0.0056948077  -0.0058653570  -0.0021425359
        0.0035734364  -0.0135956150   0.1594798010   0.3267899392  -0.0010676381
        0.0017074426   0.0017456806   0.0051262149  -0.0017151622  -0.0047959532
        0.0049678664   0.0023539398  -0.0030107029   0.0333369932   0.0128176750
       -0.0215059592  -0.0899379035  -0.1668836776  -0.1851315213   0.0759874183
        0.0024278583  -0.1209665875  -0.0007284888   0.0012144710   0.0016707715
       -0.0140383280  -0.0061364477   0.0082002803  -0.0002274510  -0.0003209614
        0.0006426455   0.0019046593  -0.0001473441  -0.0015172215
       -0.0060327105   0.0080849312   0.0243960931  -0.0001881372  -0.0057965043
        0.0017058454   0.0010491239   0.0022130290  -0.0010676381   0.0539038949
       -0.0072538869  -0.0545343071   0.0000422507  -0.0000629146   0.0002359801
       -0.0013923728   0.0007376843   0.0019191296  -0.0002930420  -0.0049003952
       -0.0000138573   0.0001755654   0.0001275241   0.0001430327   0.0033423173
       -0.0070987547  -0.0162244818   0.0000733753  -0.0005174396  -0.0010066306
       -0.0499014452   0.0115490255   0.0453077183  -0.0003201770   0.0021942934
       -0.0005554966  -0.0004586428   0.0007234079  -0.0003053877
       -0.0015788262   0.0037080851   0.0065613887  -0.0049924217   0.0044555116
       -0.0013991897   0.0018104283  -0.0004599848   0.0017074426  -0.0072538869
        0.0714343243   0.0974368925  -0.0004778999   0.0002541215   0.0005562890
        0.0005959357  -0.0002130672   0.0005472431  -0.0052362769   0.0007144597
       -0.0031376675   0.0003830954   0.0004889549   0.0001693739   0.0041657349
       -0.0083577875  -0.0222056538  -0.0001363122  -0.0008235627  -0.0013537091
        0.0103205053  -0.0690441276  -0.0814693840   0.0017217229  -0.0012630324
        0.0021032019   0.0006782014  -0.0008938947   0.0004837725
        0.0069012251  -0.0063890789  -0.0195498400   0.0030909404  -0.0003383367
        0.0041638660  -0.0017511571   0.0011720334   0.0017456806  -0.0545343071
        0.0974368925   0.2724232894  -0.0004702621   0.0000214155   0.0009751538
        0.0017222440   0.0003785259  -0.0025738286  -0.0006924881  -0.0035841297
        0.0007526436   0.0006111311   0.0005220788   0.0002349385   0.0041439984
       -0.0071661697  -0.0176968775  -0.0003134898  -0.0008409521  -0.0010860280
        0.0430872166  -0.0831028014  -0.2398517094  -0.0014117234   0.0014648519
        0.0008479319  -0.0003833280   0.0004256706  -0.0003852201
        0.0251616429  -0.0019281928  -0.0394249891  -0.1304014708  -0.0614909700
       -0.0067329509  -0.0061978639  -0.0055812141   0.0051262149   0.0000422507
       -0.0004778999  -0.0004702621   0.5004808282   0.2114618497  -0.1656539739
       -0.0474362696  -0.0440337847  -0.0004402943  -0.2469109751  -0.1022241762
        0.1012300929   0.0001045656  -0.0000757748  -0.0002389846   0.0026083931
        0.0336582130   0.0563258821  -0.0199190638  -0.0108602584   0.0085319678
       -0.0318986964  -0.0241782884  -0.0022559109   0.0024222713  -0.0020827344
        0.0024193245  -0.0480556122   0.0078132309   0.0415838836
        0.0109454945  -0.0143555127  -0.0376578847  -0.0867944345  -0.1363681746
       -0.0358733433  -0.0054304066   0.0002038921  -0.0017151622  -0.0000629146
        0.0002541215   0.0000214155   0.2114618497   0.3172970178   0.1267814969
       -0.0334883087  -0.0126625133   0.0003980075  -0.0768160801  -0.0842772362
        0.0102330638   0.0000347260  -0.0001442444  -0.0004192857   0.0145599175
        0.0218890626   0.0216112799  -0.0208437511  -0.0092887248   0.0089966030
       -0.0191987739  -0.0153901981  -0.0005873502  -0.0021917043   0.0029058018
       -0.0045251164   0.0078243861  -0.0700632918  -0.0872637239
       -0.0160530385  -0.0203943690  -0.0170813910  -0.0527046465  -0.0698160332
       -0.1082932159   0.0053884690  -0.0015348423  -0.0047959532   0.0002359801
        0.0005562890   0.0009751538  -0.1656539739   0.1267814969   0.5423195151
        0.0188081149   0.0145836343   0.0131520230   0.1472943777   0.0442607434
       -0.1502254217  -0.0000149682  -0.0002409194  -0.0003886412   0.0218193507
       -0.0038662370  -0.0370471848  -0.0095211425  -0.0043677417   0.0060217223
        0.0066812447   0.0060077090   0.0010898806   0.0022055231  -0.0046785559
       -0.0044021633   0.0415147095  -0.0872911739  -0.2413243237
       -0.0201966904  -0.0055264961   0.0329833598  -0.3451137578  -0.1153660128
        0.1800702329  -0.0073715050  -0.0022340428   0.0049678664  -0.0013923728
        0.0005959357   0.0017222440  -0.0474362696  -0.0334883087   0.0188081149
        0.4143469018   0.1573364797  -0.2343000191   0.0008417415  -0.0046192307
       -0.0017771049   0.0005623616   0.0003400866  -0.0006272174   0.0063338678
        0.0027633106  -0.0028437508  -0.0033592073  -0.0017561422   0.0001172479
        0.0003536526  -0.0025363938   0.0022436319   0.0013936573   0.0029684764
        0.0003903078   0.0010376202   0.0015223381  -0.0017549134
        0.0050201944   0.0133006782  -0.0042165472  -0.1154515011  -0.1046565678
        0.0641888377  -0.0025679479  -0.0012284004   0.0023539398   0.0007376843
       -0.0002130672   0.0003785259  -0.0440337847  -0.0126625133   0.0145836343
        0.1573364797   0.1026410084  -0.0733180553  -0.0021656863   0.0002280007
       -0.0070102333   0.0004611954  -0.0000914944  -0.0002093853   0.0030226893
        0.0034557856   0.0012363057  -0.0017984029  -0.0017691960   0.0008069238
       -0.0050718484  -0.0002836334  -0.0035953597   0.0019952317   0.0008001465
        0.0030111977   0.0025156964   0.0004792532   0.0017902159
        0.0521797418   0.0099615291  -0.0399099852   0.1800031121   0.0640820302
       -0.1797532056   0.0043552769   0.0019043942  -0.0030107029   0.0019191296
        0.0005472431  -0.0025738286  -0.0004402943   0.0003980075   0.0131520230
       -0.2343000191  -0.0733180553   0.2078218346   0.0027486574  -0.0037414744
       -0.0047783742  -0.0003517405  -0.0000216093   0.0001334227  -0.0023139591
        0.0016665806   0.0066775060   0.0000492850   0.0007522742   0.0004222547
       -0.0024680485  -0.0070477022  -0.0040055765  -0.0013858576   0.0017076922
        0.0026013042   0.0000047162   0.0031090901   0.0032233278
       -0.0156636921  -0.0006802527   0.0182732718  -0.0335197900  -0.0329464650
       -0.0220155169  -0.0136521481   0.0083440140   0.0333369932  -0.0002930420
       -0.0052362769  -0.0006924881  -0.2469109751  -0.0768160801   0.1472943777
        0.0008417415  -0.0021656863   0.0027486574   0.4943289911   0.2110995544
       -0.1455124221   0.0007324790   0.0019304464   0.0022423089  -0.0802861035
       -0.0196195334   0.0197010048  -0.1206777541  -0.0946638842  -0.0506109506
        0.0215038451   0.0113178274  -0.0104716878   0.0004196397   0.0007625280
        0.0013227337  -0.0068231915  -0.0013261918   0.0043837180
        0.0041005508   0.0000738292  -0.0033508926  -0.0167020701  -0.0120452404
        0.0101550457  -0.0075493702   0.0014378805   0.0128176750  -0.0049003952
        0.0007144597  -0.0035841297  -0.1022241762  -0.0842772362   0.0442607434
       -0.0046192307   0.0002280007  -0.0037414744   0.2110995544   0.3408127456
        0.1529173400   0.0003093175   0.0015072595   0.0026728760   0.0150983969
       -0.0933179527  -0.1184755335  -0.0952118264  -0.1372345140  -0.0657468558
       -0.0090853477  -0.0201590829  -0.0213314668   0.0003230543   0.0008562846
        0.0004074824   0.0093615427   0.0014035664  -0.0070008096
        0.0269465597   0.0030241723  -0.0316465406   0.0074538541   0.0319047605
        0.0426171325   0.0045606568  -0.0084489468  -0.0215059592  -0.0000138573
       -0.0031376675   0.0007526436   0.1012300929   0.0102330638  -0.1502254217
       -0.0017771049  -0.0070102333  -0.0047783742  -0.1455124221   0.1529173400
        0.5720818044  -0.0006923307   0.0005085764   0.0016355256   0.0825369120
       -0.0720246110  -0.2800201936  -0.0516642262  -0.0664818441  -0.0817940901
       -0.0474651229  -0.0486482295  -0.0262560367   0.0005301280  -0.0001628359
       -0.0006560084   0.0238668606   0.0073264550  -0.0202044813
       -0.0001196275  -0.0011157869  -0.0011910865  -0.0003735940  -0.0003792314
        0.0004598159  -0.1027074376  -0.1230822765  -0.0899379035   0.0001755654
        0.0003830954   0.0006111311   0.0001045656   0.0000347260  -0.0000149682
        0.0005623616   0.0004611954  -0.0003517405   0.0007324790   0.0003093175
       -0.0006923307   0.1276746161   0.1476519396   0.1007749112  -0.0201614520
       -0.0230584769  -0.0143681424  -0.0001499138   0.0011675918   0.0014434936
       -0.0055153620  -0.0023467015   0.0031533237  -0.0003255299  -0.0001449654
        0.0002884353   0.0001033293   0.0001195729  -0.0001749390
       -0.0000498783  -0.0001426116  -0.0010903917  -0.0003025214   0.0004166981
        0.0002797976  -0.1342216821  -0.1948204706  -0.1668836776   0.0001275241
        0.0004889549   0.0005220788  -0.0000757748  -0.0001442444  -0.0002409194
        0.0003400866  -0.0000914944  -0.0000216093   0.0019304464   0.0015072595
        0.0005085764   0.1476519396   0.2049592795   0.1675325269  -0.0117946687
       -0.0104893649  -0.0037147177  -0.0003291930  -0.0002479466   0.0011814057
       -0.0031596955  -0.0013244183   0.0018106946  -0.0003088063  -0.0000708539
        0.0001292028   0.0001922234  -0.0000407873  -0.0000129670
        0.0007061492   0.0003372211   0.0001644735   0.0006743969   0.0004124935
        0.0003323101  -0.1101657079  -0.1818168416  -0.1851315213   0.0001430327
        0.0001693739   0.0002349385  -0.0002389846  -0.0004192857  -0.0003886412
       -0.0006272174  -0.0002093853   0.0001334227   0.0022423089   0.0026728760
        0.0016355256   0.1007749112   0.1675325269   0.1716801013   0.0060900711
        0.0113957635   0.0127549802  -0.0012634179  -0.0008216484  -0.0004422182
        0.0017100352   0.0007380879  -0.0009423228  -0.0000090829  -0.0000908184
       -0.0000687901  -0.0000364945   0.0000996367   0.0000377417
       -0.0384181416  -0.0237310671   0.0072653460  -0.0103698926  -0.0083103028
       -0.0080671311  -0.1618252559  -0.0602224893   0.0759874183   0.0033423173
        0.0041657349   0.0041439984   0.0026083931   0.0145599175   0.0218193507
        0.0063338678   0.0030226893  -0.0023139591  -0.0802861035   0.0150983969
        0.0825369120  -0.0201614520  -0.0117946687   0.0060900711   0.4629792849
        0.2189330231  -0.0992034585  -0.0021935354  -0.0115522380  -0.0177523089
       -0.1606993758  -0.1325298339  -0.0783463387  -0.0004066738  -0.0036619768
        0.0041365805  -0.0009034327  -0.0039771851   0.0037035192
       -0.0433590737  -0.0166144719   0.0296654864  -0.0080016168  -0.0235281733
       -0.0225952694  -0.0462468011  -0.0564717203   0.0024278583  -0.0070987547
       -0.0083577875  -0.0071661697   0.0336582130   0.0218890626  -0.0038662370
        0.0027633106   0.0034557856   0.0016665806  -0.0196195334  -0.0933179527
       -0.0720246110  -0.0230584769  -0.0104893649   0.0113957635   0.2189330231
        0.3569485777   0.1849581604  -0.0006080076  -0.0117342114  -0.0207282331
       -0.0996794607  -0.1706457898  -0.1029911205  -0.0032852810   0.0048263144
       -0.0007011043  -0.0043975408   0.0040397314  -0.0000411040
       -0.0283207633   0.0034124090   0.0430732018  -0.0074035566  -0.0221097412
       -0.0353340225   0.1013585991   0.0211542239  -0.1209665875  -0.0162244818
       -0.0222056538  -0.0176968775   0.0563258821   0.0216112799  -0.0370471848
       -0.0028437508   0.0012363057   0.0066775060   0.0197010048  -0.1184755335
       -0.2800201936  -0.0143681424  -0.0037147177   0.0127549802  -0.0992034585
        0.1849581604   0.5606735509   0.0020686609  -0.0060868500  -0.0135858556
       -0.0189048368  -0.0590632020  -0.1215988778   0.0048269007  -0.0001949476
        0.0008282546   0.0029879426  -0.0005217329   0.0022421059
        0.0005029847   0.0002204879   0.0001385231   0.0022392312  -0.0016835580
        0.0056436772   0.0037145503   0.0034657228  -0.0007284888   0.0000733753
       -0.0001363122  -0.0003134898  -0.0199190638  -0.0208437511  -0.0095211425
       -0.0033592073  -0.0017984029   0.0000492850  -0.1206777541  -0.0952118264
       -0.0516642262  -0.0001499138  -0.0003291930  -0.0012634179  -0.0021935354
       -0.0006080076   0.0020686609   0.1381707851   0.1162518915   0.0553395833
        0.0023620120  -0.0017815937   0.0018693032  -0.0005851350   0.0005117641
       -0.0005089204  -0.0001783292   0.0019427786  -0.0011093469
        0.0005749172   0.0007618380   0.0000318077  -0.0024614861   0.0065489234
       -0.0006180506   0.0021596580   0.0007610198   0.0012144710  -0.0005174396
       -0.0008235627  -0.0008409521  -0.0108602584  -0.0092887248  -0.0043677417
       -0.0017561422  -0.0017691960   0.0007522742  -0.0946638842  -0.1372345140
       -0.0664818441   0.0011675918  -0.0002479466  -0.0008216484  -0.0115522380
       -0.0117342114  -0.0060868500   0.1162518915   0.1522146599   0.0795610919
       -0.0012641775   0.0028460726  -0.0043238436   0.0005959848  -0.0009974895
        0.0004043048   0.0023255828  -0.0010368688   0.0015769811
        0.0008221561   0.0005245647   0.0001580129   0.0042109955  -0.0016840935
        0.0000292950  -0.0031069057  -0.0005389248   0.0016707715  -0.0010066306
       -0.0013537091  -0.0010860280   0.0085319678   0.0089966030   0.0060217223
        0.0001172479   0.0008069238   0.0004222547  -0.0506109506  -0.0657468558
       -0.0817940901   0.0014434936   0.0011814057  -0.0004422182  -0.0177523089
       -0.0207282331  -0.0135858556   0.0553395833   0.0795610919   0.0922670971
        0.0027910184  -0.0036273597  -0.0041357196  -0.0003636378   0.0005112509
       -0.0002409030  -0.0004160291   0.0020973361   0.0007156611
       -0.2498017245  -0.1036100983   0.1023402156   0.0011641623   0.0320688437
        0.0501979287  -0.0190008873  -0.0221652162  -0.0140383280  -0.0499014452
        0.0103205053   0.0430872166  -0.0318986964  -0.0191987739   0.0066812447
        0.0003536526  -0.0050718484  -0.0024680485   0.0215038451  -0.0090853477
       -0.0474651229  -0.0055153620  -0.0031596955   0.0017100352  -0.1606993758
       -0.0996794607  -0.0189048368   0.0023620120  -0.0012641775   0.0027910184
        0.5112896772   0.2302263471  -0.1318377328  -0.0193112796  -0.0084450923
        0.0084123967  -0.0005445783  -0.0009359855  -0.0005059869
       -0.0779831160  -0.0852213595   0.0104398692   0.0159078842   0.0214849481
        0.0262375094  -0.0082790539  -0.0089993665  -0.0061364477   0.0115490255
       -0.0690441276  -0.0831028014  -0.0241782884  -0.0153901981   0.0060077090
       -0.0025363938  -0.0002836334  -0.0070477022   0.0113178274  -0.0201590829
       -0.0486482295  -0.0023467015  -0.0013244183   0.0007380879  -0.1325298339
       -0.1706457898  -0.0590632020  -0.0017815937   0.0028460726  -0.0036273597
        0.2302263471   0.3572330725   0.1545926865  -0.0188321006  -0.0103604247
        0.0095144221  -0.0005340024  -0.0001356924   0.0000954585
        0.1487268686   0.0447525674  -0.1514549145   0.0208621294   0.0045554233
       -0.0244761621   0.0111195948   0.0124710222   0.0082002803   0.0453077183
       -0.0814693840  -0.2398517094  -0.0022559109  -0.0005873502   0.0010898806
        0.0022436319  -0.0035953597  -0.0040055765  -0.0104716878  -0.0213314668
       -0.0262560367   0.0031533237   0.0018106946  -0.0009423228  -0.0783463387
       -0.1029911205  -0.1215988778   0.0018693032  -0.0043238436  -0.0041357196
       -0.1318377328   0.1545926865   0.5580371976  -0.0104653567  -0.0044394978
        0.0042992176   0.0000944570   0.0005556286   0.0010947435
       -0.1284883993  -0.1053492937  -0.0564955185   0.0013449191   0.0005779628
        0.0020257798  -0.0007977253  -0.0013868120  -0.0002274510  -0.0003201770
        0.0017217229  -0.0014117234   0.0024222713  -0.0021917043   0.0022055231
        0.0013936573   0.0019952317  -0.0013858576   0.0004196397   0.0003230543
        0.0005301280  -0.0003255299  -0.0003088063  -0.0000090829  -0.0004066738
       -0.0032852810   0.0048269007  -0.0005851350   0.0005959848  -0.0003636378
       -0.0193112796  -0.0188321006  -0.0104653567   0.1450684216   0.1254081195
        0.0611915709  -0.0004139890   0.0007319218  -0.0004212746
       -0.1052268815  -0.1465828223  -0.0733892503  -0.0113541543  -0.0091025825
       -0.0050412552  -0.0010810159  -0.0000789980  -0.0003209614   0.0021942934
       -0.0012630324   0.0014648519  -0.0020827344   0.0029058018  -0.0046785559
        0.0029684764   0.0008001465   0.0017076922   0.0007625280   0.0008562846
       -0.0001628359  -0.0001449654  -0.0000708539  -0.0000908184  -0.0036619768
        0.0048263144  -0.0001949476   0.0005117641  -0.0009974895   0.0005112509
       -0.0084450923  -0.0103604247  -0.0044394978   0.1254081195   0.1607804288
        0.0848234160   0.0001516391  -0.0017127730  -0.0001890886
       -0.0563136094  -0.0732511024  -0.0854522874  -0.0195999435  -0.0210168937
       -0.0097418417   0.0002952337   0.0000695896   0.0006426455  -0.0005554966
        0.0021032019   0.0008479319   0.0024193245  -0.0045251164  -0.0044021633
        0.0003903078   0.0030111977   0.0026013042   0.0013227337   0.0004074824
       -0.0006560084   0.0002884353   0.0001292028  -0.0000687901   0.0041365805
       -0.0007011043   0.0008282546  -0.0005089204   0.0004043048  -0.0002409030
        0.0084123967   0.0095144221   0.0042992176   0.0611915709   0.0848234160
        0.0928413006  -0.0014786132  -0.0009686005  -0.0014986605
        0.0000792637  -0.0054513190  -0.0004134001   0.0046599789  -0.0067196318
       -0.0156796498  -0.0004720893  -0.0002689269   0.0019046593  -0.0004586428
        0.0006782014  -0.0003833280  -0.0480556122   0.0078243861   0.0415147095
        0.0010376202   0.0025156964   0.0000047162  -0.0068231915   0.0093615427
        0.0238668606   0.0001033293   0.0001922234  -0.0000364945  -0.0009034327
       -0.0043975408   0.0029879426  -0.0001783292   0.0023255828  -0.0004160291
       -0.0005445783  -0.0005340024   0.0000944570  -0.0004139890   0.0001516391
       -0.0014786132   0.0519696729  -0.0056778512  -0.0519658304
       -0.0056256741   0.0007114192  -0.0041091151   0.0052023087  -0.0060088819
       -0.0215369204  -0.0005126713   0.0008562677  -0.0001473441   0.0007234079
       -0.0008938947   0.0004256706   0.0078132309  -0.0700632918  -0.0872911739
        0.0015223381   0.0004792532   0.0031090901  -0.0013261918   0.0014035664
        0.0073264550   0.0001195729  -0.0000407873   0.0000996367  -0.0039771851
        0.0040397314  -0.0005217329   0.0019427786  -0.0010368688   0.0020973361
       -0.0009359855  -0.0001356924   0.0005556286   0.0007319218  -0.0017127730
       -0.0009686005  -0.0056778512   0.0724019520   0.1009610696
       -0.0008178756  -0.0043868226   0.0002880264   0.0058855582  -0.0055657146
       -0.0158899870   0.0014988756  -0.0004472672  -0.0015172215  -0.0003053877
        0.0004837725  -0.0003852201   0.0415838836  -0.0872637239  -0.2413243237
       -0.0017549134   0.0017902159   0.0032233278   0.0043837180  -0.0070008096
       -0.0202044813  -0.0001749390  -0.0000129670   0.0000377417   0.0037035192
       -0.0000411040   0.0022421059  -0.0011093469   0.0015769811   0.0007156611
       -0.0005059869   0.0000954585   0.0010947435  -0.0004212746  -0.0001890886
       -0.0014986605  -0.0519658304   0.1009610696   0.2732182877
