           1           2   1.2596937517959537     
           2           5   1.2610734183717052     
           1           6  0.10547135486655504     
           2           6   1.3536663780721887     
           5           6  0.10558834158655882     
           1           7  0.10014030685595311     
           5           7   1.4579847606740557     
           3           8  0.85281860984618640     
           3           9   1.0256108983821486     
           7           9   1.3706086614118473     
           7          10  0.96688840631522899     
           1          11   1.4618242796712761     
           4          11  0.97061141561022146     
           9          11   1.3710374595340022     
           1          12  0.97239428892644764     
           5          13  0.97239228370972652     
