$hessian                                                                        
        0.3419045695  -0.0470872319   0.0575757294  -0.0993600849  -0.0326158679
        0.0399125517  -0.0477054305   0.0239199515  -0.0604000706  -0.0614080069
       -0.0509445541  -0.0431696029  -0.1334310472   0.1067277024   0.0060813924
       -0.0470872319   0.4295495721   0.0250276218  -0.0326185240  -0.0385082641
        0.0173521954   0.0187024637  -0.0642388508   0.0622561112  -0.0581690670
       -0.1652728973  -0.0906504244   0.1191723592  -0.1615295600  -0.0139855040
        0.0575757294   0.0250276218   0.4194842486   0.0399170976   0.0173765348
       -0.0455780055  -0.0478108490   0.0649224925  -0.2238684331  -0.0521790620
       -0.0984130260  -0.1091129593   0.0024970840  -0.0089136231  -0.0409248508
       -0.0993600849  -0.0326185240   0.0399170976   0.1502196875   0.0577499921
       -0.0706659855  -0.0042949496  -0.0065310023   0.0128348055  -0.0195001343
       -0.0140769845   0.0049841800  -0.0270645187  -0.0045234814   0.0129299024
       -0.0326158679  -0.0385082641   0.0173765348   0.0577499921   0.0425302887
       -0.0307298736  -0.0099610122  -0.0043369713   0.0086332301  -0.0187167945
       -0.0081980652   0.0082037172   0.0035436825   0.0085130118  -0.0034836085
        0.0399125517   0.0173521954  -0.0455780055  -0.0706659855  -0.0307298736
        0.0550292255   0.0211056162   0.0104209225  -0.0128534944  -0.0008886664
        0.0031699250   0.0062569878   0.0105364840  -0.0002131694  -0.0028547134
       -0.0477054305   0.0187024637  -0.0478108490  -0.0042949496  -0.0099610122
        0.0211056162   0.0624669377  -0.0216905863   0.0603141475  -0.0031133264
        0.0034784938  -0.0121401270  -0.0073532312   0.0094706409  -0.0214687877
        0.0239199515  -0.0642388508   0.0649224925  -0.0065310023  -0.0043369713
        0.0104209225  -0.0216905863   0.0738579148  -0.0759780763  -0.0066725675
        0.0063003718  -0.0235138554   0.0109742045  -0.0115824645   0.0241485166
       -0.0604000706   0.0622561112  -0.2238684331   0.0128348055   0.0086332301
       -0.0128534944   0.0603141475  -0.0759780763   0.2615718802  -0.0094037306
        0.0033662675  -0.0235066578  -0.0033451518   0.0017224675  -0.0013432949
       -0.0614080069  -0.0581690670  -0.0521790620  -0.0195001343  -0.0187167945
       -0.0008886664  -0.0031133264  -0.0066725675  -0.0094037306   0.0767970455
        0.0666258470   0.0510380697   0.0072244220   0.0169325820   0.0114333893
       -0.0509445541  -0.1652728973  -0.0984130260  -0.0140769845  -0.0081980652
        0.0031699250   0.0034784938   0.0063003718   0.0033662675   0.0666258470
        0.1922614509   0.1095118987  -0.0050828022  -0.0250908602  -0.0176350652
       -0.0431696029  -0.0906504244  -0.1091129593   0.0049841800   0.0082037172
        0.0062569878  -0.0121401270  -0.0235138554  -0.0235066578   0.0510380697
        0.1095118987   0.1287624510  -0.0007125198  -0.0035513362  -0.0023998217
       -0.1334310472   0.1191723592   0.0024970840  -0.0270645187   0.0035436825
        0.0105364840  -0.0073532312   0.0109742045  -0.0033451518   0.0072244220
       -0.0050828022  -0.0007125198   0.1606243751  -0.1286074440  -0.0089758964
        0.1067277024  -0.1615295600  -0.0089136231  -0.0045234814   0.0085130118
       -0.0002131694   0.0094706409  -0.0115824645   0.0017224675   0.0169325820
       -0.0250908602  -0.0035513362  -0.1286074440   0.1896898729   0.0109556612
        0.0060813924  -0.0139855040  -0.0409248508   0.0129299024  -0.0034836085
       -0.0028547134  -0.0214687877   0.0241485166  -0.0013432949   0.0114333893
       -0.0176350652  -0.0023998217  -0.0089758964   0.0109556612   0.0475226808
