$hessian                                                                        
        0.5456118486  -0.0212003574  -0.0000128611  -0.0860541915   0.0127922587
        0.0000080543  -0.0042191201   0.0033934568   0.0000012333  -0.0047226916
       -0.0299500515   0.0000000539   0.0095897163   0.0087440959   0.0000004224
       -0.0056861428  -0.0294940402  -0.0000021520  -0.0033043933  -0.0106173322
       -0.0000058493  -0.0026995853   0.0090658519  -0.0000002386  -0.0447650277
        0.0125088372   0.0000019243   0.0009047432   0.0001602997   0.0000015033
       -0.1938525046  -0.0646036130   0.0000024584  -0.2108026511   0.1092005940
        0.0000054512
       -0.0212003574   0.7338957607   0.0000161354  -0.0439169217  -0.4247634414
       -0.0000318369   0.0037496136  -0.0007081725  -0.0000070627  -0.0491006224
       -0.0589223029   0.0000002655   0.0366404530  -0.0508106245  -0.0000011147
       -0.0043125877  -0.0188513461   0.0000045979  -0.0082405197  -0.0193040173
        0.0000271640   0.0017543835   0.0102329476  -0.0000000749  -0.0043193859
        0.0332841481  -0.0000047356  -0.0008793460   0.0004465884  -0.0000058248
       -0.0165408517  -0.0901059732   0.0000005653   0.1063661424  -0.1143935669
        0.0000019215
       -0.0000128611   0.0000161354   0.0932511461   0.0000024512  -0.0000055013
       -0.0305450018  -0.0000003151   0.0000023103   0.0043792100  -0.0000005187
        0.0000000208   0.0135932297  -0.0000020713  -0.0000026554   0.0008793748
        0.0000002381   0.0000019389   0.0028789987   0.0000066111   0.0000033460
       -0.0018586446   0.0000009658  -0.0000049863   0.0014278788  -0.0000032918
        0.0000004219   0.0061065783   0.0000002217  -0.0000041245  -0.0005653206
        0.0000021818  -0.0000036638  -0.0574209066   0.0000063883  -0.0000032421
       -0.0321265429
       -0.0860541915  -0.0439169217   0.0000024512   0.5337087954   0.0514895877
       -0.0000182649   0.0008142715   0.0006109993  -0.0000026025  -0.0065326096
       -0.0063188277   0.0000001800  -0.1637411449   0.0391949372  -0.0000013054
       -0.2350847399  -0.0967551381   0.0000112417  -0.0425194868   0.0029590127
        0.0000092529   0.0010367908   0.0415773357   0.0000004030  -0.0015360767
        0.0063610390  -0.0000018256  -0.0053272637  -0.0020258349  -0.0000021457
        0.0074545271  -0.0218244202  -0.0000007103  -0.0022188717   0.0286482312
        0.0000033256
        0.0127922587  -0.4247634414  -0.0000055013   0.0514895877   0.7145605956
       -0.0000114029   0.0007209502  -0.0009589231  -0.0000028347   0.0016404121
        0.0045405821  -0.0000001078   0.0454713220  -0.0520273245   0.0000012525
       -0.0974272373  -0.0949933459   0.0000077613   0.0037060036   0.0204039139
        0.0000131984   0.0286069779  -0.0855140253   0.0000007700   0.0087997128
       -0.0210767524  -0.0000028216  -0.0026635976  -0.0013507854  -0.0000031327
       -0.0570728092  -0.0335478753   0.0000000746   0.0039364191  -0.0252726183
        0.0000027442
        0.0000080543  -0.0000318369  -0.0305450018  -0.0000182649  -0.0000114029
        0.0863337004   0.0000023897  -0.0000125526  -0.0020782157   0.0000038253
       -0.0000025600   0.0036713194   0.0000090167   0.0000087550  -0.0555358688
        0.0000075414  -0.0000029995  -0.0299547116  -0.0000357731  -0.0000151686
        0.0139068267  -0.0000032071   0.0000265447   0.0129385478   0.0000224783
       -0.0000047010  -0.0018513578  -0.0000013803   0.0000223182   0.0016241602
        0.0000027019   0.0000311139  -0.0031879120   0.0000026177  -0.0000075103
        0.0046785131
       -0.0042191201   0.0037496136  -0.0000003151   0.0008142715   0.0007209502
        0.0000023897   0.2622892903   0.1107230623  -0.0000075370   0.0045236114
        0.0013269124  -0.0000001729   0.0026160910   0.0015044006   0.0000004002
       -0.0000472757  -0.0001176128  -0.0000004850  -0.0058985307  -0.0060322228
       -0.0000022554  -0.0004027707  -0.0016751314  -0.0000000593  -0.2323074173
       -0.0938525099   0.0000074990   0.0018537448   0.0005752581   0.0000002682
       -0.0272248689  -0.0163071443   0.0000007982  -0.0019970256  -0.0006155761
       -0.0000005306
        0.0033934568  -0.0007081725   0.0000023103   0.0006109993  -0.0009589231
       -0.0000125526   0.1107230623   0.1104076596  -0.0000073434  -0.0006951981
        0.0032671542   0.0000000474   0.0026042522  -0.0013096350   0.0000005318
       -0.0000534059  -0.0000168238   0.0000027450  -0.0306936394  -0.0216074013
        0.0000133166  -0.0014864195  -0.0029697485  -0.0000000469  -0.0967251073
       -0.0929145742   0.0000012978  -0.0005978708   0.0009916671  -0.0000028489
        0.0120648405   0.0055326669  -0.0000004617   0.0008550299   0.0002861305
        0.0000030046
        0.0000012333  -0.0000070627   0.0043792100  -0.0000026025  -0.0000028347
       -0.0020782157  -0.0000075370  -0.0000073434   0.0214320317   0.0000005703
       -0.0000018898  -0.0018427310   0.0000016052   0.0000019688   0.0107053688
        0.0000001109  -0.0000016226  -0.0006460328  -0.0000074660  -0.0000029336
        0.0046695709  -0.0000006576   0.0000063186  -0.0015022827   0.0000127426
        0.0000022655  -0.0321178131  -0.0000005381   0.0000054103  -0.0053132910
        0.0000018477   0.0000092985   0.0023945438   0.0000006911  -0.0000015748
       -0.0000803590
       -0.0047226916  -0.0491006224  -0.0000005187  -0.0065326096   0.0016404121
        0.0000038253   0.0045236114  -0.0006951981   0.0000005703   0.0765823026
        0.0299104010  -0.0000007158   0.0006837227  -0.0002418898   0.0000000456
       -0.0005342066  -0.0021248272  -0.0000009359  -0.0059452674  -0.0006218157
       -0.0000031872   0.0009323578  -0.0001701900  -0.0000000207   0.0028984653
        0.0426378209   0.0000008519  -0.0001532832   0.0019242174   0.0000006481
       -0.0721850590  -0.0237223144   0.0000005045   0.0044526576   0.0005640061
       -0.0000010675
       -0.0299500515  -0.0589223029   0.0000000208  -0.0063188277   0.0045405821
       -0.0000025600   0.0013269124   0.0032671542  -0.0000018898   0.0299104010
        0.6406644791   0.0000007059  -0.0005298023  -0.0040850722   0.0000000857
       -0.0016924643  -0.0021114710  -0.0000000535   0.0074354931   0.0039232790
        0.0000025197  -0.0000620165  -0.0024969772   0.0000001918   0.0232808567
       -0.0666044233  -0.0000004707   0.0015917856  -0.0023989784  -0.0000001252
       -0.0236340915  -0.5191132587   0.0000004221  -0.0013581948   0.0033369892
        0.0000011532
        0.0000000539   0.0000002655   0.0135932297   0.0000001800  -0.0000001078
        0.0036713194  -0.0000001729   0.0000000474  -0.0018427310  -0.0000007158
        0.0000007059   0.0222049622   0.0000001617   0.0000000797  -0.0003872605
       -0.0000000868   0.0000000885  -0.0014568554   0.0000001581   0.0000002034
        0.0037000136  -0.0000001920  -0.0000000263   0.0001662977   0.0000001241
       -0.0000005537   0.0136081237  -0.0000000645  -0.0000000974  -0.0014663281
        0.0000007350  -0.0000006376  -0.0499630378  -0.0000001807   0.0000000323
       -0.0018277335
        0.0095897163   0.0366404530  -0.0000020713  -0.1637411449   0.0454713220
        0.0000090167   0.0026160910   0.0026042522   0.0000016052   0.0006837227
       -0.0005298023   0.0000001617   0.4316715055   0.0120600914   0.0000004684
       -0.0244650527   0.0119674985  -0.0000018514  -0.1711241936  -0.0324248314
       -0.0000067755  -0.0493667922  -0.0233752357  -0.0000013852   0.0043436124
       -0.0427939636   0.0000009936  -0.0241955796  -0.0086727610   0.0000017019
       -0.0181495582   0.0019968058   0.0000005472   0.0021376733  -0.0029438289
       -0.0000024113
        0.0087440959  -0.0508106245  -0.0000026554   0.0391949372  -0.0520273245
        0.0000087550   0.0015044006  -0.0013096350   0.0000019688  -0.0002418898
       -0.0040850722   0.0000000797   0.0120600914   0.6526961733   0.0000019671
       -0.0110322076   0.0068638821  -0.0000011042  -0.0265697819  -0.0445171522
       -0.0000083789  -0.0232327212  -0.4808164948  -0.0000023545  -0.0145897299
       -0.0453755830   0.0000025572   0.0143355873   0.0066227192   0.0000010787
        0.0016850494   0.0135867047   0.0000001996  -0.0018578315  -0.0008275931
       -0.0000021131
        0.0000004224  -0.0000011147   0.0008793748  -0.0000013054   0.0000012525
       -0.0555358688   0.0000004002   0.0000005318   0.0107053688   0.0000000456
        0.0000000857  -0.0003872605   0.0000004684   0.0000019671   0.1306287784
        0.0000005193  -0.0000004312   0.0018012766  -0.0000007855  -0.0000004849
       -0.0554668750  -0.0000013155  -0.0000024579  -0.0386249010   0.0000006344
        0.0000008975   0.0008776154   0.0000005774   0.0000003812   0.0017745898
       -0.0000000060  -0.0000000384  -0.0073941084   0.0000003448  -0.0000005888
        0.0107420098
       -0.0056861428  -0.0043125877   0.0000002381  -0.2350847399  -0.0974272373
        0.0000075414  -0.0000472757  -0.0000534059   0.0000001109  -0.0005342066
       -0.0016924643  -0.0000000868  -0.0244650527  -0.0110322076   0.0000005193
        0.2644170620   0.1115230934  -0.0000083738  -0.0047967651   0.0029833751
       -0.0000000972   0.0031355059  -0.0016718683  -0.0000000169   0.0009449029
        0.0008694290  -0.0000000190  -0.0019369994  -0.0005124699   0.0000001335
        0.0022047079   0.0008223451   0.0000002687   0.0018490036   0.0005039986
       -0.0000002182
       -0.0294940402  -0.0188513461   0.0000019389  -0.0967551381  -0.0949933459
       -0.0000029995  -0.0001176128  -0.0000168238  -0.0000016226  -0.0021248272
       -0.0021114710   0.0000000885   0.0119674985   0.0068638821  -0.0000004312
        0.1115230934   0.1112050143  -0.0000026508   0.0023959575  -0.0018333190
        0.0000068216  -0.0000988108   0.0018269556   0.0000000035  -0.0001888378
        0.0003269520  -0.0000012374   0.0007544063   0.0003198849  -0.0000015424
        0.0028044676  -0.0037361128  -0.0000000984  -0.0006661564   0.0009997297
        0.0000017297
       -0.0000021520   0.0000045979   0.0028789987   0.0000112417   0.0000077613
       -0.0299547116  -0.0000004850   0.0000027450  -0.0006460328  -0.0000009359
       -0.0000000535  -0.0014568554  -0.0000018514  -0.0000011042   0.0018012766
       -0.0000083738  -0.0000026508   0.0211060075   0.0000077496   0.0000036666
        0.0016438157   0.0000002478  -0.0000059852  -0.0012448869  -0.0000046447
        0.0000007278  -0.0005709631   0.0000004270  -0.0000048462   0.0004995021
       -0.0000004041  -0.0000064638   0.0112522478  -0.0000008193   0.0000016051
       -0.0053083987
       -0.0033043933  -0.0082405197   0.0000066111  -0.0425194868   0.0037060036
       -0.0000357731  -0.0058985307  -0.0306936394  -0.0000074660  -0.0059452674
        0.0074354931   0.0000001581  -0.1711241936  -0.0265697819  -0.0000007855
       -0.0047967651   0.0023959575   0.0000077496   0.5248562968  -0.0315489286
        0.0000261223  -0.0074001656  -0.0497712303  -0.0000001913  -0.0865220448
        0.0081667327  -0.0000048452  -0.2132244122   0.1092553231   0.0000010261
        0.0152390621   0.0166530890  -0.0000011406   0.0006399004  -0.0007884990
        0.0000085345
       -0.0106173322  -0.0193040173   0.0000033460   0.0029590127   0.0204039139
       -0.0000151686  -0.0060322228  -0.0216074013  -0.0000029336  -0.0006218157
        0.0039232790   0.0000002034  -0.0324248314  -0.0445171522  -0.0000004849
        0.0029833751  -0.0018333190   0.0000036666  -0.0315489286   0.7231898293
        0.0000146309  -0.0370740928  -0.0769336850  -0.0000016843  -0.0485105115
       -0.4242663365   0.0000051254   0.1098989579  -0.1169180255  -0.0000091614
        0.0519274088  -0.0413423829  -0.0000012288  -0.0009390194  -0.0007947026
        0.0000036893
       -0.0000058493   0.0000271640  -0.0018586446   0.0000092529   0.0000131984
        0.0139068267  -0.0000022554   0.0000133166   0.0046695709  -0.0000031872
        0.0000025197   0.0037000136  -0.0000067755  -0.0000083789  -0.0554668750
       -0.0000000972   0.0000068216   0.0016438157   0.0000261223   0.0000146309
        0.0863897585   0.0000026229  -0.0000271721   0.0128471386  -0.0000197369
        0.0000091244  -0.0305794746   0.0000085620  -0.0000270171  -0.0299242927
       -0.0000060869  -0.0000308933  -0.0032517011  -0.0000025715   0.0000066858
       -0.0020761361
       -0.0026995853   0.0017543835   0.0000009658   0.0010367908   0.0286069779
       -0.0000032071  -0.0004027707  -0.0014864195  -0.0000006576   0.0009323578
       -0.0000620165  -0.0000001920  -0.0493667922  -0.0232327212  -0.0000013155
        0.0031355059  -0.0000988108   0.0000002478  -0.0074001656  -0.0370740928
        0.0000026229   0.0567434463   0.0307250233   0.0000016862  -0.0037701574
       -0.0001104837  -0.0000001592   0.0033011103  -0.0000456707  -0.0000011007
       -0.0014154651  -0.0001427194   0.0000002524  -0.0000942749   0.0011665499
        0.0000008571
        0.0090658519   0.0102329476  -0.0000049863   0.0415773357  -0.0855140253
        0.0000265447  -0.0016751314  -0.0029697485   0.0000063186  -0.0001701900
       -0.0024969772  -0.0000000263  -0.0233752357  -0.4808164948  -0.0000024579
       -0.0016718683   0.0018269556  -0.0000059852  -0.0497712303  -0.0769336850
       -0.0000271721   0.0307250233   0.6285756651   0.0000030377  -0.0075937566
        0.0112106596   0.0000049274   0.0015191611   0.0016779442   0.0000060558
       -0.0000162817  -0.0015059756   0.0000000816   0.0013863221  -0.0032872658
       -0.0000063381
       -0.0000002386  -0.0000000749   0.0014278788   0.0000004030   0.0000007700
        0.0129385478  -0.0000000593  -0.0000000469  -0.0015022827  -0.0000000207
        0.0000001918   0.0001662977  -0.0000013852  -0.0000023545  -0.0386249010
       -0.0000000169   0.0000000035  -0.0012448869  -0.0000001913  -0.0000016843
        0.0128471386   0.0000016862   0.0000030377   0.0151011407  -0.0000004385
        0.0000004148   0.0014477104   0.0000000096  -0.0000000057  -0.0012226253
        0.0000002889  -0.0000003195   0.0001965907  -0.0000000372   0.0000000680
       -0.0015306086
       -0.0447650277  -0.0043193859  -0.0000032918  -0.0015360767   0.0087997128
        0.0000224783  -0.2323074173  -0.0967251073   0.0000127426   0.0028984653
        0.0232808567   0.0000001241   0.0043436124  -0.0145897299   0.0000006344
        0.0009449029  -0.0001888378  -0.0000046447  -0.0865220448  -0.0485105115
       -0.0000197369  -0.0037701574  -0.0075937566  -0.0000004385   0.5521982657
        0.0403697400  -0.0000084891  -0.0023234086   0.0277212011   0.0000042660
       -0.1842069924   0.0746973258   0.0000018164  -0.0049541216  -0.0029415073
       -0.0000054609
        0.0125088372   0.0332841481   0.0000004219   0.0063610390  -0.0210767524
       -0.0000047010  -0.0938525099  -0.0929145742   0.0000022655   0.0426378209
       -0.0666044233  -0.0000005537  -0.0427939636  -0.0453755830   0.0000008975
        0.0008694290   0.0003269520   0.0000007278   0.0081667327  -0.4242663365
        0.0000091244  -0.0001104837   0.0112106596   0.0000004148   0.0403697400
        0.7273391078  -0.0000104764   0.0026167970  -0.0221971543   0.0000002834
        0.0264866063  -0.0997229694   0.0000003014  -0.0032600449  -0.0000030745
        0.0000012943
        0.0000019243  -0.0000047356   0.0061065783  -0.0000018256  -0.0000028216
       -0.0018513578   0.0000074990   0.0000012978  -0.0321178131   0.0000008519
       -0.0000004707   0.0136081237   0.0000009936   0.0000025572   0.0008776154
       -0.0000000190  -0.0000012374  -0.0005709631  -0.0000048452   0.0000051254
       -0.0305794746  -0.0000001592   0.0000049274   0.0014477104  -0.0000084891
       -0.0000104764   0.0932576461  -0.0000000666   0.0000033879   0.0028818025
        0.0000035455   0.0000036750  -0.0574343532   0.0000005903  -0.0000012290
        0.0043744854
        0.0009047432  -0.0008793460   0.0000002217  -0.0053272637  -0.0026635976
       -0.0000013803   0.0018537448  -0.0005978708  -0.0000005381  -0.0001532832
        0.0015917856  -0.0000000645  -0.0241955796   0.0143355873   0.0000005774
       -0.0019369994   0.0007544063   0.0000004270  -0.2132244122   0.1098989579
        0.0000085620   0.0033011103   0.0015191611   0.0000000096  -0.0023234086
        0.0026167970  -0.0000000666   0.2393777261  -0.1251050086  -0.0000084164
        0.0017547580  -0.0015237546   0.0000002485  -0.0000311358   0.0000528823
        0.0000004197
        0.0001602997   0.0004465884  -0.0000041245  -0.0020258349  -0.0013507854
        0.0000223182   0.0005752581   0.0009916671   0.0000054103   0.0019242174
       -0.0023989784  -0.0000000974  -0.0086727610   0.0066227192   0.0000003812
       -0.0005124699   0.0003198849  -0.0000048462   0.1092553231  -0.1169180255
       -0.0000270171  -0.0000456707   0.0016779442  -0.0000000057   0.0277212011
       -0.0221971543   0.0000033879  -0.1251050086   0.1362424404   0.0000100228
       -0.0033941681  -0.0033977218   0.0000000746   0.0001196138  -0.0000385788
       -0.0000055040
        0.0000015033  -0.0000058248  -0.0005653206  -0.0000021457  -0.0000031327
        0.0016241602   0.0000002682  -0.0000028489  -0.0053132910   0.0000006481
       -0.0000001252  -0.0014663281   0.0000017019   0.0000010787   0.0017745898
        0.0000001335  -0.0000015424   0.0004995021   0.0000010261  -0.0000091614
       -0.0299242927  -0.0000011007   0.0000060558  -0.0012226253   0.0000042660
        0.0000002834   0.0028818025  -0.0000084164   0.0000100228   0.0210846524
        0.0000015087   0.0000066675   0.0112714263   0.0000006071  -0.0000014727
       -0.0006442755
       -0.1938525046  -0.0165408517   0.0000021818   0.0074545271  -0.0570728092
        0.0000027019  -0.0272248689   0.0120648405   0.0000018477  -0.0721850590
       -0.0236340915   0.0000007350  -0.0181495582   0.0016850494  -0.0000000060
        0.0022047079   0.0028044676  -0.0000004041   0.0152390621   0.0519274088
       -0.0000060869  -0.0014154651  -0.0000162817   0.0000002889  -0.1842069924
        0.0264866063   0.0000035455   0.0017547580  -0.0033941681   0.0000015087
        0.4968082953   0.0143713233  -0.0000059168  -0.0264269023  -0.0086814937
       -0.0000003957
       -0.0646036130  -0.0901059732  -0.0000036638  -0.0218244202  -0.0335478753
        0.0000311139  -0.0163071443   0.0055326669   0.0000092985  -0.0237223144
       -0.5191132587  -0.0000006376   0.0019968058   0.0135867047  -0.0000000384
        0.0008223451  -0.0037361128  -0.0000064638   0.0166530890  -0.0413423829
       -0.0000308933  -0.0001427194  -0.0015059756  -0.0000003195   0.0746973258
       -0.0997229694   0.0000036750  -0.0015237546  -0.0033977218   0.0000066675
        0.0143713233   0.7686130162  -0.0000002287   0.0195830769   0.0047398817
       -0.0000085099
        0.0000024584   0.0000005653  -0.0574209066  -0.0000007103   0.0000000746
       -0.0031879120   0.0000007982  -0.0000004617   0.0023945438   0.0000005045
        0.0000004221  -0.0499630378   0.0000005472   0.0000001996  -0.0073941084
        0.0000002687  -0.0000000984   0.0112522478  -0.0000011406  -0.0000012288
       -0.0032517011   0.0000002524   0.0000000816   0.0001965907   0.0000018164
        0.0000003014  -0.0574343532   0.0000002485   0.0000000746   0.0112714263
       -0.0000059168  -0.0000002287   0.1511673917   0.0000008733   0.0000002983
        0.0023698188
       -0.2108026511   0.1063661424   0.0000063883  -0.0022188717   0.0039364191
        0.0000026177  -0.0019970256   0.0008550299   0.0000006911   0.0044526576
       -0.0013581948  -0.0000001807   0.0021376733  -0.0018578315   0.0000003448
        0.0018490036  -0.0006661564  -0.0000008193   0.0006399004  -0.0009390194
       -0.0000025715  -0.0000942749   0.0013863221  -0.0000000372  -0.0049541216
       -0.0032600449   0.0000005903  -0.0000311358   0.0001196138   0.0000006071
       -0.0264269023   0.0195830769   0.0000008733   0.2374457481  -0.1241653572
       -0.0000085039
        0.1092005940  -0.1143935669  -0.0000032421   0.0286482312  -0.0252726183
       -0.0000075103  -0.0006155761   0.0002861305  -0.0000015748   0.0005640061
        0.0033369892   0.0000000323  -0.0029438289  -0.0008275931  -0.0000005888
        0.0005039986   0.0009997297   0.0000016051  -0.0007884990  -0.0007947026
        0.0000066858   0.0011665499  -0.0032872658   0.0000000680  -0.0029415073
       -0.0000030745  -0.0000012290   0.0000528823  -0.0000385788  -0.0000014727
       -0.0086814937   0.0047398817   0.0000002983  -0.1241653572   0.1352546689
        0.0000069282
        0.0000054512   0.0000019215  -0.0321265429   0.0000033256   0.0000027442
        0.0046785131  -0.0000005306   0.0000030046  -0.0000803590  -0.0000010675
        0.0000011532  -0.0018277335  -0.0000024113  -0.0000021131   0.0107420098
       -0.0000002182   0.0000017297  -0.0053083987   0.0000085345   0.0000036893
       -0.0020761361   0.0000008571  -0.0000063381  -0.0015306086  -0.0000054609
        0.0000012943   0.0043744854   0.0000004197  -0.0000055040  -0.0006442755
       -0.0000003957  -0.0000085099   0.0023698188  -0.0000085039   0.0000069282
        0.0214292271
