$hessian                                                                        
        0.7676923125   0.5206046602   0.0438341127  -0.7350837708  -0.4776162456
       -0.0445061618  -0.0324581722  -0.0467855021   0.0042290704  -0.0001503695
        0.0037970876  -0.0035570212
        0.5206046602   0.3836013813   0.0311021360  -0.4797388052  -0.3713666289
       -0.0297908315  -0.0362912054  -0.0137292850  -0.0006566289  -0.0045746496
        0.0014945326  -0.0006546756
        0.0438341127   0.0311021360   0.0238321553  -0.0435270871  -0.0289859036
       -0.0433105572  -0.0009901972  -0.0048463365   0.0167944381   0.0006831716
        0.0027301040   0.0026839638
       -0.7350837708  -0.4797388052  -0.0435270871   1.1469236191   0.7666659099
        0.0524656716  -0.3794838221  -0.2460924719  -0.0192463840  -0.0323560262
       -0.0408346328   0.0103077996
       -0.4776162456  -0.3713666289  -0.0289859036   0.7666659099   0.6610862503
        0.0179698250  -0.2958637958  -0.2801163976   0.0070924172   0.0068141316
       -0.0096032238   0.0039236614
       -0.0445061618  -0.0297908315  -0.0433105572   0.0524656716   0.0179698250
        0.0869801912   0.0056598053   0.0271279293  -0.0388016352  -0.0136193150
       -0.0153069228  -0.0048679988
       -0.0324581722  -0.0362912054  -0.0009901972  -0.3794838221  -0.2958637958
        0.0056598053   0.6698922166   0.2197542537   0.1568211497  -0.2579502222
        0.1124007475  -0.1614907578
       -0.0467855021  -0.0137292850  -0.0048463365  -0.2460924719  -0.2801163976
        0.0271279293   0.2197542537   0.3396306967  -0.0760696256   0.0731237203
       -0.0457850141   0.0537880327
        0.0042290704  -0.0006566289   0.0167944381  -0.0192463840   0.0070924172
       -0.0388016352   0.1568211497  -0.0760696256   0.1115388879  -0.1418038361
        0.0696338373  -0.0895316908
       -0.0001503695  -0.0045746496   0.0006831716  -0.0323560262   0.0068141316
       -0.0136193150  -0.2579502222   0.0731237203  -0.1418038361   0.2904566179
       -0.0753632022   0.1547399795
        0.0037970876   0.0014945326   0.0027301040  -0.0408346328  -0.0096032238
       -0.0153069228   0.1124007475  -0.0457850141   0.0696338373  -0.0753632022
        0.0538937053  -0.0570570185
       -0.0035570212  -0.0006546756   0.0026839638   0.0103077996   0.0039236614
       -0.0048679988  -0.1614907578   0.0537880327  -0.0895316908   0.1547399795
       -0.0570570185   0.0917157258
