$hessian                                                                        
        0.4431459932   0.0050694131   0.0263548574  -0.1445269717  -0.0381486618
        0.0622983689  -0.0409855171  -0.0125009030  -0.0038288607  -0.1734505326
        0.0711206787  -0.0503997939  -0.0500420458  -0.0094170527  -0.0439081866
       -0.0308818124  -0.0128322470   0.0047041288  -0.0015107416   0.0005956624
       -0.0002133949   0.0003530322  -0.0001248739  -0.0006978041  -0.0015183262
       -0.0049870763  -0.0013362268  -0.0002053659  -0.0002481521   0.0004054165
       -0.0007220904  -0.0005860407   0.0007195222   0.0004370190   0.0020774347
        0.0058730165  -0.0002013031   0.0001347587  -0.0001174438   0.0001633455
       -0.0002476118   0.0000339374  -0.0000546831   0.0000946718   0.0001124632
        0.0050694131   0.4458560587   0.0207826309  -0.0381135008  -0.0664735010
        0.0220672058  -0.0199834946  -0.2317650804  -0.0141847170   0.0769456257
       -0.0820543021   0.0253958164  -0.0091326698  -0.0594487088  -0.0564772765
       -0.0137251014  -0.0103996795   0.0046432594   0.0042291831  -0.0011004077
       -0.0027776578   0.0000360040  -0.0000210224  -0.0000705513  -0.0057074800
        0.0061332714  -0.0022554722  -0.0016277574  -0.0006431088   0.0009372400
        0.0008342946   0.0006331432  -0.0007672158   0.0007477536  -0.0010236207
        0.0028875029   0.0001542467  -0.0001339553   0.0000779021   0.0002741092
        0.0005053737  -0.0002893438  -0.0000006259  -0.0000644600   0.0000306768
        0.0263548574   0.0207826309   0.4876201764   0.0608866971   0.0212272754
       -0.1137371811  -0.0056783806  -0.0201899913  -0.0444264828  -0.0579717737
        0.0264988865  -0.0624577149  -0.0421992181  -0.0556163894  -0.2553242803
       -0.0000442334   0.0019428446   0.0093241225   0.0230613085   0.0089837693
       -0.0199826413  -0.0002944048   0.0001561733   0.0003419697  -0.0012993018
       -0.0023926499   0.0007484697  -0.0001851015   0.0001787414   0.0002579940
       -0.0003398189   0.0000025482   0.0002622990  -0.0022346179  -0.0012444751
       -0.0028219571   0.0000648582  -0.0001140066  -0.0000037658  -0.0001475407
       -0.0002959046   0.0002055296   0.0000266704   0.0000805474  -0.0000065377
       -0.1445269717  -0.0381135008   0.0608866971   0.5527484684   0.2538197824
        0.0468876815  -0.0123347269  -0.0180358027   0.0073828922  -0.0353902214
       -0.0077294219   0.0160358341   0.0022827986   0.0012379079   0.0033249870
       -0.2849522435  -0.1514755092  -0.1187013978  -0.0378033779  -0.0146240306
       -0.0069522696  -0.0003152853  -0.0003199114  -0.0008670272  -0.0320715624
       -0.0162132105   0.0049794180  -0.0031294913  -0.0012981042   0.0018460857
       -0.0014211479   0.0013476451  -0.0007956973  -0.0038377266  -0.0078420208
       -0.0146858794   0.0003485166  -0.0002664885   0.0005672752   0.0004519811
       -0.0005781271   0.0001940760  -0.0000490098   0.0000907921  -0.0001026755
       -0.0381486618  -0.0664735010   0.0212272754   0.2538197824   0.2095509282
        0.1002942059  -0.0275744451  -0.0109806519   0.0175530041  -0.0015725645
        0.0077170418  -0.0057437367   0.0043171980   0.0026186167  -0.0022038865
       -0.1500075792  -0.1102558287  -0.0760220947  -0.0141454435  -0.0248628314
       -0.0428667830  -0.0000738976   0.0002298761   0.0004200802  -0.0137699109
       -0.0077380837   0.0023639376  -0.0002600081   0.0000097747   0.0002954768
       -0.0006118020   0.0004082061   0.0003819831  -0.0113402523  -0.0008538896
       -0.0155647963  -0.0002873906   0.0005501168  -0.0003838874  -0.0003240271
       -0.0003086151   0.0002083433  -0.0000209975   0.0003888408   0.0000408783
        0.0622983689   0.0220672058  -0.1137371811   0.0468876815   0.1002942059
        0.5608507006   0.0015363427   0.0041497993   0.0018811438  -0.0005932308
       -0.0036863237   0.0064845385   0.0219834070   0.0072788515  -0.0236993676
       -0.1107415429  -0.0722646600  -0.1244454556  -0.0050617844  -0.0420811966
       -0.2627310336   0.0020112807   0.0012851248   0.0002460090   0.0135905212
        0.0066398198   0.0032421779   0.0038137071   0.0010691345  -0.0019252589
        0.0015189488   0.0008957913  -0.0010446463  -0.0376285929  -0.0268035786
       -0.0446119795   0.0000464071   0.0000496049   0.0002629657   0.0003372994
        0.0009768756  -0.0004695003   0.0000011865   0.0001293454  -0.0003031125
       -0.0409855171  -0.0199834946  -0.0056783806  -0.0123347269  -0.0275744451
        0.0015363427   0.0547635599   0.0248664609   0.0014023921  -0.0011787820
        0.0305120122   0.0010944023  -0.0003534014  -0.0072193261  -0.0017534581
        0.0016553450  -0.0017328672   0.0061230268   0.0004762761   0.0003030598
       -0.0001800498  -0.0000431666   0.0000002442   0.0001448066  -0.0015484003
        0.0009145247  -0.0003558439  -0.0005184075  -0.0001527464   0.0002358698
        0.0000806364   0.0001999360  -0.0001570040   0.0000015656  -0.0001839070
       -0.0024583243   0.0000345260   0.0000266377  -0.0000129464  -0.0000653846
       -0.0000275457   0.0000589011   0.0000158773   0.0000514568   0.0000002659
       -0.0125009030  -0.2317650804  -0.0201899913  -0.0180358027  -0.0109806519
        0.0041497993   0.0248664609   0.2805523733   0.0168883075   0.0041950849
       -0.0252892932  -0.0008916275  -0.0011634853  -0.0131131774  -0.0035438037
        0.0043922457  -0.0010242413   0.0060122983   0.0003601196   0.0007295722
        0.0005775037  -0.0001388385   0.0000992514   0.0003803085  -0.0007359214
        0.0005673082  -0.0002613854  -0.0005175950  -0.0000611573   0.0001520138
        0.0000814066   0.0002432310  -0.0001238595  -0.0006940091   0.0000587627
       -0.0032478172   0.0000343824   0.0000352321  -0.0000600783  -0.0001880603
       -0.0001285629   0.0001683090   0.0000449151   0.0000764335  -0.0000099771
       -0.0038288607  -0.0141847170  -0.0444264828   0.0073828922   0.0175530041
        0.0018811438   0.0014023921   0.0168883075   0.0479949347  -0.0014793082
        0.0124990086   0.0010844343  -0.0032488304  -0.0334749363  -0.0052260064
       -0.0009000336   0.0010464787  -0.0036339571  -0.0002512364   0.0002409768
        0.0003422236   0.0000137670   0.0000196496  -0.0000405279   0.0009698160
       -0.0008129178   0.0003008882   0.0003056189   0.0000994549  -0.0001295068
       -0.0000578721  -0.0001089283   0.0000903379  -0.0002769886   0.0002587036
        0.0017623207  -0.0000371181  -0.0000095984   0.0000031829   0.0000044735
       -0.0000136792   0.0000011852   0.0000012886  -0.0000008068  -0.0000041702
       -0.1734505326   0.0769456257  -0.0579717737  -0.0353902214  -0.0015725645
       -0.0005932308  -0.0011787820   0.0041950849  -0.0014793082   0.2175090929
       -0.0866852884   0.0608165607  -0.0081611532   0.0042962242  -0.0054792127
       -0.0000078291   0.0068857117   0.0072158113   0.0009230607   0.0001372346
        0.0003853033  -0.0000193790   0.0000540008   0.0001390273   0.0001678045
       -0.0023903662   0.0003156075   0.0000872161   0.0000333231   0.0000235418
       -0.0005557293  -0.0000434535   0.0002343701   0.0001736885  -0.0013516693
       -0.0039796360   0.0000623453  -0.0000711368   0.0001603563  -0.0001382842
       -0.0004501965   0.0002716020  -0.0000212974   0.0000174702  -0.0000590190
        0.0711206787  -0.0820543021   0.0264988865  -0.0077294219   0.0077170418
       -0.0036863237   0.0305120122  -0.0252892932   0.0124990086  -0.0866852884
        0.0970671959  -0.0332635789  -0.0057399488   0.0032737803  -0.0024222405
       -0.0014145232  -0.0006626889   0.0004800634   0.0000370740   0.0000528971
       -0.0004096184   0.0000515209  -0.0000045187  -0.0000708831  -0.0001822157
       -0.0005215242   0.0000172625   0.0000186734  -0.0000076333  -0.0000032349
       -0.0000412389  -0.0000614340   0.0000522653   0.0000837106   0.0004096608
        0.0003337100  -0.0000500435   0.0000484161  -0.0000340237   0.0000187508
        0.0000016430  -0.0000012895   0.0000002598   0.0000307595   0.0000099965
       -0.0503997939   0.0253958164  -0.0624577149   0.0160358341  -0.0057437367
        0.0064845385   0.0010944023  -0.0008916275   0.0010844343   0.0608165607
       -0.0332635789   0.0691572802  -0.0286159641   0.0148865509  -0.0136033725
        0.0011139298  -0.0012588242  -0.0024855046   0.0000997834  -0.0002473159
        0.0006305181  -0.0000394589  -0.0000151387   0.0000999631  -0.0000571052
        0.0012438115  -0.0000866946  -0.0000368102  -0.0000178287  -0.0000044427
        0.0001632751   0.0001229627  -0.0001373740  -0.0002413382  -0.0002325469
        0.0013405988   0.0000526315  -0.0000374479   0.0000406505   0.0000211147
        0.0000921925  -0.0000512777  -0.0000070612  -0.0000332886  -0.0000116024
       -0.0500420458  -0.0091326698  -0.0421992181   0.0022827986   0.0043171980
        0.0219834070  -0.0003534014  -0.0011634853  -0.0032488304  -0.0081611532
       -0.0057399488  -0.0286159641   0.0572819184   0.0116540734   0.0470599227
        0.0007051613   0.0008917061   0.0044269541  -0.0037710185  -0.0018081628
        0.0039551543   0.0001261379  -0.0000085768  -0.0001626595   0.0006065262
        0.0002161955  -0.0005641288  -0.0000133113  -0.0000044369  -0.0000804697
        0.0000311420  -0.0000653073  -0.0000355196   0.0013202847   0.0007621963
       -0.0024579941  -0.0000213036   0.0000661968  -0.0000215115   0.0000121830
        0.0000594403  -0.0000416276  -0.0000039183  -0.0000444186   0.0000024854
       -0.0094170527  -0.0594487088  -0.0556163894   0.0012379079   0.0026186167
        0.0072788515  -0.0072193261  -0.0131131774  -0.0334749363   0.0042962242
        0.0032737803   0.0148865509   0.0116540734   0.0661682308   0.0646198501
        0.0000275255   0.0006680246   0.0020214349  -0.0019031986   0.0003839401
        0.0014388774   0.0000589735  -0.0000207378  -0.0000710629   0.0001898711
        0.0001302993  -0.0003132174   0.0000178859  -0.0000003585  -0.0000163492
       -0.0000016228  -0.0000498383   0.0000193529   0.0010492553  -0.0006121921
       -0.0007394109   0.0000063592   0.0000160714  -0.0000013406   0.0000236406
        0.0000138797  -0.0000346770  -0.0000205165  -0.0000278299   0.0000024662
       -0.0439081866  -0.0564772765  -0.2553242803   0.0033249870  -0.0022038865
       -0.0236993676  -0.0017534581  -0.0035438037  -0.0052260064  -0.0054792127
       -0.0024222405  -0.0136033725   0.0470599227   0.0646198501   0.2994160722
       -0.0018349457  -0.0012893778  -0.0024097617   0.0037002626   0.0012203076
       -0.0025957170  -0.0000859881   0.0000363881   0.0001079411  -0.0004061757
       -0.0002290079  -0.0001543059  -0.0000041224  -0.0000173226   0.0001720847
       -0.0000654034  -0.0000608765   0.0000426533  -0.0005676471   0.0003434943
        0.0032046288  -0.0000155631  -0.0000599668  -0.0000405708  -0.0000051771
       -0.0000206032   0.0000280957   0.0000407077   0.0001043220   0.0000819062
       -0.0308818124  -0.0137251014  -0.0000442334  -0.2849522435  -0.1500075792
       -0.1107415429   0.0016553450   0.0043922457  -0.0009000336  -0.0000078291
       -0.0014145232   0.0011139298   0.0007051613   0.0000275255  -0.0018349457
        0.5231768307   0.2118095271   0.1518853988  -0.0026928064   0.0043651720
        0.0013900746   0.0031162897  -0.0005571536  -0.0027287456  -0.1028228423
       -0.0131737140   0.0232694789  -0.0262546521  -0.0082058454   0.0147826540
        0.0010783847  -0.0098064147   0.0033874375  -0.0833267241  -0.0270816899
       -0.0767239510  -0.0000376220   0.0013306381  -0.0015892606   0.0008866122
        0.0024019946  -0.0012698691   0.0003579085  -0.0003550814   0.0000036083
       -0.0128322470  -0.0103996795   0.0019428446  -0.1514755092  -0.1102558287
       -0.0722646600  -0.0017328672  -0.0010242413   0.0010464787   0.0068857117
       -0.0006626889  -0.0012588242   0.0008917061   0.0006680246  -0.0012893778
        0.2118095271   0.2901309587   0.1536056203   0.0002070712  -0.0094412345
       -0.0012026601   0.0107300924   0.0023260630  -0.0115229026  -0.0197513254
       -0.0638233964   0.0107443758  -0.0014081827   0.0011135327  -0.0013409334
       -0.0175655536  -0.0119769066   0.0173417758  -0.0240801306  -0.0809113031
       -0.0983389203  -0.0003777834   0.0008169127  -0.0000585446  -0.0003426032
       -0.0057762605   0.0023684491  -0.0009579061  -0.0007839522   0.0002272786
        0.0047041288   0.0046432594   0.0093241225  -0.1187013978  -0.0760220947
       -0.1244454556   0.0061230268   0.0060122983  -0.0036339571   0.0072158113
        0.0004800634  -0.0024855046   0.0044269541   0.0020214349  -0.0024097617
        0.1518853988   0.1536056203   0.6765444905  -0.0210188661  -0.0128538563
       -0.0213842425   0.0122996742   0.0014206798  -0.0182464620   0.0200073924
        0.0067060102  -0.0668387288  -0.0115322395  -0.0023912940   0.0070917276
        0.0055730601   0.0119789169  -0.0061936524  -0.0592942622  -0.0904824901
       -0.4485371823   0.0000611122   0.0001164233  -0.0001548948  -0.0009529705
       -0.0019308986   0.0012539149  -0.0007968224  -0.0033040728   0.0001155863
       -0.0015107416   0.0042291831   0.0230613085  -0.0378033779  -0.0141454435
       -0.0050617844   0.0004762761   0.0003601196  -0.0002512364   0.0009230607
        0.0000370740   0.0000997834  -0.0037710185  -0.0019031986   0.0037002626
       -0.0026928064   0.0002070712  -0.0210188661   0.0482373581   0.0179922179
        0.0051522823  -0.0015124587  -0.0002723406   0.0003495023  -0.0005154326
       -0.0000045097  -0.0024808073   0.0000186163   0.0000203914   0.0001389653
        0.0001238702   0.0001856707  -0.0000976078  -0.0021069328  -0.0068922458
       -0.0036745758   0.0001741735  -0.0001002356   0.0000401365  -0.0000784054
        0.0001005346   0.0000267157   0.0000378192   0.0001857113   0.0000159210
        0.0005956624  -0.0011004077   0.0089837693  -0.0146240306  -0.0248628314
       -0.0420811966   0.0003030598   0.0007295722   0.0002409768   0.0001372346
        0.0000528971  -0.0002473159  -0.0018081628   0.0003839401   0.0012203076
        0.0043651720  -0.0094412345  -0.0128538563   0.0179922179   0.0298778626
        0.0481859589  -0.0006595351   0.0002088276   0.0002203835   0.0007701666
       -0.0017777581  -0.0003641307   0.0004522797   0.0001511709   0.0000063526
       -0.0005024222  -0.0001127419   0.0000054567  -0.0072061826   0.0062020938
       -0.0036057992   0.0000798114  -0.0002623750   0.0000902475   0.0000008030
       -0.0001617694   0.0001639941   0.0001039258   0.0001127537   0.0000348516
       -0.0002133949  -0.0027776578  -0.0199826413  -0.0069522696  -0.0428667830
       -0.2627310336  -0.0001800498   0.0005775037   0.0003422236   0.0003853033
       -0.0004096184   0.0006305181   0.0039551543   0.0014388774  -0.0025957170
        0.0013900746  -0.0012026601  -0.0213842425   0.0051522823   0.0481859589
        0.3045404173  -0.0003338105   0.0006824613   0.0018723410   0.0011344032
        0.0005677270   0.0002931100   0.0003208221   0.0001799360   0.0001879735
       -0.0000798609   0.0002426550   0.0000073754  -0.0047589717  -0.0042765305
       -0.0016084316   0.0002354456  -0.0004255147   0.0002094509  -0.0000889750
       -0.0001841801   0.0001844191   0.0000338470   0.0002678254   0.0000342374
        0.0003530322   0.0000360040  -0.0002944048  -0.0003152853  -0.0000738976
        0.0020112807  -0.0000431666  -0.0001388385   0.0000137670  -0.0000193790
        0.0000515209  -0.0000394589   0.0001261379   0.0000589735  -0.0000859881
        0.0031162897   0.0107300924   0.0122996742  -0.0015124587  -0.0006595351
       -0.0003338105   0.0490718551   0.0052247117   0.0102593151  -0.0455586490
       -0.0020772465  -0.0078078113  -0.0036517823  -0.0161539407  -0.0261796506
        0.0007277806   0.0026957915   0.0033456930  -0.0033630509  -0.0013051882
        0.0062553554   0.0002600299   0.0003947263   0.0006676246   0.0000899752
       -0.0002117861  -0.0003634799   0.0007186713   0.0014286123   0.0002518943
       -0.0001248739  -0.0000210224   0.0001561733  -0.0003199114   0.0002298761
        0.0012851248   0.0000002442   0.0000992514   0.0000196496   0.0000540008
       -0.0000045187  -0.0000151387  -0.0000085768  -0.0000207378   0.0000363881
       -0.0005571536   0.0023260630   0.0014206798  -0.0002723406   0.0002088276
        0.0006824613   0.0052247117   0.1358647346   0.1193931451  -0.0032570281
       -0.1102035403  -0.1005665539  -0.0007490738   0.0012621658  -0.0000301470
        0.0001665849  -0.0247396469  -0.0253307787  -0.0006607389   0.0008283859
        0.0022941500  -0.0002165276   0.0010528145  -0.0004576766  -0.0002245614
        0.0008228770  -0.0003563121   0.0009452444  -0.0077055299   0.0014688351
       -0.0006978041  -0.0000705513   0.0003419697  -0.0008670272   0.0004200802
        0.0002460090   0.0001448066   0.0003803085  -0.0000405279   0.0001390273
       -0.0000708831   0.0000999631  -0.0001626595  -0.0000710629   0.0001079411
       -0.0027287456  -0.0115229026  -0.0182464620   0.0003495023   0.0002203835
        0.0018723410   0.0102593151   0.1193931451   0.2193800715  -0.0089541591
       -0.1044973187  -0.1879568036  -0.0038822930  -0.0100815079  -0.0165053631
        0.0003883202   0.0025194565   0.0045220212   0.0061948562   0.0024641714
       -0.0062219571   0.0003608266   0.0000780370   0.0006002587  -0.0004682054
       -0.0002360934   0.0008053327  -0.0000757604   0.0010747378   0.0009952056
       -0.0015183262  -0.0057074800  -0.0012993018  -0.0320715624  -0.0137699109
        0.0135905212  -0.0015484003  -0.0007359214   0.0009698160   0.0001678045
       -0.0001822157  -0.0000571052   0.0006065262   0.0001898711  -0.0004061757
       -0.1028228423  -0.0197513254   0.0200073924  -0.0005154326   0.0007701666
        0.0011344032  -0.0455586490  -0.0032570281  -0.0089541591   0.4573553535
       -0.0074320389   0.0569687669  -0.2141902919   0.0197760154  -0.0881308480
       -0.0643845030   0.0238118581  -0.0093230618   0.0073001923   0.0028858737
        0.0165423940  -0.0055534947   0.0260703119  -0.0078544978   0.0020532190
       -0.0223738926   0.0067993932   0.0006804069  -0.0002942838   0.0000124625
       -0.0049870763   0.0061332714  -0.0023926499  -0.0162132105  -0.0077380837
        0.0066398198   0.0009145247   0.0005673082  -0.0008129178  -0.0023903662
       -0.0005215242   0.0012438115   0.0002161955   0.0001302993  -0.0002290079
       -0.0131737140  -0.0638233964   0.0067060102  -0.0000045097  -0.0017777581
        0.0005677270  -0.0020772465  -0.1102035403  -0.1044973187  -0.0074320389
        0.4410837991   0.0443234917   0.0231595366  -0.0433441994   0.0072720105
        0.0130118581  -0.1834256843   0.0319634617   0.0035647834   0.0102130060
       -0.0020100998   0.0047836776  -0.0072227303   0.0039401149  -0.0020561036
       -0.0166478918   0.0073160163   0.0026836899  -0.0234228755  -0.0000304695
       -0.0013362268  -0.0022554722   0.0007484697   0.0049794180   0.0023639376
        0.0032421779  -0.0003558439  -0.0002613854   0.0003008882   0.0003156075
        0.0000172625  -0.0000866946  -0.0005641288  -0.0003132174  -0.0001543059
        0.0232694789   0.0107443758  -0.0668387288  -0.0024808073  -0.0003641307
        0.0002931100  -0.0078078113  -0.1005665539  -0.1879568036   0.0569687669
        0.0443234917   0.4825134903  -0.0914443987   0.0064347762  -0.0915543804
       -0.0051111416   0.0237849799  -0.0721239321   0.0251139322   0.0021418057
       -0.0623622030  -0.0046863506   0.0158931215  -0.0047435008  -0.0000192348
        0.0217374693  -0.0065801189   0.0031587405  -0.0236804606   0.0053025320
       -0.0002053659  -0.0016277574  -0.0001851015  -0.0031294913  -0.0002600081
        0.0038137071  -0.0005184075  -0.0005175950   0.0003056189   0.0000872161
        0.0000186734  -0.0000368102  -0.0000133113   0.0000178859  -0.0000041224
       -0.0262546521  -0.0014081827  -0.0115322395   0.0000186163   0.0004522797
        0.0003208221  -0.0036517823  -0.0007490738  -0.0038822930  -0.2141902919
        0.0231595366  -0.0914443987   0.2482719083  -0.0252342638   0.1064401391
       -0.0065844618   0.0033662037  -0.0040827854   0.0045311332   0.0007648826
        0.0007452387   0.0005848503   0.0020873227  -0.0004690979   0.0010457498
       -0.0000047247  -0.0001455669   0.0000082900  -0.0000651791   0.0001568896
       -0.0002481521  -0.0006431088   0.0001787414  -0.0012981042   0.0000097747
        0.0010691345  -0.0001527464  -0.0000611573   0.0000994549   0.0000333231
       -0.0000076333  -0.0000178287  -0.0000044369  -0.0000003585  -0.0000173226
       -0.0082058454   0.0011135327  -0.0023912940   0.0000203914   0.0001511709
        0.0001799360  -0.0161539407   0.0012621658  -0.0100815079   0.0197760154
       -0.0433441994   0.0064347762  -0.0252342638   0.0555255363  -0.0131596875
        0.0282255463  -0.0088861772   0.0157076185   0.0005015907  -0.0002656391
       -0.0005613702   0.0020739594  -0.0068296256   0.0024902087   0.0002951474
        0.0011202036  -0.0001781494   0.0003715159   0.0008555152   0.0002472900
        0.0004054165   0.0009372400   0.0002579940   0.0018460857   0.0002954768
       -0.0019252589   0.0002358698   0.0001520138  -0.0001295068   0.0000235418
       -0.0000032349  -0.0000044427  -0.0000804697  -0.0000163492   0.0001720847
        0.0147826540  -0.0013409334   0.0070917276   0.0001389653   0.0000063526
        0.0001879735  -0.0261796506  -0.0000301470  -0.0165053631  -0.0881308480
        0.0072720105  -0.0915543804   0.1064401391  -0.0131596875   0.1038037190
       -0.0089313991   0.0041226580  -0.0043849117  -0.0006656215   0.0002404169
        0.0021207177  -0.0002065663   0.0023218791   0.0003713430  -0.0002286971
       -0.0003423482  -0.0000638302   0.0005505803  -0.0004553475   0.0005621343
       -0.0007220904   0.0008342946  -0.0003398189  -0.0014211479  -0.0006118020
        0.0015189488   0.0000806364   0.0000814066  -0.0000578721  -0.0005557293
       -0.0000412389   0.0001632751   0.0000311420  -0.0000016228  -0.0000654034
        0.0010783847  -0.0175655536   0.0055730601   0.0001238702  -0.0005024222
       -0.0000798609   0.0007277806   0.0001665849   0.0003883202  -0.0643845030
        0.0130118581  -0.0051111416  -0.0065844618   0.0282255463  -0.0089313991
        0.5053719838   0.0038849960   0.0048997470  -0.0003678517   0.0001349194
        0.0004257440  -0.2238828376   0.0207211891  -0.0944657105  -0.1635386619
       -0.0487849650   0.0947760579  -0.0459565142   0.0004468094   0.0013060534
       -0.0005860407   0.0006331432   0.0000025482   0.0013476451   0.0004082061
        0.0008957913   0.0001999360   0.0002432310  -0.0001089283  -0.0000434535
       -0.0000614340   0.0001229627  -0.0000653073  -0.0000498383  -0.0000608765
       -0.0098064147  -0.0119769066   0.0119789169   0.0001856707  -0.0001127419
        0.0002426550   0.0026957915  -0.0247396469   0.0025194565   0.0238118581
       -0.1834256843   0.0237849799   0.0033662037  -0.0088861772   0.0041226580
        0.0038849960   0.4406788448   0.0229955654   0.0001125304  -0.0003268327
       -0.0027356189   0.0198289246  -0.0437750776   0.0095338119  -0.0455880910
       -0.0584505501   0.0348558199   0.0006557512  -0.1101585357  -0.1081497419
        0.0007195222  -0.0007672158   0.0002622990  -0.0007956973   0.0003819831
       -0.0010446463  -0.0001570040  -0.0001238595   0.0000903379   0.0002343701
        0.0000522653  -0.0001373740  -0.0000355196   0.0000193529   0.0000426533
        0.0033874375   0.0173417758  -0.0061936524  -0.0000976078   0.0000054567
        0.0000073754   0.0033456930  -0.0253307787   0.0045220212  -0.0093230618
        0.0319634617  -0.0721239321  -0.0040827854   0.0157076185  -0.0043849117
        0.0048997470   0.0229955654   0.5074352258   0.0008490109  -0.0004246113
       -0.0007921877  -0.0942034657   0.0099922678  -0.0960143564   0.0935957969
        0.0370745651  -0.1206089047   0.0016635638  -0.1088878468  -0.2110599473
        0.0004370190   0.0007477536  -0.0022346179  -0.0038377266  -0.0113402523
       -0.0376285929   0.0000015656  -0.0006940091  -0.0002769886   0.0001736885
        0.0000837106  -0.0002413382   0.0013202847   0.0010492553  -0.0005676471
       -0.0833267241  -0.0240801306  -0.0592942622  -0.0021069328  -0.0072061826
       -0.0047589717  -0.0033630509  -0.0006607389   0.0061948562   0.0073001923
        0.0035647834   0.0251139322   0.0045311332   0.0005015907  -0.0006656215
       -0.0003678517   0.0001125304   0.0008490109   0.0790164720   0.0376535592
        0.0732873642   0.0003403602  -0.0003495029   0.0005457715   0.0002193197
       -0.0000924928  -0.0001345639  -0.0003377492   0.0007101261  -0.0001883308
        0.0020774347  -0.0010236207  -0.0012444751  -0.0078420208  -0.0008538896
       -0.0268035786  -0.0001839070   0.0000587627   0.0002587036  -0.0013516693
        0.0004096608  -0.0002325469   0.0007621963  -0.0006121921   0.0003434943
       -0.0270816899  -0.0809113031  -0.0904824901  -0.0068922458   0.0062020938
       -0.0042765305  -0.0013051882   0.0008283859   0.0024641714   0.0028858737
        0.0102130060   0.0021418057   0.0007648826  -0.0002656391   0.0002404169
        0.0001349194  -0.0003268327  -0.0004246113   0.0376535592   0.0634556665
        0.1184072944   0.0000041885   0.0000816974  -0.0000272648  -0.0001110189
        0.0008352061  -0.0001784121   0.0004846855   0.0019089982  -0.0001859767
        0.0058730165   0.0028875029  -0.0028219571  -0.0146858794  -0.0155647963
       -0.0446119795  -0.0024583243  -0.0032478172   0.0017623207  -0.0039796360
        0.0003337100   0.0013405988  -0.0024579941  -0.0007394109   0.0032046288
       -0.0767239510  -0.0983389203  -0.4485371823  -0.0036745758  -0.0036057992
       -0.0016084316   0.0062553554   0.0022941500  -0.0062219571   0.0165423940
       -0.0020100998  -0.0623622030   0.0007452387  -0.0005613702   0.0021207177
        0.0004257440  -0.0027356189  -0.0007921877   0.0732873642   0.1184072944
        0.5580572189  -0.0000589885  -0.0004211400  -0.0001002453   0.0006682438
        0.0018857457  -0.0004381646   0.0002419925   0.0014165700   0.0010088236
       -0.0002013031   0.0001542467   0.0000648582   0.0003485166  -0.0002873906
        0.0000464071   0.0000345260   0.0000343824  -0.0000371181   0.0000623453
       -0.0000500435   0.0000526315  -0.0000213036   0.0000063592  -0.0000155631
       -0.0000376220  -0.0003777834   0.0000611122   0.0001741735   0.0000798114
        0.0002354456   0.0002600299  -0.0002165276   0.0003608266  -0.0055534947
        0.0047836776  -0.0046863506   0.0005848503   0.0020739594  -0.0002065663
       -0.2238828376   0.0198289246  -0.0942034657   0.0003403602   0.0000041885
       -0.0000589885   0.2591442424  -0.0258246178   0.1120432002  -0.0287169237
        0.0006975196  -0.0108901430  -0.0025355595  -0.0009067066  -0.0027662862
        0.0001347587  -0.0001339553  -0.0001140066  -0.0002664885   0.0005501168
        0.0000496049   0.0000266377   0.0000352321  -0.0000095984  -0.0000711368
        0.0000484161  -0.0000374479   0.0000661968   0.0000160714  -0.0000599668
        0.0013306381   0.0008169127   0.0001164233  -0.0001002356  -0.0002623750
       -0.0004255147   0.0003947263   0.0010528145   0.0000780370   0.0260703119
       -0.0072227303   0.0158931215   0.0020873227  -0.0068296256   0.0023218791
        0.0207211891  -0.0437750776   0.0099922678  -0.0003495029   0.0000816974
       -0.0004211400  -0.0258246178   0.0530772119  -0.0138867350  -0.0084848206
        0.0010934490  -0.0040002260  -0.0157349792   0.0014518420  -0.0094966981
       -0.0001174438   0.0000779021  -0.0000037658   0.0005672752  -0.0003838874
        0.0002629657  -0.0000129464  -0.0000600783   0.0000031829   0.0001603563
       -0.0000340237   0.0000406505  -0.0000215115  -0.0000013406  -0.0000405708
       -0.0015892606  -0.0000585446  -0.0001548948   0.0000401365   0.0000902475
        0.0002094509   0.0006676246  -0.0004576766   0.0006002587  -0.0078544978
        0.0039401149  -0.0047435008  -0.0004690979   0.0024902087   0.0003713430
       -0.0944657105   0.0095338119  -0.0960143564   0.0005457715  -0.0000272648
       -0.0001002453   0.1120432002  -0.0138867350   0.1085858313   0.0177625308
       -0.0013363429   0.0081222862  -0.0272564266   0.0001136088  -0.0171386354
        0.0001633455   0.0002741092  -0.0001475407   0.0004519811  -0.0003240271
        0.0003372994  -0.0000653846  -0.0001880603   0.0000044735  -0.0001382842
        0.0000187508   0.0000211147   0.0000121830   0.0000236406  -0.0000051771
        0.0008866122  -0.0003426032  -0.0009529705  -0.0000784054   0.0000008030
       -0.0000889750   0.0000899752  -0.0002245614  -0.0004682054   0.0020532190
       -0.0020561036  -0.0000192348   0.0010457498   0.0002951474  -0.0002286971
       -0.1635386619  -0.0455880910   0.0935957969   0.0002193197  -0.0001110189
        0.0006682438  -0.0287169237  -0.0084848206   0.0177625308   0.1898838622
        0.0567855290  -0.1132489320  -0.0022685878  -0.0000786940   0.0027702735
       -0.0002476118   0.0005053737  -0.0002959046  -0.0005781271  -0.0003086151
        0.0009768756  -0.0000275457  -0.0001285629  -0.0000136792  -0.0004501965
        0.0000016430   0.0000921925   0.0000594403   0.0000138797  -0.0000206032
        0.0024019946  -0.0057762605  -0.0019308986   0.0001005346  -0.0001617694
       -0.0001841801  -0.0002117861   0.0008228770  -0.0002360934  -0.0223738926
       -0.0166478918   0.0217374693  -0.0000047247   0.0011202036  -0.0003423482
       -0.0487849650  -0.0584505501   0.0370745651  -0.0000924928   0.0008352061
        0.0018857457   0.0006975196   0.0010934490  -0.0013363429   0.0567855290
        0.0722268794  -0.0464122098   0.0127263243   0.0048541385  -0.0109945883
        0.0000339374  -0.0002893438   0.0002055296   0.0001940760   0.0002083433
       -0.0004695003   0.0000589011   0.0001683090   0.0000011852   0.0002716020
       -0.0000012895  -0.0000512777  -0.0000416276  -0.0000346770   0.0000280957
       -0.0012698691   0.0023684491   0.0012539149   0.0000267157   0.0001639941
        0.0001844191  -0.0003634799  -0.0003563121   0.0008053327   0.0067993932
        0.0073160163  -0.0065801189  -0.0001455669  -0.0001781494  -0.0000638302
        0.0947760579   0.0348558199  -0.1206089047  -0.0001345639  -0.0001784121
       -0.0004381646  -0.0108901430  -0.0040002260   0.0081222862  -0.1132489320
       -0.0464122098   0.1394558930   0.0239334989   0.0063696880  -0.0218448601
       -0.0000546831  -0.0000006259   0.0000266704  -0.0000490098  -0.0000209975
        0.0000011865   0.0000158773   0.0000449151   0.0000012886  -0.0000212974
        0.0000002598  -0.0000070612  -0.0000039183  -0.0000205165   0.0000407077
        0.0003579085  -0.0009579061  -0.0007968224   0.0000378192   0.0001039258
        0.0000338470   0.0007186713   0.0009452444  -0.0000757604   0.0006804069
        0.0026836899   0.0031587405   0.0000082900   0.0003715159   0.0005505803
       -0.0459565142   0.0006557512   0.0016635638  -0.0003377492   0.0004846855
        0.0002419925  -0.0025355595  -0.0157349792  -0.0272564266  -0.0022685878
        0.0127263243   0.0239334989   0.0494083461  -0.0012812866  -0.0015160056
        0.0000946718  -0.0000644600   0.0000805474   0.0000907921   0.0003888408
        0.0001293454   0.0000514568   0.0000764335  -0.0000008068   0.0000174702
        0.0000307595  -0.0000332886  -0.0000444186  -0.0000278299   0.0001043220
       -0.0003550814  -0.0007839522  -0.0033040728   0.0001857113   0.0001127537
        0.0002678254   0.0014286123  -0.0077055299   0.0010747378  -0.0002942838
       -0.0234228755  -0.0236804606  -0.0000651791   0.0008555152  -0.0004553475
        0.0004468094  -0.1101585357  -0.1088878468   0.0007101261   0.0019089982
        0.0014165700  -0.0009067066   0.0014518420   0.0001136088  -0.0000786940
        0.0048541385   0.0063696880  -0.0012812866   0.1324839018   0.1268051785
        0.0001124632   0.0000306768  -0.0000065377  -0.0001026755   0.0000408783
       -0.0003031125   0.0000002659  -0.0000099771  -0.0000041702  -0.0000590190
        0.0000099965  -0.0000116024   0.0000024854   0.0000024662   0.0000819062
        0.0000036083   0.0002272786   0.0001155863   0.0000159210   0.0000348516
        0.0000342374   0.0002518943   0.0014688351   0.0009952056   0.0000124625
       -0.0000304695   0.0053025320   0.0001568896   0.0002472900   0.0005621343
        0.0013060534  -0.1081497419  -0.2110599473  -0.0001883308  -0.0001859767
        0.0010088236  -0.0027662862  -0.0094966981  -0.0171386354   0.0027702735
       -0.0109945883  -0.0218448601  -0.0015160056   0.1268051785   0.2422684402
