           1           2   1.0302115001364318     
           1           3  0.97616586577286291     
           1           4  0.98948985538936818     
           1           5  0.98164269275860949     
           2           6   1.5563092657009614     
           2           7  0.97158700305357337     
           6           9  0.97317545981713094     
           8           9  0.97405428374406056     
           9          10  0.97799739080825254     
           9          11   1.0089970223147755     
           2          12  0.23278091225254885     
           6          12   1.3832240122468620     
          11          13  0.98861006053842226     
          11          14  0.98718717176155879     
          11          15  0.98942497019920794     
