# Atoms array:
     x           y            z                   Z     indx
   -4.201915    -4.153626    -3.258001            6      0
   -2.889810    -4.639495    -3.235598            6      1
   -3.791554    -1.343104    -1.391508            1      2
   -4.548975    -2.961326    -2.602182            6      3
   -4.979288    -4.710675    -3.790654            1      4
   -1.892853    -3.934531    -2.550913            6      5
   -2.643306    -5.573478    -3.746998            1      6
   -2.222391    -2.746365    -1.887172            6      7
   -0.867835    -4.310914    -2.529517            1      8
   -3.537491    -2.270278    -1.915167            6      9
   -1.452338    -2.195470    -1.341175            1     10
   -5.952918    -2.372575    -2.731086            6     11
   -6.662474    -3.254228    -2.761296            1     12
   -6.178040    -1.872548    -1.740539            1     13
   -6.049097    -1.539656    -3.813368            8     14

# Gridpoints array:
     x           y            z                   Z     indx
   -6.241915    -4.153626    -3.258001            6      0
   -4.201915    -6.193626    -3.258001            6      0
   -4.201915    -4.153626    -1.218001            6      0
   -4.201915    -4.153626    -5.298001            6      0
   -5.379709    -5.331421    -2.080206            6      0
   -3.024120    -2.975832    -4.435795            6      0
   -5.379709    -2.975832    -4.435795            6      0
   -5.379709    -5.331421    -4.435795            6      0
   -3.824279    -4.531262    -1.289148            6      0
   -4.579550    -4.531262    -1.289148            6      0
   -3.824279    -3.775990    -5.226854            6      0
   -4.579550    -3.775990    -5.226854            6      0
   -3.824279    -4.531262    -5.226854            6      0
   -4.579550    -4.531262    -5.226854            6      0
   -3.824279    -6.122479    -2.880365            6      0
   -4.579550    -6.122479    -2.880365            6      0
   -3.824279    -6.122479    -3.635637            6      0
   -4.579550    -6.122479    -3.635637            6      0
   -6.170768    -4.531262    -2.880365            6      0
   -6.170768    -3.775990    -3.635637            6      0
   -6.170768    -4.531262    -3.635637            6      0
   -5.610373    -5.562085    -2.817448            6      0
   -2.793456    -2.745167    -3.698554            6      0
   -5.610373    -5.562085    -3.698554            6      0
   -5.610373    -4.594179    -1.849542            6      0
   -2.793456    -3.713073    -4.666460            6      0
   -5.610373    -3.713073    -4.666460            6      0
   -5.610373    -4.594179    -4.666460            6      0
   -3.761362    -5.562085    -1.849542            6      0
   -4.642467    -5.562085    -1.849542            6      0
   -3.761362    -2.745167    -4.666460            6      0
   -4.642467    -2.745167    -4.666460            6      0
   -3.761362    -5.562085    -4.666460            6      0
   -4.642467    -5.562085    -4.666460            6      0
   -3.394708    -4.960833    -1.567310            6      0
   -5.009121    -4.960833    -1.567310            6      0
   -3.394708    -3.346420    -4.948692            6      0
   -5.009121    -3.346420    -4.948692            6      0
   -3.394708    -4.960833    -4.948692            6      0
   -5.009121    -4.960833    -4.948692            6      0
   -3.394708    -5.844317    -2.450794            6      0
   -5.009121    -5.844317    -2.450794            6      0
   -3.394708    -2.462935    -4.065207            6      0
   -5.009121    -5.844317    -4.065207            6      0
   -5.892605    -4.960833    -2.450794            6      0
   -5.892605    -3.346420    -4.065207            6      0
   -5.892605    -4.960833    -4.065207            6      0
   -5.177787    -5.945070    -3.258001            6      0
   -5.993359    -5.129499    -3.258001            6      0
   -5.177787    -4.153626    -1.466557            6      0
   -3.226042    -4.153626    -5.049445            6      0
   -5.177787    -4.153626    -5.049445            6      0
   -5.993359    -4.153626    -2.282128            6      0
   -5.993359    -4.153626    -4.233874            6      0
   -4.201915    -5.129499    -1.466557            6      0
   -4.201915    -3.177753    -5.049445            6      0
   -4.201915    -5.129499    -5.049445            6      0
   -4.201915    -5.945070    -2.282128            6      0
   -4.201915    -2.362182    -4.233874            6      0
   -4.201915    -5.945070    -4.233874            6      0
   -2.889810    -6.679495    -3.235598            6      1
   -2.889810    -4.639495    -1.195598            6      1
   -2.889810    -4.639495    -5.275598            6      1
   -1.712015    -5.817290    -2.057803            6      1
   -4.067604    -5.817290    -2.057803            6      1
   -1.712015    -3.461700    -4.413392            6      1
   -1.712015    -5.817290    -4.413392            6      1
   -4.067604    -5.817290    -4.413392            6      1
   -3.267445    -4.261859    -1.266745            6      1
   -2.512174    -5.017131    -1.266745            6      1
   -3.267445    -5.017131    -1.266745            6      1
   -2.512174    -4.261859    -5.204451            6      1
   -3.267445    -4.261859    -5.204451            6      1
   -2.512174    -5.017131    -5.204451            6      1
   -3.267445    -5.017131    -5.204451            6      1
   -2.512174    -6.608348    -2.857962            6      1
   -3.267445    -6.608348    -2.857962            6      1
   -2.512174    -2.670642    -3.613233            6      1
   -2.512174    -6.608348    -3.613233            6      1
   -3.267445    -6.608348    -3.613233            6      1
   -0.920956    -5.017131    -3.613233            6      1
   -1.481351    -6.047954    -2.795045            6      1
   -4.298268    -6.047954    -2.795045            6      1
   -1.481351    -6.047954    -3.676150            6      1
   -4.298268    -6.047954    -3.676150            6      1
   -4.298268    -5.080048    -1.827139            6      1
   -1.481351    -4.198942    -4.644057            6      1
   -1.481351    -5.080048    -4.644057            6      1
   -4.298268    -5.080048    -4.644057            6      1
   -2.449257    -6.047954    -1.827139            6      1
   -3.330362    -6.047954    -1.827139            6      1
   -2.449257    -3.231036    -4.644057            6      1
   -3.330362    -3.231036    -4.644057            6      1
   -2.449257    -6.047954    -4.644057            6      1
   -3.330362    -6.047954    -4.644057            6      1
   -2.082603    -5.446702    -1.544907            6      1
   -3.697016    -5.446702    -1.544907            6      1
   -2.082603    -3.832288    -4.926288            6      1
   -3.697016    -3.832288    -4.926288            6      1
   -2.082603    -5.446702    -4.926288            6      1
   -3.697016    -5.446702    -4.926288            6      1
   -2.082603    -6.330186    -2.428391            6      1
   -3.697016    -6.330186    -2.428391            6      1
   -2.082603    -2.948804    -4.042804            6      1
   -2.082603    -6.330186    -4.042804            6      1
   -3.697016    -6.330186    -4.042804            6      1
   -1.199119    -5.446702    -2.428391            6      1
   -4.580500    -5.446702    -2.428391            6      1
   -1.199119    -3.832288    -4.042804            6      1
   -1.199119    -5.446702    -4.042804            6      1
   -1.913937    -6.430939    -3.235598            6      1
   -3.865682    -6.430939    -3.235598            6      1
   -1.098365    -5.615368    -3.235598            6      1
   -3.865682    -4.639495    -1.444153            6      1
   -1.913937    -4.639495    -5.027042            6      1
   -3.865682    -4.639495    -5.027042            6      1
   -1.098365    -4.639495    -4.211470            6      1
   -2.889810    -5.615368    -1.444153            6      1
   -2.889810    -3.663622    -5.027042            6      1
   -2.889810    -5.615368    -5.027042            6      1
   -2.889810    -6.430939    -2.259725            6      1
   -2.889810    -2.848051    -4.211470            6      1
   -2.889810    -6.430939    -4.211470            6      1
   -3.791554    -0.023104    -1.391508            1      2
   -3.791554    -1.343104    -0.071508            1      2
   -3.029452    -0.581002    -0.629406            1      2
   -4.553657    -0.581002    -0.629406            1      2
   -3.029452    -0.581002    -2.153610            1      2
   -4.553657    -0.581002    -2.153610            1      2
   -3.547202    -1.098752    -0.117544            1      2
   -4.035907    -1.098752    -0.117544            1      2
   -3.547202    -1.587457    -0.117544            1      2
   -4.035907    -1.587457    -0.117544            1      2
   -3.547202    -0.069141    -1.147155            1      2
   -4.035907    -0.069141    -1.147155            1      2
   -3.547202    -0.069141    -1.635861            1      2
   -4.035907    -0.069141    -1.635861            1      2
   -5.065518    -1.098752    -1.147155            1      2
   -5.065518    -1.587457    -1.147155            1      2
   -5.065518    -1.098752    -1.635861            1      2
   -2.880199    -0.431749    -1.106444            1      2
   -4.702910    -0.431749    -1.106444            1      2
   -2.880199    -0.431749    -1.676572            1      2
   -4.702910    -0.431749    -1.676572            1      2
   -2.880199    -1.058041    -0.480152            1      2
   -4.702910    -1.058041    -0.480152            1      2
   -4.702910    -1.628168    -0.480152            1      2
   -3.506491    -0.431749    -0.480152            1      2
   -4.076618    -0.431749    -0.480152            1      2
   -3.506491    -0.431749    -2.302864            1      2
   -4.076618    -0.431749    -2.302864            1      2
   -3.269244    -0.820794    -0.297532            1      2
   -4.313865    -0.820794    -0.297532            1      2
   -4.313865    -1.865415    -0.297532            1      2
   -4.313865    -0.820794    -2.485484            1      2
   -3.269244    -0.249128    -0.869198            1      2
   -4.313865    -0.249128    -0.869198            1      2
   -3.269244    -0.249128    -1.913818            1      2
   -4.313865    -0.249128    -1.913818            1      2
   -2.697578    -0.820794    -0.869198            1      2
   -4.885531    -0.820794    -0.869198            1      2
   -4.885531    -1.865415    -0.869198            1      2
   -4.885531    -0.820794    -1.913818            1      2
   -3.160107    -0.183935    -1.391508            1      2
   -4.423002    -0.183935    -1.391508            1      2
   -2.632385    -0.711657    -1.391508            1      2
   -4.950724    -0.711657    -1.391508            1      2
   -3.160107    -1.343104    -0.232338            1      2
   -4.423002    -1.343104    -0.232338            1      2
   -4.950724    -1.343104    -0.760061            1      2
   -3.791554    -0.711657    -0.232338            1      2
   -3.791554    -1.974552    -0.232338            1      2
   -3.791554    -0.711657    -2.550678            1      2
   -3.791554    -0.183935    -0.760061            1      2
   -3.791554    -0.183935    -2.022955            1      2
   -4.548975    -0.921326    -2.602182            6      3
   -4.548975    -2.961326    -0.562182            6      3
   -4.548975    -2.961326    -4.642182            6      3
   -3.371181    -4.139121    -1.424387            6      3
   -5.726770    -4.139121    -1.424387            6      3
   -3.371181    -1.783532    -3.779977            6      3
   -4.926611    -2.583690    -0.633329            6      3
   -4.171339    -3.338962    -0.633329            6      3
   -4.926611    -3.338962    -0.633329            6      3
   -4.171339    -2.583690    -4.571035            6      3
   -4.926611    -2.583690    -4.571035            6      3
   -4.926611    -3.338962    -4.571035            6      3
   -4.926611    -0.992473    -2.224546            6      3
   -4.171339    -0.992473    -2.979818            6      3
   -4.926611    -0.992473    -2.979818            6      3
   -5.957434    -4.369785    -2.161629            6      3
   -5.957434    -4.369785    -3.042735            6      3
   -5.957434    -3.401879    -1.193723            6      3
   -3.140516    -2.520773    -4.010641            6      3
   -5.957434    -3.401879    -4.010641            6      3
   -4.989528    -1.552867    -1.193723            6      3
   -4.108422    -4.369785    -1.193723            6      3
   -4.989528    -4.369785    -1.193723            6      3
   -4.108422    -1.552867    -4.010641            6      3
   -5.356182    -2.154120    -0.911491            6      3
   -3.741769    -3.768533    -0.911491            6      3
   -5.356182    -3.768533    -0.911491            6      3
   -3.741769    -2.154120    -4.292873            6      3
   -5.356182    -3.768533    -4.292873            6      3
   -5.356182    -4.652017    -1.794975            6      3
   -3.741769    -1.270636    -3.409388            6      3
   -6.239666    -3.768533    -1.794975            6      3
   -2.858284    -2.154120    -3.409388            6      3
   -5.524848    -4.752771    -2.602182            6      3
   -5.524848    -2.961326    -0.810738            6      3
   -3.573102    -2.961326    -4.393626            6      3
   -5.524848    -2.961326    -4.393626            6      3
   -4.548975    -3.937199    -0.810738            6      3
   -4.548975    -1.985454    -4.393626            6      3
   -4.548975    -4.752771    -1.626309            6      3
   -4.548975    -1.169882    -3.578055            6      3
   -6.299288    -4.710675    -3.790654            1      4
   -4.979288    -6.030675    -3.790654            1      4
   -4.979288    -4.710675    -5.110654            1      4
   -5.741390    -5.472777    -3.028552            1      4
   -5.741390    -3.948573    -4.552757            1      4
   -4.217185    -5.472777    -4.552757            1      4
   -5.741390    -5.472777    -4.552757            1      4
   -4.734935    -4.466322    -5.064618            1      4
   -5.223640    -4.466322    -5.064618            1      4
   -4.734935    -4.955028    -5.064618            1      4
   -5.223640    -4.955028    -5.064618            1      4
   -4.734935    -5.984639    -3.546302            1      4
   -5.223640    -5.984639    -3.546302            1      4
   -4.734935    -5.984639    -4.035007            1      4
   -5.223640    -5.984639    -4.035007            1      4
   -6.253252    -4.466322    -3.546302            1      4
   -6.253252    -4.955028    -3.546302            1      4
   -6.253252    -4.466322    -4.035007            1      4
   -6.253252    -4.955028    -4.035007            1      4
   -5.890644    -5.622031    -3.505591            1      4
   -5.890644    -3.799319    -4.075718            1      4
   -5.890644    -5.622031    -4.075718            1      4
   -5.890644    -4.425611    -2.879298            1      4
   -5.890644    -4.995739    -2.879298            1      4
   -5.890644    -4.425611    -4.702010            1      4
   -5.890644    -4.995739    -4.702010            1      4
   -5.264351    -5.622031    -2.879298            1      4
   -5.264351    -3.799319    -4.702010            1      4
   -4.694224    -5.622031    -4.702010            1      4
   -5.264351    -5.622031    -4.702010            1      4
   -5.501598    -5.232985    -2.696678            1      4
   -5.501598    -4.188365    -4.884631            1      4
   -4.456978    -5.232985    -4.884631            1      4
   -5.501598    -5.232985    -4.884631            1      4
   -5.501598    -5.804652    -3.268344            1      4
   -5.501598    -3.616699    -4.312964            1      4
   -4.456978    -5.804652    -4.312964            1      4
   -5.501598    -5.804652    -4.312964            1      4
   -6.073264    -4.188365    -3.268344            1      4
   -6.073264    -5.232985    -3.268344            1      4
   -6.073264    -4.188365    -4.312964            1      4
   -6.073264    -5.232985    -4.312964            1      4
   -4.347841    -5.869845    -3.790654            1      4
   -5.610735    -5.869845    -3.790654            1      4
   -6.138458    -4.079228    -3.790654            1      4
   -6.138458    -5.342122    -3.790654            1      4
   -4.347841    -4.710675    -4.949824            1      4
   -5.610735    -4.710675    -4.949824            1      4
   -6.138458    -4.710675    -3.159207            1      4
   -6.138458    -4.710675    -4.422101            1      4
   -4.979288    -4.079228    -4.949824            1      4
   -4.979288    -5.342122    -4.949824            1      4
   -4.979288    -5.869845    -3.159207            1      4
   -4.979288    -5.869845    -4.422101            1      4
    0.147147    -3.934531    -2.550913            6      5
   -1.892853    -5.974531    -2.550913            6      5
   -1.892853    -3.934531    -0.510913            6      5
   -1.892853    -3.934531    -4.590913            6      5
   -0.715058    -5.112325    -1.373119            6      5
   -3.070647    -5.112325    -1.373119            6      5
   -0.715058    -2.756736    -3.728708            6      5
   -3.070647    -2.756736    -3.728708            6      5
   -0.715058    -5.112325    -3.728708            6      5
   -1.515217    -3.556895    -0.582060            6      5
   -1.515217    -4.312166    -0.582060            6      5
   -2.270489    -4.312166    -0.582060            6      5
   -1.515217    -3.556895    -4.519766            6      5
   -2.270489    -3.556895    -4.519766            6      5
   -1.515217    -4.312166    -4.519766            6      5
   -1.515217    -5.903384    -2.173277            6      5
   -2.270489    -5.903384    -2.173277            6      5
   -1.515217    -5.903384    -2.928549            6      5
    0.076000    -3.556895    -2.173277            6      5
    0.076000    -4.312166    -2.173277            6      5
    0.076000    -3.556895    -2.928549            6      5
    0.076000    -4.312166    -2.928549            6      5
   -0.484394    -2.526072    -2.110360            6      5
   -0.484394    -5.342989    -2.110360            6      5
   -0.484394    -2.526072    -2.991466            6      5
   -0.484394    -5.342989    -2.991466            6      5
   -0.484394    -3.493978    -1.142454            6      5
   -0.484394    -4.375083    -1.142454            6      5
   -3.301312    -4.375083    -1.142454            6      5
   -0.484394    -3.493978    -3.959372            6      5
   -0.484394    -4.375083    -3.959372            6      5
   -1.452300    -5.342989    -1.142454            6      5
   -2.333405    -5.342989    -1.142454            6      5
   -1.452300    -2.526072    -3.959372            6      5
   -2.333405    -2.526072    -3.959372            6      5
   -1.452300    -5.342989    -3.959372            6      5
   -1.085646    -4.741737    -0.860223            6      5
   -2.700059    -4.741737    -0.860223            6      5
   -1.085646    -3.127324    -4.241604            6      5
   -2.700059    -3.127324    -4.241604            6      5
   -1.085646    -4.741737    -4.241604            6      5
   -1.085646    -5.625221    -1.743707            6      5
   -2.700059    -5.625221    -1.743707            6      5
   -1.085646    -2.243840    -3.358120            6      5
   -1.085646    -5.625221    -3.358120            6      5
   -0.202162    -3.127324    -1.743707            6      5
   -0.202162    -4.741737    -1.743707            6      5
   -0.202162    -3.127324    -3.358120            6      5
   -0.202162    -4.741737    -3.358120            6      5
   -0.916980    -2.143086    -2.550913            6      5
   -0.916980    -5.725975    -2.550913            6      5
   -0.101408    -2.958658    -2.550913            6      5
   -0.101408    -4.910403    -2.550913            6      5
   -0.916980    -3.934531    -0.759469            6      5
   -2.868725    -3.934531    -0.759469            6      5
   -0.916980    -3.934531    -4.342358            6      5
   -0.101408    -3.934531    -1.575040            6      5
   -0.101408    -3.934531    -3.526786            6      5
   -1.892853    -4.910403    -0.759469            6      5
   -1.892853    -2.958658    -4.342358            6      5
   -1.892853    -5.725975    -1.575040            6      5
   -1.892853    -2.143086    -3.526786            6      5
   -1.323306    -5.573478    -3.746998            1      6
   -2.643306    -6.893478    -3.746998            1      6
   -2.643306    -5.573478    -5.066998            1      6
   -1.881204    -6.335580    -2.984896            1      6
   -3.405409    -6.335580    -2.984896            1      6
   -1.881204    -6.335580    -4.509101            1      6
   -3.405409    -6.335580    -4.509101            1      6
   -2.398954    -5.329125    -5.020962            1      6
   -2.887659    -5.329125    -5.020962            1      6
   -2.398954    -5.817831    -5.020962            1      6
   -2.887659    -5.817831    -5.020962            1      6
   -2.398954    -6.847442    -3.502646            1      6
   -2.887659    -6.847442    -3.502646            1      6
   -2.398954    -6.847442    -3.991351            1      6
   -2.887659    -6.847442    -3.991351            1      6
   -1.369342    -5.817831    -3.502646            1      6
   -1.369342    -5.329125    -3.991351            1      6
   -1.369342    -5.817831    -3.991351            1      6
   -1.731950    -6.484834    -3.461935            1      6
   -3.554662    -6.484834    -3.461935            1      6
   -1.731950    -6.484834    -4.032062            1      6
   -3.554662    -6.484834    -4.032062            1      6
   -1.731950    -5.858541    -2.835642            1      6
   -1.731950    -5.288414    -4.658354            1      6
   -1.731950    -5.858541    -4.658354            1      6
   -3.554662    -5.858541    -4.658354            1      6
   -2.358243    -6.484834    -2.835642            1      6
   -2.928370    -6.484834    -2.835642            1      6
   -2.358243    -6.484834    -4.658354            1      6
   -2.928370    -6.484834    -4.658354            1      6
   -2.120996    -6.095788    -2.653022            1      6
   -2.120996    -5.051168    -4.840975            1      6
   -2.120996    -6.095788    -4.840975            1      6
   -3.165616    -6.095788    -4.840975            1      6
   -2.120996    -6.667454    -3.224688            1      6
   -3.165616    -6.667454    -3.224688            1      6
   -2.120996    -6.667454    -4.269308            1      6
   -3.165616    -6.667454    -4.269308            1      6
   -1.549330    -6.095788    -3.224688            1      6
   -1.549330    -5.051168    -4.269308            1      6
   -1.549330    -6.095788    -4.269308            1      6
   -3.737283    -6.095788    -4.269308            1      6
   -2.011859    -6.732648    -3.746998            1      6
   -3.274753    -6.732648    -3.746998            1      6
   -1.484136    -6.204925    -3.746998            1      6
   -3.802476    -6.204925    -3.746998            1      6
   -2.011859    -5.573478    -4.906168            1      6
   -3.274753    -5.573478    -4.906168            1      6
   -1.484136    -5.573478    -4.378445            1      6
   -2.643306    -6.204925    -2.587828            1      6
   -2.643306    -4.942031    -4.906168            1      6
   -2.643306    -6.204925    -4.906168            1      6
   -2.643306    -6.732648    -3.115551            1      6
   -2.643306    -6.732648    -4.378445            1      6
   -0.182391    -2.746365    -1.887172            6      7
   -2.222391    -0.706365    -1.887172            6      7
   -2.222391    -2.746365     0.152828            6      7
   -2.222391    -2.746365    -3.927172            6      7
   -1.044596    -1.568571    -0.709378            6      7
   -1.044596    -3.924160    -0.709378            6      7
   -3.400185    -3.924160    -0.709378            6      7
   -1.044596    -1.568571    -3.064967            6      7
   -1.844755    -2.368729     0.081681            6      7
   -2.600027    -2.368729     0.081681            6      7
   -1.844755    -3.124001     0.081681            6      7
   -2.600027    -3.124001     0.081681            6      7
   -1.844755    -2.368729    -3.856025            6      7
   -2.600027    -2.368729    -3.856025            6      7
   -1.844755    -0.777512    -1.509537            6      7
   -2.600027    -0.777512    -1.509537            6      7
   -1.844755    -0.777512    -2.264808            6      7
   -2.600027    -0.777512    -2.264808            6      7
   -0.253538    -2.368729    -1.509537            6      7
   -0.253538    -3.124001    -1.509537            6      7
   -0.253538    -2.368729    -2.264808            6      7
   -0.253538    -3.124001    -2.264808            6      7
   -0.813932    -1.337906    -1.446620            6      7
   -3.630850    -4.154824    -1.446620            6      7
   -0.813932    -1.337906    -2.327725            6      7
   -0.813932    -2.305812    -0.478713            6      7
   -0.813932    -3.186918    -0.478713            6      7
   -3.630850    -3.186918    -0.478713            6      7
   -0.813932    -2.305812    -3.295631            6      7
   -0.813932    -3.186918    -3.295631            6      7
   -1.781838    -1.337906    -0.478713            6      7
   -2.662944    -1.337906    -0.478713            6      7
   -1.781838    -4.154824    -0.478713            6      7
   -2.662944    -4.154824    -0.478713            6      7
   -1.781838    -1.337906    -3.295631            6      7
   -2.662944    -1.337906    -3.295631            6      7
   -1.415184    -1.939159    -0.196482            6      7
   -3.029597    -1.939159    -0.196482            6      7
   -1.415184    -3.553572    -0.196482            6      7
   -3.029597    -3.553572    -0.196482            6      7
   -1.415184    -1.939159    -3.577863            6      7
   -3.029597    -1.939159    -3.577863            6      7
   -1.415184    -1.055674    -1.079966            6      7
   -1.415184    -4.437056    -1.079966            6      7
   -3.029597    -4.437056    -1.079966            6      7
   -1.415184    -1.055674    -2.694379            6      7
   -3.029597    -1.055674    -2.694379            6      7
   -0.531700    -1.939159    -1.079966            6      7
   -0.531700    -3.553572    -1.079966            6      7
   -0.531700    -1.939159    -2.694379            6      7
   -1.246518    -0.954921    -1.887172            6      7
   -0.430947    -1.770492    -1.887172            6      7
   -1.246518    -2.746365    -0.095728            6      7
   -3.198264    -2.746365    -0.095728            6      7
   -1.246518    -2.746365    -3.678617            6      7
   -0.430947    -2.746365    -0.911300            6      7
   -0.430947    -2.746365    -2.863045            6      7
   -2.222391    -1.770492    -0.095728            6      7
   -2.222391    -3.722238    -0.095728            6      7
   -2.222391    -1.770492    -3.678617            6      7
   -2.222391    -0.954921    -0.911300            6      7
   -2.222391    -4.537809    -0.911300            6      7
   -2.222391    -0.954921    -2.863045            6      7
    0.452165    -4.310914    -2.529517            1      8
   -0.867835    -5.630914    -2.529517            1      8
   -0.105732    -3.548812    -1.767414            1      8
   -0.105732    -5.073017    -1.767414            1      8
   -0.105732    -3.548812    -3.291619            1      8
   -0.105732    -5.073017    -3.291619            1      8
   -0.623482    -4.066562    -1.255553            1      8
   -0.623482    -4.555267    -1.255553            1      8
   -0.623482    -4.066562    -3.803481            1      8
   -0.623482    -4.555267    -3.803481            1      8
   -0.623482    -5.584878    -2.285164            1      8
   -1.112187    -5.584878    -2.285164            1      8
   -0.623482    -5.584878    -2.773869            1      8
   -1.112187    -5.584878    -2.773869            1      8
    0.406129    -4.066562    -2.285164            1      8
    0.406129    -4.555267    -2.285164            1      8
    0.406129    -4.066562    -2.773869            1      8
    0.406129    -4.555267    -2.773869            1      8
    0.043521    -3.399559    -2.244453            1      8
    0.043521    -5.222270    -2.244453            1      8
    0.043521    -3.399559    -2.814580            1      8
    0.043521    -5.222270    -2.814580            1      8
    0.043521    -4.025851    -1.618161            1      8
    0.043521    -4.595978    -1.618161            1      8
    0.043521    -4.025851    -3.440873            1      8
    0.043521    -4.595978    -3.440873            1      8
   -0.582771    -5.222270    -1.618161            1      8
   -1.152898    -5.222270    -1.618161            1      8
   -0.582771    -5.222270    -3.440873            1      8
   -0.345525    -3.788604    -1.435540            1      8
   -0.345525    -4.833224    -1.435540            1      8
   -0.345525    -3.788604    -3.623493            1      8
   -0.345525    -4.833224    -3.623493            1      8
   -0.345525    -3.216938    -2.007207            1      8
   -0.345525    -5.404891    -2.007207            1      8
   -0.345525    -3.216938    -3.051827            1      8
   -0.345525    -5.404891    -3.051827            1      8
    0.226142    -3.788604    -2.007207            1      8
    0.226142    -4.833224    -2.007207            1      8
    0.226142    -3.788604    -3.051827            1      8
    0.226142    -4.833224    -3.051827            1      8
   -0.236388    -3.151745    -2.529517            1      8
   -0.236388    -5.470084    -2.529517            1      8
    0.291335    -3.679467    -2.529517            1      8
    0.291335    -4.942361    -2.529517            1      8
   -0.236388    -4.310914    -1.370347            1      8
   -0.236388    -4.310914    -3.688687            1      8
    0.291335    -4.310914    -1.898070            1      8
    0.291335    -4.310914    -3.160964            1      8
   -0.867835    -4.942361    -1.370347            1      8
   -0.867835    -4.942361    -3.688687            1      8
   -0.867835    -5.470084    -1.898070            1      8
   -0.867835    -5.470084    -3.160964            1      8
   -3.537491    -0.230278    -1.915167            6      9
   -3.537491    -2.270278     0.124833            6      9
   -3.537491    -2.270278    -3.955167            6      9
   -2.359696    -1.092484    -0.737373            6      9
   -4.715285    -1.092484    -0.737373            6      9
   -4.715285    -3.448073    -0.737373            6      9
   -2.359696    -1.092484    -3.092962            6      9
   -4.715285    -1.092484    -3.092962            6      9
   -3.159855    -1.892642     0.053686            6      9
   -3.915127    -1.892642     0.053686            6      9
   -3.159855    -2.647914     0.053686            6      9
   -3.915127    -2.647914     0.053686            6      9
   -3.159855    -1.892642    -3.884020            6      9
   -3.915127    -1.892642    -3.884020            6      9
   -3.159855    -2.647914    -3.884020            6      9
   -3.159855    -0.301425    -1.537531            6      9
   -3.915127    -0.301425    -1.537531            6      9
   -3.915127    -4.239131    -1.537531            6      9
   -3.159855    -0.301425    -2.292803            6      9
   -3.915127    -0.301425    -2.292803            6      9
   -2.129032    -0.861819    -1.474614            6      9
   -4.945950    -0.861819    -1.474614            6      9
   -2.129032    -0.861819    -2.355720            6      9
   -4.945950    -0.861819    -2.355720            6      9
   -2.129032    -1.829725    -0.506708            6      9
   -4.945950    -1.829725    -0.506708            6      9
   -4.945950    -2.710831    -0.506708            6      9
   -2.129032    -1.829725    -3.323626            6      9
   -3.096938    -0.861819    -0.506708            6      9
   -3.978044    -0.861819    -0.506708            6      9
   -3.096938    -3.678737    -0.506708            6      9
   -3.978044    -3.678737    -0.506708            6      9
   -3.096938    -0.861819    -3.323626            6      9
   -3.978044    -0.861819    -3.323626            6      9
   -2.730284    -1.463072    -0.224476            6      9
   -4.344697    -1.463072    -0.224476            6      9
   -2.730284    -3.077485    -0.224476            6      9
   -4.344697    -3.077485    -0.224476            6      9
   -2.730284    -1.463072    -3.605858            6      9
   -4.344697    -1.463072    -3.605858            6      9
   -2.730284    -0.579587    -1.107961            6      9
   -4.344697    -0.579587    -1.107961            6      9
   -4.344697    -3.960969    -1.107961            6      9
   -2.730284    -0.579587    -2.722374            6      9
   -4.344697    -0.579587    -2.722374            6      9
   -5.228182    -1.463072    -1.107961            6      9
   -5.228182    -3.077485    -1.107961            6      9
   -1.846800    -1.463072    -2.722374            6      9
   -2.561618    -0.478834    -1.915167            6      9
   -4.513364    -0.478834    -1.915167            6      9
   -2.561618    -2.270278    -0.123723            6      9
   -4.513364    -2.270278    -0.123723            6      9
   -2.561618    -2.270278    -3.706611            6      9
   -5.328935    -2.270278    -0.939294            6      9
   -3.537491    -1.294405    -0.123723            6      9
   -3.537491    -3.246151    -0.123723            6      9
   -3.537491    -1.294405    -3.706611            6      9
   -3.537491    -0.478834    -0.939294            6      9
   -3.537491    -4.061722    -0.939294            6      9
   -3.537491    -0.478834    -2.891040            6      9
   -0.132338    -2.195470    -1.341175            1     10
   -1.452338    -0.875470    -1.341175            1     10
   -1.452338    -2.195470    -0.021175            1     10
   -0.690236    -1.433368    -0.579072            1     10
   -2.214440    -1.433368    -0.579072            1     10
   -0.690236    -2.957572    -0.579072            1     10
   -0.690236    -1.433368    -2.103277            1     10
   -1.207985    -1.951117    -0.067211            1     10
   -1.696691    -1.951117    -0.067211            1     10
   -1.207985    -2.439823    -0.067211            1     10
   -1.696691    -2.439823    -0.067211            1     10
   -1.207985    -0.921506    -1.096822            1     10
   -1.696691    -0.921506    -1.096822            1     10
   -1.207985    -0.921506    -1.585527            1     10
   -1.696691    -0.921506    -1.585527            1     10
   -0.178374    -1.951117    -1.096822            1     10
   -0.178374    -2.439823    -1.096822            1     10
   -0.178374    -1.951117    -1.585527            1     10
   -0.178374    -2.439823    -1.585527            1     10
   -0.540982    -1.284114    -1.056111            1     10
   -0.540982    -3.106826    -1.056111            1     10
   -0.540982    -1.284114    -1.626238            1     10
   -0.540982    -1.910406    -0.429819            1     10
   -0.540982    -2.480534    -0.429819            1     10
   -0.540982    -1.910406    -2.252531            1     10
   -0.540982    -2.480534    -2.252531            1     10
   -1.167274    -1.284114    -0.429819            1     10
   -1.737402    -1.284114    -0.429819            1     10
   -1.167274    -3.106826    -0.429819            1     10
   -1.167274    -1.284114    -2.252531            1     10
   -0.930028    -1.673160    -0.247198            1     10
   -1.974648    -1.673160    -0.247198            1     10
   -0.930028    -2.717780    -0.247198            1     10
   -0.930028    -1.673160    -2.435151            1     10
   -0.930028    -1.101494    -0.818865            1     10
   -1.974648    -1.101494    -0.818865            1     10
   -0.930028    -3.289446    -0.818865            1     10
   -0.930028    -1.101494    -1.863485            1     10
   -0.358362    -1.673160    -0.818865            1     10
   -0.358362    -2.717780    -0.818865            1     10
   -0.358362    -1.673160    -1.863485            1     10
   -0.358362    -2.717780    -1.863485            1     10
   -0.820891    -1.036300    -1.341175            1     10
   -2.083785    -1.036300    -1.341175            1     10
   -0.293168    -1.564023    -1.341175            1     10
   -0.293168    -2.826917    -1.341175            1     10
   -0.820891    -2.195470    -0.182005            1     10
   -2.083785    -2.195470    -0.182005            1     10
   -0.293168    -2.195470    -0.709728            1     10
   -0.293168    -2.195470    -1.972622            1     10
   -1.452338    -1.564023    -0.182005            1     10
   -1.452338    -2.826917    -0.182005            1     10
   -1.452338    -1.036300    -0.709728            1     10
   -1.452338    -1.036300    -1.972622            1     10
   -7.992918    -2.372575    -2.731086            6     11
   -5.952918    -0.332575    -2.731086            6     11
   -5.952918    -4.412576    -2.731086            6     11
   -5.952918    -2.372575    -0.691086            6     11
   -4.775123    -1.194781    -1.553291            6     11
   -7.130712    -1.194781    -1.553291            6     11
   -7.130712    -3.550370    -1.553291            6     11
   -4.775123    -1.194781    -3.908880            6     11
   -7.130712    -3.550370    -3.908880            6     11
   -5.575282    -1.994940    -0.762233            6     11
   -6.330554    -1.994940    -0.762233            6     11
   -5.575282    -2.750211    -0.762233            6     11
   -6.330554    -2.750211    -0.762233            6     11
   -5.575282    -2.750211    -4.699939            6     11
   -6.330554    -2.750211    -4.699939            6     11
   -5.575282    -0.403722    -2.353450            6     11
   -6.330554    -0.403722    -2.353450            6     11
   -6.330554    -4.341429    -2.353450            6     11
   -5.575282    -0.403722    -3.108722            6     11
   -6.330554    -0.403722    -3.108722            6     11
   -6.330554    -4.341429    -3.108722            6     11
   -7.921771    -1.994940    -2.353450            6     11
   -7.921771    -2.750211    -2.353450            6     11
   -7.921771    -1.994940    -3.108722            6     11
   -7.921771    -2.750211    -3.108722            6     11
   -4.544459    -0.964117    -2.290533            6     11
   -7.361377    -0.964117    -2.290533            6     11
   -7.361377    -3.781034    -2.290533            6     11
   -4.544459    -0.964117    -3.171639            6     11
   -7.361377    -0.964117    -3.171639            6     11
   -7.361377    -3.781034    -3.171639            6     11
   -7.361377    -1.932023    -1.322627            6     11
   -7.361377    -2.813128    -1.322627            6     11
   -4.544459    -1.932023    -4.139545            6     11
   -7.361377    -1.932023    -4.139545            6     11
   -7.361377    -2.813128    -4.139545            6     11
   -5.512365    -0.964117    -1.322627            6     11
   -6.393471    -0.964117    -1.322627            6     11
   -5.512365    -3.781034    -1.322627            6     11
   -6.393471    -3.781034    -1.322627            6     11
   -5.512365    -3.781034    -4.139545            6     11
   -6.393471    -3.781034    -4.139545            6     11
   -5.145711    -1.565369    -1.040395            6     11
   -6.760124    -1.565369    -1.040395            6     11
   -5.145711    -3.179782    -1.040395            6     11
   -6.760124    -3.179782    -1.040395            6     11
   -5.145711    -3.179782    -4.421777            6     11
   -6.760124    -3.179782    -4.421777            6     11
   -5.145711    -0.681885    -1.923879            6     11
   -6.760124    -0.681885    -1.923879            6     11
   -6.760124    -4.063266    -1.923879            6     11
   -6.760124    -4.063266    -3.538292            6     11
   -7.643608    -1.565369    -1.923879            6     11
   -7.643608    -3.179782    -1.923879            6     11
   -4.262227    -1.565369    -3.538292            6     11
   -7.643608    -1.565369    -3.538292            6     11
   -7.643608    -3.179782    -3.538292            6     11
   -4.977045    -0.581131    -2.731086            6     11
   -6.928791    -0.581131    -2.731086            6     11
   -6.928791    -4.164020    -2.731086            6     11
   -7.744362    -1.396703    -2.731086            6     11
   -7.744362    -3.348448    -2.731086            6     11
   -4.977045    -2.372575    -0.939642            6     11
   -6.928791    -2.372575    -0.939642            6     11
   -4.977045    -2.372575    -4.522530            6     11
   -6.928791    -2.372575    -4.522530            6     11
   -7.744362    -2.372575    -1.755213            6     11
   -7.744362    -2.372575    -3.706959            6     11
   -5.952918    -1.396703    -0.939642            6     11
   -5.952918    -3.348448    -0.939642            6     11
   -5.952918    -3.348448    -4.522530            6     11
   -5.952918    -0.581131    -1.755213            6     11
   -5.952918    -4.164020    -1.755213            6     11
   -5.952918    -4.164020    -3.706959            6     11
   -7.982474    -3.254228    -2.761296            1     12
   -6.662474    -4.574228    -2.761296            1     12
   -7.424576    -4.016331    -1.999194            1     12
   -7.424576    -4.016331    -3.523398            1     12
   -6.418121    -3.498581    -1.487332            1     12
   -6.906827    -3.498581    -1.487332            1     12
   -6.418121    -3.498581    -4.035260            1     12
   -6.906827    -3.498581    -4.035260            1     12
   -6.418121    -4.528192    -2.516943            1     12
   -6.906827    -4.528192    -2.516943            1     12
   -6.418121    -4.528192    -3.005649            1     12
   -6.906827    -4.528192    -3.005649            1     12
   -7.936438    -3.009876    -2.516943            1     12
   -7.936438    -3.498581    -2.516943            1     12
   -7.936438    -3.009876    -3.005649            1     12
   -7.936438    -3.498581    -3.005649            1     12
   -7.573830    -4.165584    -2.476232            1     12
   -7.573830    -4.165584    -3.046360            1     12
   -7.573830    -2.969165    -1.849940            1     12
   -7.573830    -3.539292    -1.849940            1     12
   -7.573830    -2.969165    -3.672652            1     12
   -7.573830    -3.539292    -3.672652            1     12
   -6.377410    -4.165584    -1.849940            1     12
   -6.947537    -4.165584    -1.849940            1     12
   -6.377410    -4.165584    -3.672652            1     12
   -6.947537    -4.165584    -3.672652            1     12
   -6.140164    -3.776538    -1.667320            1     12
   -7.184784    -3.776538    -1.667320            1     12
   -6.140164    -3.776538    -3.855272            1     12
   -7.184784    -3.776538    -3.855272            1     12
   -6.140164    -4.348205    -2.238986            1     12
   -7.184784    -4.348205    -2.238986            1     12
   -6.140164    -4.348205    -3.283606            1     12
   -7.184784    -4.348205    -3.283606            1     12
   -7.756450    -2.731918    -2.238986            1     12
   -7.756450    -3.776538    -2.238986            1     12
   -7.756450    -2.731918    -3.283606            1     12
   -7.756450    -3.776538    -3.283606            1     12
   -6.031027    -4.413398    -2.761296            1     12
   -7.293921    -4.413398    -2.761296            1     12
   -7.821644    -2.622781    -2.761296            1     12
   -7.821644    -3.885675    -2.761296            1     12
   -7.293921    -3.254228    -1.602126            1     12
   -7.293921    -3.254228    -3.920466            1     12
   -7.821644    -3.254228    -2.129849            1     12
   -7.821644    -3.254228    -3.392743            1     12
   -6.662474    -3.885675    -1.602126            1     12
   -6.662474    -3.885675    -3.920466            1     12
   -6.662474    -4.413398    -2.129849            1     12
   -6.662474    -4.413398    -3.392743            1     12
   -7.498040    -1.872548    -1.740539            1     13
   -6.178040    -0.552548    -1.740539            1     13
   -6.178040    -1.872548    -0.420539            1     13
   -5.415938    -1.110446    -0.978437            1     13
   -6.940142    -1.110446    -0.978437            1     13
   -5.415938    -2.634650    -0.978437            1     13
   -6.940142    -2.634650    -0.978437            1     13
   -5.933687    -1.628195    -0.466575            1     13
   -6.422393    -1.628195    -0.466575            1     13
   -5.933687    -2.116901    -0.466575            1     13
   -6.422393    -2.116901    -0.466575            1     13
   -5.933687    -0.598584    -1.496187            1     13
   -6.422393    -0.598584    -1.496187            1     13
   -5.933687    -0.598584    -1.984892            1     13
   -6.422393    -0.598584    -1.984892            1     13
   -7.452004    -1.628195    -1.496187            1     13
   -7.452004    -2.116901    -1.496187            1     13
   -7.452004    -1.628195    -1.984892            1     13
   -5.266684    -0.961192    -1.455476            1     13
   -7.089396    -0.961192    -1.455476            1     13
   -7.089396    -2.783904    -1.455476            1     13
   -5.266684    -0.961192    -2.025603            1     13
   -7.089396    -0.961192    -2.025603            1     13
   -5.266684    -1.587484    -0.829183            1     13
   -7.089396    -1.587484    -0.829183            1     13
   -5.266684    -2.157612    -0.829183            1     13
   -7.089396    -2.157612    -0.829183            1     13
   -5.892976    -0.961192    -0.829183            1     13
   -6.463104    -0.961192    -0.829183            1     13
   -5.892976    -2.783904    -0.829183            1     13
   -6.463104    -2.783904    -0.829183            1     13
   -5.655730    -1.350238    -0.646563            1     13
   -6.700350    -1.350238    -0.646563            1     13
   -5.655730    -2.394858    -0.646563            1     13
   -6.700350    -2.394858    -0.646563            1     13
   -5.655730    -0.778572    -1.218229            1     13
   -6.700350    -0.778572    -1.218229            1     13
   -6.700350    -2.966524    -1.218229            1     13
   -6.700350    -0.778572    -2.262849            1     13
   -5.084064    -1.350238    -1.218229            1     13
   -7.272016    -1.350238    -1.218229            1     13
   -7.272016    -2.394858    -1.218229            1     13
   -7.272016    -1.350238    -2.262849            1     13
   -5.546593    -0.713378    -1.740539            1     13
   -6.809487    -0.713378    -1.740539            1     13
   -7.337210    -1.241101    -1.740539            1     13
   -7.337210    -2.503995    -1.740539            1     13
   -5.546593    -1.872548    -0.581369            1     13
   -6.809487    -1.872548    -0.581369            1     13
   -7.337210    -1.872548    -1.109092            1     13
   -6.178040    -1.241101    -0.581369            1     13
   -6.178040    -2.503995    -0.581369            1     13
   -6.178040    -0.713378    -1.109092            1     13
   -6.178040    -3.031718    -1.109092            1     13
   -4.225097    -1.539656    -3.813368            8     14
   -7.873097    -1.539656    -3.813368            8     14
   -6.049097     0.284344    -3.813368            8     14
   -6.049097    -1.539656    -5.637368            8     14
   -4.996010    -0.486569    -2.760281            8     14
   -7.102184    -0.486569    -2.760281            8     14
   -4.996010    -0.486569    -4.866455            8     14
   -7.102184    -0.486569    -4.866455            8     14
   -4.996010    -2.592743    -4.866455            8     14
   -7.102184    -2.592743    -4.866455            8     14
   -5.711446    -1.202005    -5.573755            8     14
   -6.386748    -1.202005    -5.573755            8     14
   -5.711446    -1.877307    -5.573755            8     14
   -6.386748    -1.877307    -5.573755            8     14
   -5.711446     0.220730    -3.475717            8     14
   -6.386748     0.220730    -3.475717            8     14
   -5.711446     0.220730    -4.151019            8     14
   -6.386748     0.220730    -4.151019            8     14
   -5.711446    -3.300043    -4.151019            8     14
   -6.386748    -3.300043    -4.151019            8     14
   -4.288711    -1.202005    -3.475717            8     14
   -7.809483    -1.202005    -3.475717            8     14
   -7.809483    -1.877307    -3.475717            8     14
   -4.288711    -1.202005    -4.151019            8     14
   -7.809483    -1.202005    -4.151019            8     14
   -4.288711    -1.877307    -4.151019            8     14
   -7.809483    -1.877307    -4.151019            8     14
   -4.789769    -0.280328    -3.419462            8     14
   -7.308425    -0.280328    -3.419462            8     14
   -4.789769    -0.280328    -4.207274            8     14
   -7.308425    -0.280328    -4.207274            8     14
   -7.308425    -2.798984    -4.207274            8     14
   -7.308425    -1.145750    -2.554040            8     14
   -4.789769    -1.145750    -5.072696            8     14
   -7.308425    -1.145750    -5.072696            8     14
   -4.789769    -1.933562    -5.072696            8     14
   -7.308425    -1.933562    -5.072696            8     14
   -5.655191    -0.280328    -2.554040            8     14
   -6.443003    -0.280328    -2.554040            8     14
   -5.655191    -0.280328    -5.072696            8     14
   -6.443003    -0.280328    -5.072696            8     14
   -5.655191    -2.798984    -5.072696            8     14
   -6.443003    -2.798984    -5.072696            8     14
   -5.327359    -0.817919    -2.301692            8     14
   -6.770835    -0.817919    -2.301692            8     14
   -5.327359    -0.817919    -5.325045            8     14
   -6.770835    -0.817919    -5.325045            8     14
   -5.327359    -2.261394    -5.325045            8     14
   -6.770835    -2.261394    -5.325045            8     14
   -5.327359    -0.027980    -3.091631            8     14
   -6.770835    -0.027980    -3.091631            8     14
   -5.327359    -0.027980    -4.535106            8     14
   -6.770835    -0.027980    -4.535106            8     14
   -5.327359    -3.051333    -4.535106            8     14
   -6.770835    -3.051333    -4.535106            8     14
   -4.537421    -0.817919    -3.091631            8     14
   -7.560774    -0.817919    -3.091631            8     14
   -7.560774    -2.261394    -3.091631            8     14
   -4.537421    -0.817919    -4.535106            8     14
   -7.560774    -0.817919    -4.535106            8     14
   -4.537421    -2.261394    -4.535106            8     14
   -7.560774    -2.261394    -4.535106            8     14
   -5.176552     0.062106    -3.813368            8     14
   -6.921642     0.062106    -3.813368            8     14
   -4.447335    -0.667111    -3.813368            8     14
   -7.650859    -0.667111    -3.813368            8     14
   -7.650859    -2.412201    -3.813368            8     14
   -5.176552    -1.539656    -5.415130            8     14
   -6.921642    -1.539656    -5.415130            8     14
   -7.650859    -1.539656    -2.940823            8     14
   -4.447335    -1.539656    -4.685913            8     14
   -7.650859    -1.539656    -4.685913            8     14
   -6.049097    -0.667111    -2.211606            8     14
   -6.049097    -0.667111    -5.415130            8     14
   -6.049097    -2.412201    -5.415130            8     14
   -6.049097     0.062106    -2.940823            8     14
   -6.049097     0.062106    -4.685913            8     14
   -6.049097    -3.141418    -4.685913            8     14
