$hessian                                                                        
        0.3432428673   0.1385932640  -0.2074927035  -0.0661029896  -0.0618009183
       -0.0083870124  -0.1156808477  -0.0636930625   0.0422473265  -0.1212791617
        0.0335122795   0.1272191850   0.0015667202  -0.0157222428  -0.0122358310
        0.0001948699   0.0131835708   0.0088384757  -0.0042992590   0.0119886400
        0.0063104870   0.0023370539  -0.0049527553   0.0042216835  -0.0262912381
       -0.0196717910   0.0239917344   0.0001235869  -0.0011572782  -0.0005890209
        0.0019485039  -0.0009805995  -0.0024287239  -0.0102251151  -0.0081475215
        0.0094462492  -0.0172687375  -0.0194985773   0.0071810566   0.0091476720
        0.0028243713  -0.0030237550   0.0025860747  -0.0044773795   0.0047008489
        0.1385932640   0.5809021040   0.1084365687  -0.0196946911  -0.2726757594
       -0.1251218067  -0.0666404357  -0.1325918505   0.0407321758  -0.0079951794
       -0.0912719197  -0.0193331247  -0.0445247319  -0.0517168258   0.0272470634
        0.0000357744  -0.0074732735  -0.0052144271   0.0112958692  -0.0236987062
       -0.0277279219  -0.0043701427  -0.0008295621   0.0003385485   0.0099838813
        0.0370403755   0.0104234517  -0.0007831452   0.0023350404   0.0024664313
        0.0125070451  -0.0106651862  -0.0248629092   0.0049349814   0.0068348039
       -0.0026293776  -0.0121164418  -0.0103384697   0.0015303296  -0.0161322052
       -0.0249390909   0.0126487586  -0.0050938425  -0.0009116798   0.0010662397
       -0.2074927035   0.1084365687   0.4866747605   0.0196048512  -0.0667615951
       -0.1138513464   0.0404050310   0.0367570354  -0.0863605629   0.0997115513
       -0.0768074966  -0.2345366281  -0.0313984162  -0.0126912894   0.0353028698
        0.0001391192  -0.0233785234  -0.0154024321   0.0059160433  -0.0286024266
       -0.0326104418   0.0046025107   0.0011719788   0.0021189971   0.0436535264
        0.0514346851  -0.0259145843  -0.0003920697   0.0029216546   0.0027397469
        0.0065348675  -0.0061519132  -0.0124476365   0.0178379847   0.0152159272
       -0.0141671524  -0.0084140220  -0.0105362666   0.0090122775   0.0050042782
        0.0087780708  -0.0028914361   0.0042874480   0.0002135901   0.0023335688
       -0.0661029896  -0.0196946911   0.0196048512   0.3462498400   0.1616540849
       -0.2222006981  -0.0048784546  -0.0178245154  -0.0054923254   0.0152569042
        0.0142097828  -0.0114825883  -0.1614605678  -0.1455701401   0.0767456370
       -0.0934575272   0.0245965398   0.1003245199  -0.0263229821   0.0078985655
        0.0351527250  -0.0035840600  -0.0025000295   0.0012852777  -0.0107519218
       -0.0175582237   0.0001202077   0.0044142928  -0.0004689360   0.0020015300
        0.0026520112  -0.0003156834   0.0056765475   0.0004737633  -0.0009296073
       -0.0013467970  -0.0020208110  -0.0025472403   0.0004929864  -0.0006031525
       -0.0004655992  -0.0004415793   0.0001356550  -0.0004843069  -0.0004402943
       -0.0618009183  -0.2726757594  -0.0667615951   0.1616540849   0.5948929317
        0.0982873249  -0.0072031210  -0.0245591965  -0.0061194417   0.0441626041
       -0.0069326087  -0.0658879537  -0.1065695971  -0.2045154420   0.0362457099
        0.0249005576  -0.0575084208  -0.0508344083  -0.0174482376   0.0365863534
        0.0515168288  -0.0173964130  -0.0227174717   0.0100296588  -0.0228765640
       -0.0436036345   0.0042705511   0.0027832419   0.0000450782  -0.0078393343
       -0.0009672897   0.0019265343  -0.0019848821   0.0016354562   0.0011250752
       -0.0014711301   0.0007851232  -0.0006412450   0.0001783763  -0.0010072000
       -0.0009386115  -0.0001906670  -0.0006517272  -0.0004835827   0.0005609625
       -0.0083870124  -0.1251218067  -0.1138513464  -0.2222006981   0.0982873249
        0.4810128489   0.0016054996   0.0086849698   0.0032848521   0.0083925567
       -0.0243892001  -0.0276079483   0.1026110111   0.0902258811  -0.1187325580
        0.1005034768  -0.0504521999  -0.2051457688   0.0183910451   0.0164301684
       -0.0192272854  -0.0086111377  -0.0106255374   0.0034141668  -0.0034034328
       -0.0030616589   0.0003971663   0.0041271941  -0.0033558043  -0.0018804178
        0.0052575270  -0.0028759369  -0.0022674065   0.0003733869   0.0020959052
        0.0008375887   0.0006562588   0.0011054459  -0.0001361761   0.0012382844
        0.0027285062  -0.0011321611  -0.0005539595   0.0003239429   0.0010344455
       -0.1156808477  -0.0666404357   0.0404050310  -0.0048784546  -0.0072031210
        0.0016054996   0.4763522376  -0.0187568786  -0.0021297366  -0.0147630649
       -0.0105456718   0.0110547987   0.0035976797  -0.0020784622   0.0017699547
       -0.0005058459   0.0019322236  -0.0008422852  -0.0003019547  -0.0007993635
        0.0002181563   0.0003373443  -0.0002440849   0.0004844859   0.0026081969
        0.0006578454   0.0039390338  -0.0003888645   0.0005331030  -0.0006192145
       -0.0006561664  -0.0001021157  -0.0017062168  -0.0852886570   0.0393551833
        0.0816977434  -0.1575664067  -0.0383732364  -0.1072119499  -0.1028375693
        0.1030198562  -0.0293481239  -0.0000276268  -0.0007548416   0.0006828235
       -0.0636930625  -0.1325918505   0.0367570354  -0.0178245154  -0.0245591965
        0.0086849698  -0.0187568786   0.4817281137   0.0250511732   0.0003311861
        0.0019880665   0.0020244980  -0.0013494110  -0.0023573825  -0.0035772246
       -0.0002123531   0.0006467685   0.0020715540  -0.0001954387  -0.0006532277
       -0.0003447068  -0.0011190684  -0.0009801328   0.0003213183  -0.0004207548
        0.0013860286  -0.0019124469   0.0001792335  -0.0000270966   0.0004898489
        0.0013166398   0.0007407508  -0.0000724200   0.0393569325  -0.0779278694
       -0.0756439202  -0.0368808648  -0.0525036231  -0.0374798126   0.0991311057
       -0.1951647434   0.0441982260   0.0001372498   0.0002753945  -0.0005680925
        0.0422473265   0.0407321758  -0.0863605629  -0.0054923254  -0.0061194417
        0.0032848521  -0.0021297366   0.0250511732   0.5029755751   0.0182072068
        0.0170509546  -0.0157027342   0.0022666045  -0.0025841932   0.0010429224
       -0.0022580835  -0.0008787364   0.0004986878   0.0006090194   0.0004751760
       -0.0002745184  -0.0000660544  -0.0008573480   0.0003739011   0.0032084151
       -0.0033920986  -0.0015901632  -0.0008522634   0.0000135944   0.0000785135
       -0.0007820938   0.0018643921   0.0004504389   0.0817312447  -0.0756308398
       -0.2044147923  -0.1102681308  -0.0398976142  -0.1440965204  -0.0276945993
        0.0434976870  -0.0557728268   0.0012734700   0.0006751188  -0.0004927727
       -0.1212791617  -0.0079951794   0.0997115513   0.0152569042   0.0441626041
        0.0083925567  -0.0147630649   0.0003311861   0.0182072068   0.3533989236
        0.1599245980  -0.2325216592  -0.0232970642  -0.0108936982   0.0220775520
        0.0045173206  -0.0027116853   0.0015976464  -0.0012274613  -0.0406686710
       -0.0313808131  -0.0003805667  -0.0002177589   0.0003382990  -0.1635073746
       -0.1083862184   0.1048039443   0.0045246321   0.0022752418   0.0034348233
       -0.0410515151  -0.0258392352  -0.0061451132  -0.0022309808  -0.0026755747
        0.0025490123   0.0014577896   0.0008807335   0.0012169595   0.0002781439
        0.0016479238   0.0000422315  -0.0116965248  -0.0098342663   0.0076758023
        0.0335122795  -0.0912719197  -0.0768074966   0.0142097828  -0.0069326087
       -0.0243892001  -0.0105456718   0.0019880665   0.0170509546   0.1599245980
        0.5792562951   0.0904323260  -0.0054244032  -0.0025446514   0.0072593193
       -0.0019983778  -0.0039722652  -0.0044768394  -0.0155336502  -0.0431364214
       -0.0041623611  -0.0000377735   0.0009629380   0.0007133998  -0.1472521043
       -0.2053028092   0.0916839761  -0.0008557646  -0.0012996299  -0.0035614797
       -0.0262063691  -0.2296552430  -0.0942531987  -0.0034070013  -0.0025292914
        0.0024590778  -0.0005123791   0.0005250460   0.0009987695  -0.0009047317
        0.0006109969   0.0008363685   0.0050315663   0.0033014973  -0.0037836161
        0.1272191850  -0.0193331247  -0.2345366281  -0.0114825883  -0.0658879537
       -0.0276079483   0.0110547987   0.0020244980  -0.0157027342  -0.2325216592
        0.0904323260   0.4909918844   0.0257125256   0.0148575442  -0.0279098050
        0.0020617492  -0.0034973571   0.0017949948  -0.0147184380   0.0306541231
        0.0362221604   0.0004663688   0.0009540120  -0.0000170310   0.0790382200
        0.0378710605  -0.1202754007   0.0013334553  -0.0079220076  -0.0012043521
       -0.0063600181  -0.0947321242  -0.0871107387   0.0020307911   0.0014248145
       -0.0009647776  -0.0015801140  -0.0014295289  -0.0000744997   0.0002293779
       -0.0021985946   0.0009708775   0.0175163460   0.0167823127  -0.0145760016
        0.0015667202  -0.0445247319  -0.0313984162  -0.1614605678  -0.1065695971
        0.1026110111   0.0035976797  -0.0013494110   0.0022666045  -0.0232970642
       -0.0054244032   0.0257125256   0.3444260599   0.1836392279  -0.2227992450
       -0.0115972881  -0.0108668530   0.0105270837  -0.1058194348  -0.0058680863
        0.0697153342  -0.0398907750  -0.0294543415  -0.0046278698   0.0149293887
        0.0372466552   0.0024221290  -0.0259856433  -0.0125649926   0.0426080828
       -0.0000274684  -0.0001283252   0.0002423083  -0.0000373227   0.0000623744
        0.0000565899  -0.0000836616   0.0001452732   0.0001295645  -0.0009588920
       -0.0016338309   0.0007576835   0.0046382693  -0.0027089579   0.0017766140
       -0.0157222428  -0.0517168258  -0.0126912894  -0.1455701401  -0.2045154420
        0.0902258811  -0.0020784622  -0.0023573825  -0.0025841932  -0.0108936982
       -0.0025446514   0.0148575442   0.1836392279   0.5823093923   0.0682078515
        0.0032712993   0.0037934137  -0.0027737373   0.0292828766  -0.0937657030
       -0.0677234048  -0.0292632180  -0.2299682213  -0.0926772772   0.0167549966
       -0.0003255828  -0.0226894261  -0.0260254704   0.0034897383   0.0311531089
       -0.0001546699   0.0009844769   0.0007351719   0.0002396381   0.0000138739
       -0.0002906267  -0.0008335956  -0.0011301407   0.0006571309  -0.0005805001
       -0.0002290367   0.0001799321  -0.0020660411  -0.0040379088  -0.0045866660
       -0.0122358310   0.0272470634   0.0353028698   0.0767456370   0.0362457099
       -0.1187325580   0.0017699547  -0.0035772246   0.0010429224   0.0220775520
        0.0072593193  -0.0279098050  -0.2227992450   0.0682078515   0.4494596768
        0.0198926768   0.0167860240  -0.0152395120   0.0929416499  -0.0191145202
       -0.1941873817  -0.0044506390  -0.0923973627  -0.0841039960  -0.0111503979
       -0.0510179230  -0.0195138295   0.0336751092   0.0125096943  -0.0275190369
        0.0002147410   0.0006887224   0.0003477023   0.0001696483  -0.0000638726
       -0.0003141870   0.0011280120   0.0009010718  -0.0001719978  -0.0001978115
        0.0000323750  -0.0001939418   0.0022189435  -0.0037069286   0.0017330744
        0.0001948699   0.0000357744   0.0001391192  -0.0934575272   0.0249005576
        0.1005034768  -0.0005058459  -0.0002123531  -0.0022580835   0.0045173206
       -0.0019983778   0.0020617492  -0.0115972881   0.0032712993   0.0198926768
        0.1009854095  -0.0222131127  -0.1222293829   0.0050251260  -0.0045505585
        0.0024061048  -0.0015870399   0.0012488948  -0.0017653139   0.0002763280
       -0.0003948809  -0.0003907906  -0.0025721771  -0.0009220212   0.0018697678
       -0.0000191382   0.0002520960   0.0001764641   0.0000289918  -0.0000773428
       -0.0000479141  -0.0001833867  -0.0001936138   0.0000729189   0.0000602244
        0.0003002593   0.0000036239  -0.0011658670   0.0005533794  -0.0004344164
        0.0131835708  -0.0074732735  -0.0233785234   0.0245965398  -0.0575084208
       -0.0504521999   0.0019322236   0.0006467685  -0.0008787364  -0.0027116853
       -0.0039722652  -0.0034973571  -0.0108668530   0.0037934137   0.0167860240
       -0.0222131127   0.0668040697   0.0595189683  -0.0042737746  -0.0010880369
       -0.0007343062   0.0007512782   0.0005048841   0.0015878938  -0.0004333023
       -0.0000063063   0.0004661913  -0.0004987982  -0.0000676261   0.0011732431
        0.0007663155  -0.0009231590  -0.0016623625  -0.0007808007  -0.0006824110
        0.0006086241   0.0001205401   0.0002207471   0.0001031425  -0.0000721527
        0.0000087084   0.0000672118   0.0005000116  -0.0002570928   0.0002921865
        0.0088384757  -0.0052144271  -0.0154024321   0.1003245199  -0.0508344083
       -0.2051457688  -0.0008422852   0.0020715540   0.0004986878   0.0015976464
       -0.0044768394   0.0017949948   0.0105270837  -0.0027737373  -0.0152395120
       -0.1222293829   0.0595189683   0.2318332116   0.0025733755  -0.0003355286
        0.0051224203  -0.0021006916   0.0008732393   0.0000220269  -0.0004180520
        0.0004173094   0.0010552626   0.0021613129   0.0017460605  -0.0025930554
        0.0005200840  -0.0009609807  -0.0013657169  -0.0005344681  -0.0003535512
        0.0005036468  -0.0000544807  -0.0001258361  -0.0000382102   0.0001071406
        0.0002280272  -0.0000814572  -0.0004702781   0.0002201500  -0.0009640979
       -0.0042992590   0.0112958692   0.0059160433  -0.0263229821  -0.0174482376
        0.0183910451  -0.0003019547  -0.0001954387   0.0006090194  -0.0012274613
       -0.0155336502  -0.0147184380  -0.1058194348   0.0292828766   0.0929416499
        0.0050251260  -0.0042737746   0.0025733755   0.3790126184   0.1720608875
       -0.2051828887   0.0033187809  -0.0036868561  -0.0041900821  -0.0689328639
       -0.0403993515  -0.0046674573  -0.1871823271  -0.1449562405   0.0929461957
        0.0036972245  -0.0033087523   0.0052346999   0.0004550644   0.0000001971
       -0.0005456499   0.0012840377   0.0007185926   0.0001667188   0.0002251059
        0.0012847850  -0.0008539025   0.0010683251   0.0151590935   0.0113796709
        0.0119886400  -0.0236987062  -0.0286024266   0.0078985655   0.0365863534
        0.0164301684  -0.0007993635  -0.0006532277   0.0004751760  -0.0406686710
       -0.0431364214   0.0306541231  -0.0058680863  -0.0937657030  -0.0191145202
       -0.0045505585  -0.0010880369  -0.0003355286   0.1720608875   0.5656694743
        0.0382453318   0.0130883601  -0.0119353559  -0.0273202458  -0.0051883911
       -0.2115549541  -0.0978050105  -0.1450208706  -0.2176526069   0.0898987059
       -0.0030395215   0.0033840658   0.0003849364   0.0003937107   0.0001902882
       -0.0004954893   0.0014010815   0.0007238895   0.0003923556  -0.0001558508
        0.0015725254  -0.0005367325  -0.0015399320  -0.0046415846  -0.0022708437
        0.0063104870  -0.0277279219  -0.0326104418   0.0351527250   0.0515168288
       -0.0192272854   0.0002181563  -0.0003447068  -0.0002745184  -0.0313808131
       -0.0041623611   0.0362221604   0.0697153342  -0.0677234048  -0.1941873817
        0.0024061048  -0.0007343062   0.0051224203  -0.2051828887   0.0382453318
        0.4579923440   0.0068562556  -0.0041599262  -0.0103051956   0.0187151413
       -0.0489740380  -0.1112108909   0.0929368757   0.0898496173  -0.1197672662
        0.0054499810   0.0008210561   0.0021010429  -0.0002697268   0.0000599415
        0.0004762400  -0.0009686335  -0.0004208779   0.0002888771  -0.0002701873
       -0.0008247141   0.0005657269   0.0003111885  -0.0254205186  -0.0151858314
        0.0023370539  -0.0043701427   0.0046025107  -0.0035840600  -0.0173964130
       -0.0086111377   0.0003373443  -0.0011190684  -0.0000660544  -0.0003805667
       -0.0000377735   0.0004663688  -0.0398907750  -0.0292632180  -0.0044506390
       -0.0015870399   0.0007512782  -0.0021006916   0.0033187809   0.0130883601
        0.0068562556   0.0388971719   0.0375003038   0.0011138230   0.0028880390
       -0.0010294417   0.0054439538  -0.0005231018   0.0005575663  -0.0026742393
       -0.0010112288   0.0004255197  -0.0007427563   0.0000362583   0.0000547941
       -0.0000604103   0.0000476635   0.0000027785  -0.0000128233  -0.0001760407
       -0.0003007846   0.0001763845  -0.0007094991   0.0011362414   0.0000594556
       -0.0049527553  -0.0008295621   0.0011719788  -0.0025000295  -0.0227174717
       -0.0106255374  -0.0002440849  -0.0009801328  -0.0008573480  -0.0002177589
        0.0009629380   0.0009540120  -0.0294543415  -0.2299682213  -0.0923973627
        0.0012488948   0.0005048841   0.0008732393  -0.0036868561  -0.0119353559
       -0.0041599262   0.0375003038   0.2629368954   0.1080122968  -0.0003599666
        0.0018496996  -0.0031133311   0.0021203983   0.0027045287   0.0006497817
        0.0003909955  -0.0007187858   0.0001649663  -0.0000075910   0.0000941578
        0.0000853431  -0.0003969332  -0.0003397299   0.0000119452  -0.0000438822
       -0.0003075183   0.0000999241   0.0006036065  -0.0012563259  -0.0008699820
        0.0042216835   0.0003385485   0.0021189971   0.0012852777   0.0100296588
        0.0034141668   0.0004844859   0.0003213183   0.0003739011   0.0003382990
        0.0007133998  -0.0000170310  -0.0046278698  -0.0926772772  -0.0841039960
       -0.0017653139   0.0015878938   0.0000220269  -0.0041900821  -0.0273202458
       -0.0103051956   0.0011138230   0.1080122968   0.0917967679   0.0058657757
       -0.0022274622  -0.0022774318  -0.0016605739   0.0027695718   0.0014170093
       -0.0007636101   0.0001053243  -0.0006206867  -0.0000906187   0.0000026852
        0.0000852690   0.0000905773   0.0000905909  -0.0001063569  -0.0000093902
       -0.0001600266   0.0000762280  -0.0002924632  -0.0015862766  -0.0018736681
       -0.0262912381   0.0099838813   0.0436535264  -0.0107519218  -0.0228765640
       -0.0034034328   0.0026081969  -0.0004207548   0.0032084151  -0.1635073746
       -0.1472521043   0.0790382200   0.0149293887   0.0167549966  -0.0111503979
        0.0002763280  -0.0004333023  -0.0004180520  -0.0689328639  -0.0051883911
        0.0187151413   0.0028880390  -0.0003599666   0.0058657757   0.3532432242
        0.1779365401  -0.2382712257  -0.0075611467  -0.0431478721  -0.0030275325
       -0.0026437273  -0.0051740746   0.0020025122  -0.0002104939  -0.0005636108
        0.0001731576   0.0001233424   0.0002410124  -0.0002772777  -0.0002736255
       -0.0010179687   0.0003475406  -0.0938961273   0.0215181789   0.1035436298
       -0.0196717910   0.0370403755   0.0514346851  -0.0175582237  -0.0436036345
       -0.0030616589   0.0006578454   0.0013860286  -0.0033920986  -0.1083862184
       -0.2053028092   0.0378710605   0.0372466552  -0.0003255828  -0.0510179230
       -0.0003948809  -0.0000063063   0.0004173094  -0.0403993515  -0.2115549541
       -0.0489740380  -0.0010294417   0.0018496996  -0.0022274622   0.1779365401
        0.5586805770   0.0602753738  -0.0295971317  -0.0550308497  -0.0028268560
       -0.0193250395  -0.0250259865   0.0093582700   0.0001890579   0.0001722066
       -0.0002606872  -0.0011344183  -0.0009554508  -0.0003740877   0.0002005858
       -0.0009799076   0.0001564957   0.0212658123  -0.0563434057  -0.0473783830
        0.0239917344   0.0104234517  -0.0259145843   0.0001202077   0.0042705511
        0.0003971663   0.0039390338  -0.0019124469  -0.0015901632   0.1048039443
        0.0916839761  -0.1202754007   0.0024221290  -0.0226894261  -0.0195138295
       -0.0003907906   0.0004661913   0.0010552626  -0.0046674573  -0.0978050105
       -0.1112108909   0.0054439538  -0.0031133311  -0.0022774318  -0.2382712257
        0.0602753738   0.4657022709   0.0059679614   0.0159116516   0.0131102740
       -0.0074060766  -0.0102455349   0.0047047803   0.0006866727   0.0007778761
       -0.0002514427   0.0001653499   0.0002098398  -0.0001383108  -0.0002177230
       -0.0006219601   0.0001971493   0.1034122863  -0.0476312019  -0.2039948496
        0.0001235869  -0.0007831452  -0.0003920697   0.0044142928   0.0027832419
        0.0041271941  -0.0003888645   0.0001792335  -0.0008522634   0.0045246321
       -0.0008557646   0.0013334553  -0.0259856433  -0.0260254704   0.0336751092
       -0.0025721771  -0.0004987982   0.0021613129  -0.1871823271  -0.1450208706
        0.0929368757  -0.0005231018   0.0021203983  -0.0016605739  -0.0075611467
       -0.0295971317   0.0059679614   0.2182047566   0.2008797054  -0.1343265889
       -0.0013294525  -0.0020859306  -0.0006425790  -0.0002350080   0.0000853976
        0.0003327128  -0.0011350831  -0.0006418919  -0.0001271906  -0.0000432698
       -0.0009088087   0.0005194882  -0.0003111948   0.0003698353  -0.0030528441
       -0.0011572782   0.0023350404   0.0029216546  -0.0004689360   0.0000450782
       -0.0033558043   0.0005331030  -0.0000270966   0.0000135944   0.0022752418
       -0.0012996299  -0.0079220076  -0.0125649926   0.0034897383   0.0125096943
       -0.0009220212  -0.0000676261   0.0017460605  -0.1449562405  -0.2176526069
        0.0898496173   0.0005575663   0.0027045287   0.0027695718  -0.0431478721
       -0.0550308497   0.0159116516   0.2008797054   0.2692892249  -0.1158895834
       -0.0016462559  -0.0041230279   0.0001349630  -0.0002727394   0.0000057934
        0.0004433339  -0.0009841484  -0.0005297831  -0.0001545954  -0.0000592284
       -0.0012007806   0.0005243976   0.0019340961   0.0020619968   0.0004974517
       -0.0005890209   0.0024664313   0.0027397469   0.0020015300  -0.0078393343
       -0.0018804178  -0.0006192145   0.0004898489   0.0000785135   0.0034348233
       -0.0035614797  -0.0012043521   0.0426080828   0.0311531089  -0.0275190369
        0.0018697678   0.0011732431  -0.0025930554   0.0929461957   0.0898987059
       -0.1197672662  -0.0026742393   0.0006497817   0.0014170093  -0.0030275325
       -0.0028268560   0.0131102740  -0.1343265889  -0.1158895834   0.1341870507
       -0.0003969703   0.0006749466   0.0001646230   0.0000645965  -0.0000712212
       -0.0001827794   0.0006409990   0.0002599014   0.0000277590   0.0001065202
        0.0008064605  -0.0004249821  -0.0020389489   0.0026160461   0.0018469136
        0.0019485039   0.0125070451   0.0065348675   0.0026520112  -0.0009672897
        0.0052575270  -0.0006561664   0.0013166398  -0.0007820938  -0.0410515151
       -0.0262063691  -0.0063600181  -0.0000274684  -0.0001546699   0.0002147410
       -0.0000191382   0.0007663155   0.0005200840   0.0036972245  -0.0030395215
        0.0054499810  -0.0010112288   0.0003909955  -0.0007636101  -0.0026437273
       -0.0193250395  -0.0074060766  -0.0013294525  -0.0016462559  -0.0003969703
        0.0404088521   0.0354634166  -0.0000069343  -0.0000134823  -0.0000609065
       -0.0001591510  -0.0005239963  -0.0001564724  -0.0000903280   0.0002324903
        0.0002901691   0.0000533907  -0.0016629067   0.0008219427  -0.0020654091
       -0.0009805995  -0.0106651862  -0.0061519132  -0.0003156834   0.0019265343
       -0.0028759369  -0.0001021157   0.0007407508   0.0018643921  -0.0258392352
       -0.2296552430  -0.0947321242  -0.0001283252   0.0009844769   0.0006887224
        0.0002520960  -0.0009231590  -0.0009609807  -0.0033087523   0.0033840658
        0.0008210561   0.0004255197  -0.0007187858   0.0001053243  -0.0051740746
       -0.0250259865  -0.0102455349  -0.0020859306  -0.0041230279   0.0006749466
        0.0354634166   0.2631626575   0.1100384131  -0.0001032729  -0.0001003638
        0.0001363870   0.0005415731   0.0002707203  -0.0000494645   0.0000213213
        0.0001092171  -0.0002245665   0.0013340627   0.0006333293   0.0009112794
       -0.0024287239  -0.0248629092  -0.0124476365   0.0056765475  -0.0019848821
       -0.0022674065  -0.0017062168  -0.0000724200   0.0004504389  -0.0061451132
       -0.0942531987  -0.0871107387   0.0002423083   0.0007351719   0.0003477023
        0.0001764641  -0.0016623625  -0.0013657169   0.0052346999   0.0003849364
        0.0021010429  -0.0007427563   0.0001649663  -0.0006206867   0.0020025122
        0.0093582700   0.0047047803  -0.0006425790   0.0001349630   0.0001646230
       -0.0000069343   0.1100384131   0.0964174199  -0.0001924998   0.0000823029
        0.0002165383   0.0003596698  -0.0002343752   0.0000470192  -0.0000960129
        0.0005480266  -0.0005482758  -0.0017313654   0.0016230974  -0.0000891036
       -0.0102251151   0.0049349814   0.0178379847   0.0004737633   0.0016354562
        0.0003733869  -0.0852886570   0.0393569325   0.0817312447  -0.0022309808
       -0.0034070013   0.0020307911  -0.0000373227   0.0002396381   0.0001696483
        0.0000289918  -0.0007808007  -0.0005344681   0.0004550644   0.0003937107
       -0.0002697268   0.0000362583  -0.0000075910  -0.0000906187  -0.0002104939
        0.0001890579   0.0006866727  -0.0002350080  -0.0002727394   0.0000645965
       -0.0000134823  -0.0001032729  -0.0001924998   0.0981512953  -0.0434974718
       -0.0980147852   0.0084868603  -0.0090340524  -0.0193782327  -0.0090640840
        0.0104948122   0.0153306103  -0.0003270898  -0.0001416595   0.0002553961
       -0.0081475215   0.0068348039   0.0152159272  -0.0009296073   0.0011250752
        0.0020959052   0.0393551833  -0.0779278694  -0.0756308398  -0.0026755747
       -0.0025292914   0.0014248145   0.0000623744   0.0000138739  -0.0000638726
       -0.0000773428  -0.0006824110  -0.0003535512   0.0000001971   0.0001902882
        0.0000599415   0.0000547941   0.0000941578   0.0000026852  -0.0005636108
        0.0001722066   0.0007778761   0.0000853976   0.0000057934  -0.0000712212
       -0.0000609065  -0.0001003638   0.0000823029  -0.0434974718   0.0903926516
        0.0873728889   0.0028520502  -0.0035055174  -0.0082891996   0.0136880722
       -0.0139138881  -0.0227678739  -0.0001460335  -0.0001695096   0.0001442167
        0.0094462492  -0.0026293776  -0.0141671524  -0.0013467970  -0.0014711301
        0.0008375887   0.0816977434  -0.0756439202  -0.2044147923   0.0025490123
        0.0024590778  -0.0009647776   0.0000565899  -0.0002906267  -0.0003141870
       -0.0000479141   0.0006086241   0.0005036468  -0.0005456499  -0.0004954893
        0.0004762400  -0.0000604103   0.0000853431   0.0000852690   0.0001731576
       -0.0002606872  -0.0002514427   0.0003327128   0.0004433339  -0.0001827794
       -0.0001591510   0.0001363870   0.0002165383  -0.0980147852   0.0873728889
        0.2371720257   0.0075367943  -0.0115359762  -0.0233016734  -0.0018663069
        0.0010893216   0.0046529309   0.0002487550   0.0001322311  -0.0003474346
       -0.0172687375  -0.0121164418  -0.0084140220  -0.0020208110   0.0007851232
        0.0006562588  -0.1575664067  -0.0368808648  -0.1102681308   0.0014577896
       -0.0005123791  -0.0015801140  -0.0000836616  -0.0008335956   0.0011280120
       -0.0001833867   0.0001205401  -0.0000544807   0.0012840377   0.0014010815
       -0.0009686335   0.0000476635  -0.0003969332   0.0000905773   0.0001233424
       -0.0011344183   0.0001653499  -0.0011350831  -0.0009841484   0.0006409990
       -0.0005239963   0.0005415731   0.0003596698   0.0084868603   0.0028520502
        0.0075367943   0.1841743092   0.0480723220   0.1269018400  -0.0167674248
       -0.0009821957  -0.0163716907  -0.0000244949   0.0000682867   0.0001775706
       -0.0194985773  -0.0103384697  -0.0105362666  -0.0025472403  -0.0006412450
        0.0011054459  -0.0383732364  -0.0525036231  -0.0398976142   0.0008807335
        0.0005250460  -0.0014295289   0.0001452732  -0.0011301407   0.0009010718
       -0.0001936138   0.0002207471  -0.0001258361   0.0007185926   0.0007238895
       -0.0004208779   0.0000027785  -0.0003397299   0.0000905909   0.0002410124
       -0.0009554508   0.0002098398  -0.0006418919  -0.0005297831   0.0002599014
       -0.0001564724   0.0002707203  -0.0002343752  -0.0090340524  -0.0035055174
       -0.0115359762   0.0480723220   0.0640296376   0.0428478397   0.0203410544
        0.0041598338   0.0186885874   0.0000433179   0.0000140854   0.0000771981
        0.0071810566   0.0015303296   0.0090122775   0.0004929864   0.0001783763
       -0.0001361761  -0.1072119499  -0.0374798126  -0.1440965204   0.0012169595
        0.0009987695  -0.0000744997   0.0001295645   0.0006571309  -0.0001719978
        0.0000729189   0.0001031425  -0.0000382102   0.0001667188   0.0003923556
        0.0002888771  -0.0000128233   0.0000119452  -0.0001063569  -0.0002772777
       -0.0003740877  -0.0001383108  -0.0001271906  -0.0001545954   0.0000277590
       -0.0000903280  -0.0000494645   0.0000470192  -0.0193782327  -0.0082891996
       -0.0233016734   0.1269018400   0.0428478397   0.1660514934  -0.0089702617
       -0.0004136030  -0.0073895538  -0.0000939809   0.0000408733   0.0000258731
        0.0091476720  -0.0161322052   0.0050042782  -0.0006031525  -0.0010072000
        0.0012382844  -0.1028375693   0.0991311057  -0.0276945993   0.0002781439
       -0.0009047317   0.0002293779  -0.0009588920  -0.0005805001  -0.0001978115
        0.0000602244  -0.0000721527   0.0001071406   0.0002251059  -0.0001558508
       -0.0002701873  -0.0001760407  -0.0000438822  -0.0000093902  -0.0002736255
        0.0002005858  -0.0002177230  -0.0000432698  -0.0000592284   0.0001065202
        0.0002324903   0.0000213213  -0.0000960129  -0.0090640840   0.0136880722
       -0.0018663069  -0.0167674248   0.0203410544  -0.0089702617   0.1208176278
       -0.1144524956   0.0327438751  -0.0000372059   0.0000261072  -0.0001071836
        0.0028243713  -0.0249390909   0.0087780708  -0.0004655992  -0.0009386115
        0.0027285062   0.1030198562  -0.1951647434   0.0434976870   0.0016479238
        0.0006109969  -0.0021985946  -0.0016338309  -0.0002290367   0.0000323750
        0.0003002593   0.0000087084   0.0002280272   0.0012847850   0.0015725254
       -0.0008247141  -0.0003007846  -0.0003075183  -0.0001600266  -0.0010179687
       -0.0009799076  -0.0006219601  -0.0009088087  -0.0012007806   0.0008064605
        0.0002901691   0.0001092171   0.0005480266   0.0104948122  -0.0139138881
        0.0010893216  -0.0009821957   0.0041598338  -0.0004136030  -0.1144524956
        0.2311132510  -0.0536073889  -0.0001004935   0.0000990444   0.0001178124
       -0.0030237550   0.0126487586  -0.0028914361  -0.0004415793  -0.0001906670
       -0.0011321611  -0.0293481239   0.0441982260  -0.0557728268   0.0000422315
        0.0008363685   0.0009708775   0.0007576835   0.0001799321  -0.0001939418
        0.0000036239   0.0000672118  -0.0000814572  -0.0008539025  -0.0005367325
        0.0005657269   0.0001763845   0.0000999241   0.0000762280   0.0003475406
        0.0001564957   0.0001971493   0.0005194882   0.0005243976  -0.0004249821
        0.0000533907  -0.0002245665  -0.0005482758   0.0153306103  -0.0227678739
        0.0046529309  -0.0163716907   0.0186885874  -0.0073895538   0.0327438751
       -0.0536073889   0.0620127549   0.0000642231  -0.0000726729  -0.0000410328
        0.0025860747  -0.0050938425   0.0042874480   0.0001356550  -0.0006517272
       -0.0005539595  -0.0000276268   0.0001372498   0.0012734700  -0.0116965248
        0.0050315663   0.0175163460   0.0046382693  -0.0020660411   0.0022189435
       -0.0011658670   0.0005000116  -0.0004702781   0.0010683251  -0.0015399320
        0.0003111885  -0.0007094991   0.0006036065  -0.0002924632  -0.0938961273
        0.0212658123   0.1034122863  -0.0003111948   0.0019340961  -0.0020389489
       -0.0016629067   0.0013340627  -0.0017313654  -0.0003270898  -0.0001460335
        0.0002487550  -0.0000244949   0.0000433179  -0.0000939809  -0.0000372059
       -0.0001004935   0.0000642231   0.1014302129  -0.0212516533  -0.1241516642
       -0.0044773795  -0.0009116798   0.0002135901  -0.0004843069  -0.0004835827
        0.0003239429  -0.0007548416   0.0002753945   0.0006751188  -0.0098342663
        0.0033014973   0.0167823127  -0.0027089579  -0.0040379088  -0.0037069286
        0.0005533794  -0.0002570928   0.0002201500   0.0151590935  -0.0046415846
       -0.0254205186   0.0011362414  -0.0012563259  -0.0015862766   0.0215181789
       -0.0563434057  -0.0476312019   0.0003698353   0.0020619968   0.0026160461
        0.0008219427   0.0006333293   0.0016230974  -0.0001416595  -0.0001695096
        0.0001322311   0.0000682867   0.0000140854   0.0000408733   0.0000261072
        0.0000990444  -0.0000726729  -0.0212516533   0.0617157422   0.0557902363
        0.0047008489   0.0010662397   0.0023335688  -0.0004402943   0.0005609625
        0.0010344455   0.0006828235  -0.0005680925  -0.0004927727   0.0076758023
       -0.0037836161  -0.0145760016   0.0017766140  -0.0045866660   0.0017330744
       -0.0004344164   0.0002921865  -0.0009640979   0.0113796709  -0.0022708437
       -0.0151858314   0.0000594556  -0.0008699820  -0.0018736681   0.1035436298
       -0.0473783830  -0.2039948496  -0.0030528441   0.0004974517   0.0018469136
       -0.0020654091   0.0009112794  -0.0000891036   0.0002553961   0.0001442167
       -0.0003474346   0.0001775706   0.0000771981   0.0000258731  -0.0001071836
        0.0001178124  -0.0000410328  -0.1241516642   0.0557902363   0.2305909169
