           1           2   1.38935085107356     
           1           3   1.01820200394043     
           1           4   1.37854077515432     
           2           5   1.48653960088522     
           2           6  0.968298965596457     
           5           7   1.25567645245215     
           5           8  0.971110194662097     
           4           9   1.49808361890520     
           7           9   1.24944451123806     
           5          10  0.100724975809855     
           7          10   1.35446763078127     
           4          11  0.969597235760122     
           3          12  0.986977119971096     
           3          13  0.978414978103006     
           3          14  0.978191102960641     
           9          15  0.971080925159167     
