# Atoms array:
     x           y            z                   Z     indx
   -4.172182    -1.980183     1.997006            6      0
   -3.832282    -2.432666     0.719711            6      1
   -6.995103    -3.791794     2.510512            1      2
   -5.313376    -2.464031     2.653674            6      3
   -3.554637    -1.239940     2.508565            1      4
   -4.633010    -3.383165     0.077340            6      5
   -2.940578    -2.044449     0.222531            1      6
   -5.773191    -3.874870     0.721873            6      7
   -4.369647    -3.739278    -0.920679            1      8
   -6.107669    -3.416438     1.998590            6      9
   -6.402652    -4.617497     0.226565            1     10
   -5.682070    -1.962248     4.055206            6     11
   -4.897595    -1.119171     4.584707            8     12
   -6.740538    -2.429173     4.573527            8     13

# Gridpoints array:
     x           y            z                   Z     indx
   -2.132182    -1.980183     1.997006            6      0
   -4.172182     0.059817     1.997006            6      0
   -4.172182    -4.020183     1.997006            6      0
   -2.994388    -0.802389     3.174800            6      0
   -2.994388    -3.157978     3.174800            6      0
   -2.994388    -0.802389     0.819211            6      0
   -5.349977    -0.802389     0.819211            6      0
   -3.794546    -2.357819     3.965859            6      0
   -3.794546    -0.011330     2.374641            6      0
   -4.549818    -0.011330     2.374641            6      0
   -3.794546    -3.949036     2.374641            6      0
   -3.794546    -0.011330     1.619370            6      0
   -4.549818    -0.011330     1.619370            6      0
   -3.794546    -3.949036     1.619370            6      0
   -2.203329    -1.602547     2.374641            6      0
   -2.203329    -2.357819     2.374641            6      0
   -2.203329    -1.602547     1.619370            6      0
   -2.203329    -2.357819     1.619370            6      0
   -2.763723    -0.571724     2.437558            6      0
   -5.580641    -0.571724     2.437558            6      0
   -2.763723    -3.388642     2.437558            6      0
   -2.763723    -0.571724     1.556453            6      0
   -5.580641    -0.571724     1.556453            6      0
   -2.763723    -3.388642     1.556453            6      0
   -2.763723    -1.539630     3.405465            6      0
   -2.763723    -2.420736     3.405465            6      0
   -5.580641    -1.539630     0.588547            6      0
   -3.731629    -0.571724     3.405465            6      0
   -3.731629    -3.388642     3.405465            6      0
   -3.731629    -0.571724     0.588547            6      0
   -4.612735    -0.571724     0.588547            6      0
   -3.364976    -1.172977     3.687696            6      0
   -3.364976    -2.787390     3.687696            6      0
   -4.979389    -1.172977     0.306315            6      0
   -3.364976    -0.289493     2.804212            6      0
   -4.979389    -0.289493     2.804212            6      0
   -3.364976    -3.670874     2.804212            6      0
   -3.364976    -0.289493     1.189799            6      0
   -4.979389    -0.289493     1.189799            6      0
   -2.481491    -1.172977     2.804212            6      0
   -2.481491    -2.787390     2.804212            6      0
   -2.481491    -1.172977     1.189799            6      0
   -5.862873    -1.172977     1.189799            6      0
   -3.196309    -0.188739     1.997006            6      0
   -5.148055    -0.188739     1.997006            6      0
   -3.196309    -3.771628     1.997006            6      0
   -2.380738    -1.004311     1.997006            6      0
   -5.963626    -1.004311     1.997006            6      0
   -2.380738    -2.956056     1.997006            6      0
   -3.196309    -1.980183     3.788450            6      0
   -2.380738    -1.980183     2.972878            6      0
   -5.963626    -1.980183     1.021133            6      0
   -4.172182    -2.956056     3.788450            6      0
   -4.172182    -1.004311     0.205561            6      0
   -4.172182    -0.188739     2.972878            6      0
   -4.172182    -3.771628     2.972878            6      0
   -4.172182    -0.188739     1.021133            6      0
   -1.792282    -2.432666     0.719711            6      1
   -3.832282    -0.392666     0.719711            6      1
   -3.832282    -2.432666    -1.320289            6      1
   -2.654487    -1.254872     1.897505            6      1
   -2.654487    -3.610461     1.897505            6      1
   -2.654487    -1.254872    -0.458084            6      1
   -5.010076    -1.254872    -0.458084            6      1
   -2.654487    -3.610461    -0.458084            6      1
   -3.454646    -2.055031    -1.249142            6      1
   -4.209917    -2.055031    -1.249142            6      1
   -3.454646    -2.810302    -1.249142            6      1
   -3.454646    -0.463813     1.097347            6      1
   -4.209917    -0.463813     1.097347            6      1
   -3.454646    -4.401519     1.097347            6      1
   -3.454646    -0.463813     0.342075            6      1
   -4.209917    -0.463813     0.342075            6      1
   -3.454646    -4.401519     0.342075            6      1
   -1.863428    -2.055031     1.097347            6      1
   -1.863428    -2.810302     1.097347            6      1
   -1.863428    -2.055031     0.342075            6      1
   -5.801135    -2.055031     0.342075            6      1
   -1.863428    -2.810302     0.342075            6      1
   -2.423823    -1.024207     1.160264            6      1
   -5.240740    -1.024207     1.160264            6      1
   -2.423823    -3.841125     1.160264            6      1
   -2.423823    -1.024207     0.279158            6      1
   -5.240740    -1.024207     0.279158            6      1
   -2.423823    -3.841125     0.279158            6      1
   -2.423823    -1.992114     2.128170            6      1
   -2.423823    -2.873219     2.128170            6      1
   -2.423823    -1.992114    -0.688748            6      1
   -5.240740    -1.992114    -0.688748            6      1
   -2.423823    -2.873219    -0.688748            6      1
   -3.391729    -3.841125     2.128170            6      1
   -4.272834    -3.841125     2.128170            6      1
   -3.391729    -1.024207    -0.688748            6      1
   -4.272834    -1.024207    -0.688748            6      1
   -3.025075    -3.239873     2.410402            6      1
   -3.025075    -1.625460    -0.970980            6      1
   -4.639488    -1.625460    -0.970980            6      1
   -3.025075    -3.239873    -0.970980            6      1
   -3.025075    -0.741976     1.526917            6      1
   -3.025075    -4.123357     1.526917            6      1
   -3.025075    -0.741976    -0.087496            6      1
   -4.639488    -0.741976    -0.087496            6      1
   -3.025075    -4.123357    -0.087496            6      1
   -2.141591    -1.625460     1.526917            6      1
   -2.141591    -3.239873     1.526917            6      1
   -2.141591    -1.625460    -0.087496            6      1
   -5.522972    -1.625460    -0.087496            6      1
   -2.141591    -3.239873    -0.087496            6      1
   -2.856409    -0.641222     0.719711            6      1
   -4.808154    -0.641222     0.719711            6      1
   -2.856409    -4.224111     0.719711            6      1
   -2.040837    -1.456794     0.719711            6      1
   -5.623726    -1.456794     0.719711            6      1
   -2.040837    -3.408539     0.719711            6      1
   -2.856409    -2.432666    -1.071733            6      1
   -2.040837    -2.432666     1.695584            6      1
   -2.040837    -2.432666    -0.256162            6      1
   -3.832282    -1.456794    -1.071733            6      1
   -3.832282    -4.224111     1.695584            6      1
   -3.832282    -0.641222    -0.256162            6      1
   -8.315103    -3.791794     2.510512            1      2
   -6.995103    -5.111794     2.510512            1      2
   -7.757206    -3.029692     3.272615            1      2
   -6.233001    -4.553897     3.272615            1      2
   -7.757206    -4.553897     3.272615            1      2
   -7.757206    -3.029692     1.748410            1      2
   -7.757206    -4.553897     1.748410            1      2
   -6.750751    -4.036147     3.784476            1      2
   -7.239456    -4.036147     3.784476            1      2
   -6.750751    -5.065758     2.754865            1      2
   -7.239456    -5.065758     2.754865            1      2
   -6.750751    -5.065758     2.266160            1      2
   -7.239456    -5.065758     2.266160            1      2
   -8.269067    -3.547442     2.754865            1      2
   -8.269067    -4.036147     2.754865            1      2
   -8.269067    -3.547442     2.266160            1      2
   -8.269067    -4.036147     2.266160            1      2
   -7.906459    -2.880438     2.795576            1      2
   -7.906459    -4.703150     2.795576            1      2
   -7.906459    -2.880438     2.225449            1      2
   -7.906459    -4.703150     2.225449            1      2
   -7.906459    -3.506731     3.421868            1      2
   -7.906459    -4.076858     3.421868            1      2
   -7.906459    -3.506731     1.599157            1      2
   -7.906459    -4.076858     1.599157            1      2
   -6.710040    -4.703150     3.421868            1      2
   -7.280167    -4.703150     3.421868            1      2
   -7.280167    -4.703150     1.599157            1      2
   -7.517414    -3.269484     3.604489            1      2
   -6.472793    -4.314104     3.604489            1      2
   -7.517414    -4.314104     3.604489            1      2
   -7.517414    -4.314104     1.416536            1      2
   -7.517414    -2.697818     3.032823            1      2
   -6.472793    -4.885771     3.032823            1      2
   -7.517414    -4.885771     3.032823            1      2
   -7.517414    -4.885771     1.988202            1      2
   -8.089080    -3.269484     3.032823            1      2
   -8.089080    -4.314104     3.032823            1      2
   -8.089080    -3.269484     1.988202            1      2
   -8.089080    -4.314104     1.988202            1      2
   -7.626551    -2.632625     2.510512            1      2
   -7.626551    -4.950964     2.510512            1      2
   -8.154273    -3.160347     2.510512            1      2
   -8.154273    -4.423241     2.510512            1      2
   -7.626551    -3.791794     3.669682            1      2
   -8.154273    -3.791794     3.141960            1      2
   -8.154273    -3.791794     1.879065            1      2
   -6.995103    -4.423241     3.669682            1      2
   -6.995103    -4.950964     3.141960            1      2
   -6.995103    -4.950964     1.879065            1      2
   -5.313376    -0.424031     2.653674            6      3
   -4.135581    -3.641826     3.831469            6      3
   -6.491170    -3.641826     3.831469            6      3
   -6.491170    -1.286237     1.475879            6      3
   -4.935740    -0.495178     3.031310            6      3
   -5.691012    -0.495178     3.031310            6      3
   -4.935740    -4.432885     3.031310            6      3
   -4.935740    -0.495178     2.276038            6      3
   -5.691012    -0.495178     2.276038            6      3
   -7.282229    -2.086396     3.031310            6      3
   -3.344523    -2.841667     3.031310            6      3
   -7.282229    -2.086396     2.276038            6      3
   -6.721835    -1.055573     3.094227            6      3
   -3.904917    -3.872490     3.094227            6      3
   -6.721835    -1.055573     2.213121            6      3
   -3.904917    -3.872490     2.213121            6      3
   -3.904917    -2.023479     4.062133            6      3
   -3.904917    -2.904584     4.062133            6      3
   -6.721835    -2.023479     1.245215            6      3
   -4.872823    -3.872490     4.062133            6      3
   -5.753929    -3.872490     4.062133            6      3
   -5.753929    -1.055573     1.245215            6      3
   -4.506169    -3.271238     4.344365            6      3
   -6.120582    -1.656825     0.962983            6      3
   -4.506169    -4.154722     3.460880            6      3
   -6.120582    -4.154722     3.460880            6      3
   -6.120582    -0.773341     1.846467            6      3
   -4.506169    -4.154722     1.846467            6      3
   -3.622685    -3.271238     3.460880            6      3
   -7.004067    -1.656825     1.846467            6      3
   -6.289249    -0.672587     2.653674            6      3
   -4.337503    -4.255476     2.653674            6      3
   -7.104820    -1.488159     2.653674            6      3
   -3.521932    -3.439904     2.653674            6      3
   -3.521932    -2.464031     3.629547            6      3
   -5.313376    -3.439904     4.445118            6      3
   -5.313376    -1.488159     0.862230            6      3
   -5.313376    -4.255476     3.629547            6      3
   -5.313376    -0.672587     1.677801            6      3
   -2.234637    -1.239940     2.508565            1      4
   -3.554637     0.080060     2.508565            1      4
   -2.792534    -0.477837     3.270667            1      4
   -4.316739    -0.477837     3.270667            1      4
   -2.792534    -2.002042     3.270667            1      4
   -2.792534    -0.477837     1.746463            1      4
   -3.310284    -0.995587     3.782529            1      4
   -3.310284    -1.484292     3.782529            1      4
   -3.310284     0.034024     2.752918            1      4
   -3.798989     0.034024     2.752918            1      4
   -3.310284     0.034024     2.264212            1      4
   -3.798989     0.034024     2.264212            1      4
   -2.280673    -0.995587     2.752918            1      4
   -2.280673    -1.484292     2.752918            1      4
   -2.280673    -0.995587     2.264212            1      4
   -2.280673    -1.484292     2.264212            1      4
   -2.643281    -0.328584     2.793629            1      4
   -4.465993    -0.328584     2.793629            1      4
   -2.643281    -2.151295     2.793629            1      4
   -2.643281    -0.328584     2.223501            1      4
   -4.465993    -0.328584     2.223501            1      4
   -2.643281    -0.954876     3.419921            1      4
   -2.643281    -1.525003     3.419921            1      4
   -2.643281    -0.954876     1.597209            1      4
   -3.269573    -0.328584     3.419921            1      4
   -3.839700    -0.328584     3.419921            1      4
   -3.269573    -2.151295     3.419921            1      4
   -3.269573    -0.328584     1.597209            1      4
   -3.839700    -0.328584     1.597209            1      4
   -3.032327    -0.717630     3.602541            1      4
   -3.032327    -1.762250     3.602541            1      4
   -3.032327    -0.717630     1.414589            1      4
   -3.032327    -0.145963     3.030875            1      4
   -4.076947    -0.145963     3.030875            1      4
   -3.032327    -0.145963     1.986255            1      4
   -4.076947    -0.145963     1.986255            1      4
   -2.460660    -0.717630     3.030875            1      4
   -2.460660    -1.762250     3.030875            1      4
   -2.460660    -0.717630     1.986255            1      4
   -2.460660    -1.762250     1.986255            1      4
   -2.923190    -0.080770     2.508565            1      4
   -4.186084    -0.080770     2.508565            1      4
   -2.395467    -0.608493     2.508565            1      4
   -2.395467    -1.871387     2.508565            1      4
   -2.923190    -1.239940     3.667735            1      4
   -2.395467    -1.239940     3.140012            1      4
   -2.395467    -1.239940     1.877118            1      4
   -3.554637    -0.608493     3.667735            1      4
   -3.554637    -1.871387     3.667735            1      4
   -3.554637    -0.080770     3.140012            1      4
   -3.554637    -0.080770     1.877118            1      4
   -4.633010    -5.423165     0.077340            6      5
   -4.633010    -3.383165    -1.962660            6      5
   -3.455215    -4.560959     1.255134            6      5
   -3.455215    -2.205370    -1.100455            6      5
   -5.810804    -2.205370    -1.100455            6      5
   -3.455215    -4.560959    -1.100455            6      5
   -5.810804    -4.560959    -1.100455            6      5
   -4.255374    -3.005529    -1.891513            6      5
   -5.010646    -3.005529    -1.891513            6      5
   -4.255374    -3.760800    -1.891513            6      5
   -5.010646    -3.760800    -1.891513            6      5
   -4.255374    -5.352018     0.454976            6      5
   -5.010646    -5.352018     0.454976            6      5
   -5.010646    -1.414311    -0.300296            6      5
   -4.255374    -5.352018    -0.300296            6      5
   -5.010646    -5.352018    -0.300296            6      5
   -2.664157    -3.760800     0.454976            6      5
   -2.664157    -3.005529    -0.300296            6      5
   -6.601863    -3.005529    -0.300296            6      5
   -2.664157    -3.760800    -0.300296            6      5
   -6.041469    -1.974706     0.517893            6      5
   -3.224551    -4.791623     0.517893            6      5
   -6.041469    -1.974706    -0.363213            6      5
   -3.224551    -4.791623    -0.363213            6      5
   -3.224551    -3.823717     1.485799            6      5
   -3.224551    -2.942612    -1.331119            6      5
   -6.041469    -2.942612    -1.331119            6      5
   -3.224551    -3.823717    -1.331119            6      5
   -6.041469    -3.823717    -1.331119            6      5
   -4.192457    -4.791623     1.485799            6      5
   -4.192457    -1.974706    -1.331119            6      5
   -5.073563    -1.974706    -1.331119            6      5
   -4.192457    -4.791623    -1.331119            6      5
   -5.073563    -4.791623    -1.331119            6      5
   -3.825803    -4.190371     1.768031            6      5
   -3.825803    -2.575958    -1.613351            6      5
   -5.440216    -2.575958    -1.613351            6      5
   -3.825803    -4.190371    -1.613351            6      5
   -5.440216    -4.190371    -1.613351            6      5
   -5.440216    -1.692474     0.884546            6      5
   -3.825803    -5.073855     0.884546            6      5
   -3.825803    -1.692474    -0.729867            6      5
   -5.440216    -1.692474    -0.729867            6      5
   -3.825803    -5.073855    -0.729867            6      5
   -5.440216    -5.073855    -0.729867            6      5
   -2.942319    -4.190371     0.884546            6      5
   -2.942319    -2.575958    -0.729867            6      5
   -6.323701    -2.575958    -0.729867            6      5
   -2.942319    -4.190371    -0.729867            6      5
   -5.608883    -1.591720     0.077340            6      5
   -3.657137    -5.174609     0.077340            6      5
   -6.424454    -2.407292     0.077340            6      5
   -2.841566    -4.359037     0.077340            6      5
   -3.657137    -3.383165    -1.714104            6      5
   -5.608883    -3.383165    -1.714104            6      5
   -2.841566    -3.383165    -0.898533            6      5
   -6.424454    -3.383165    -0.898533            6      5
   -4.633010    -4.359037     1.868784            6      5
   -4.633010    -2.407292    -1.714104            6      5
   -4.633010    -4.359037    -1.714104            6      5
   -4.633010    -5.174609     1.053213            6      5
   -4.633010    -1.591720    -0.898533            6      5
   -4.633010    -5.174609    -0.898533            6      5
   -1.620578    -2.044449     0.222531            1      6
   -2.940578    -0.724449     0.222531            1      6
   -2.940578    -2.044449    -1.097469            1      6
   -2.178476    -1.282347     0.984633            1      6
   -2.178476    -2.806551     0.984633            1      6
   -2.178476    -1.282347    -0.539571            1      6
   -3.702681    -1.282347    -0.539571            1      6
   -2.178476    -2.806551    -0.539571            1      6
   -2.696226    -1.800096    -1.051433            1      6
   -3.184931    -1.800096    -1.051433            1      6
   -2.696226    -2.288802    -1.051433            1      6
   -3.184931    -2.288802    -1.051433            1      6
   -2.696226    -0.770485     0.466884            1      6
   -3.184931    -0.770485     0.466884            1      6
   -2.696226    -0.770485    -0.021822            1      6
   -3.184931    -0.770485    -0.021822            1      6
   -1.666615    -1.800096     0.466884            1      6
   -1.666615    -2.288802     0.466884            1      6
   -1.666615    -1.800096    -0.021822            1      6
   -1.666615    -2.288802    -0.021822            1      6
   -2.029223    -1.133093     0.507595            1      6
   -2.029223    -2.955805     0.507595            1      6
   -2.029223    -1.133093    -0.062533            1      6
   -2.029223    -2.955805    -0.062533            1      6
   -2.029223    -1.759386     1.133887            1      6
   -2.029223    -2.329513     1.133887            1      6
   -2.029223    -1.759386    -0.688825            1      6
   -2.029223    -2.329513    -0.688825            1      6
   -2.655515    -1.133093     1.133887            1      6
   -2.655515    -1.133093    -0.688825            1      6
   -3.225642    -1.133093    -0.688825            1      6
   -2.655515    -2.955805    -0.688825            1      6
   -2.418268    -1.522139     1.316507            1      6
   -2.418268    -1.522139    -0.871445            1      6
   -3.462888    -1.522139    -0.871445            1      6
   -2.418268    -2.566759    -0.871445            1      6
   -2.418268    -0.950473     0.744841            1      6
   -2.418268    -0.950473    -0.299779            1      6
   -3.462888    -0.950473    -0.299779            1      6
   -2.418268    -3.138426    -0.299779            1      6
   -1.846602    -1.522139     0.744841            1      6
   -1.846602    -2.566759     0.744841            1      6
   -1.846602    -1.522139    -0.299779            1      6
   -1.846602    -2.566759    -0.299779            1      6
   -2.309131    -0.885279     0.222531            1      6
   -2.309131    -3.203619     0.222531            1      6
   -1.781409    -1.413002     0.222531            1      6
   -1.781409    -2.675896     0.222531            1      6
   -2.309131    -2.044449    -0.936639            1      6
   -3.572025    -2.044449    -0.936639            1      6
   -1.781409    -2.044449     0.853978            1      6
   -1.781409    -2.044449    -0.408916            1      6
   -2.940578    -1.413002    -0.936639            1      6
   -2.940578    -2.675896    -0.936639            1      6
   -2.940578    -0.885279     0.853978            1      6
   -2.940578    -0.885279    -0.408916            1      6
   -7.813191    -3.874870     0.721873            6      7
   -5.773191    -1.834870     0.721873            6      7
   -5.773191    -5.914870     0.721873            6      7
   -5.773191    -3.874870    -1.318127            6      7
   -4.595396    -5.052665     1.899668            6      7
   -6.950985    -5.052665     1.899668            6      7
   -6.950985    -2.697076    -0.455921            6      7
   -4.595396    -5.052665    -0.455921            6      7
   -6.950985    -5.052665    -0.455921            6      7
   -6.150827    -3.497234    -1.246980            6      7
   -5.395555    -4.252506    -1.246980            6      7
   -6.150827    -4.252506    -1.246980            6      7
   -6.150827    -1.906017     1.099509            6      7
   -5.395555    -5.843723     1.099509            6      7
   -6.150827    -5.843723     1.099509            6      7
   -6.150827    -1.906017     0.344237            6      7
   -5.395555    -5.843723     0.344237            6      7
   -6.150827    -5.843723     0.344237            6      7
   -7.742044    -3.497234     1.099509            6      7
   -7.742044    -4.252506     1.099509            6      7
   -7.742044    -3.497234     0.344237            6      7
   -7.742044    -4.252506     0.344237            6      7
   -7.181650    -2.466411     1.162426            6      7
   -4.364732    -5.283329     1.162426            6      7
   -7.181650    -5.283329     1.162426            6      7
   -7.181650    -2.466411     0.281321            6      7
   -4.364732    -5.283329     0.281321            6      7
   -7.181650    -5.283329     0.281321            6      7
   -4.364732    -4.315423     2.130332            6      7
   -7.181650    -3.434317    -0.686586            6      7
   -7.181650    -4.315423    -0.686586            6      7
   -5.332638    -5.283329     2.130332            6      7
   -6.213744    -5.283329     2.130332            6      7
   -6.213744    -2.466411    -0.686586            6      7
   -5.332638    -5.283329    -0.686586            6      7
   -6.213744    -5.283329    -0.686586            6      7
   -4.965984    -4.682077     2.412564            6      7
   -6.580397    -3.067664    -0.968817            6      7
   -4.965984    -4.682077    -0.968817            6      7
   -6.580397    -4.682077    -0.968817            6      7
   -4.965984    -5.565561     1.529080            6      7
   -6.580397    -5.565561     1.529080            6      7
   -6.580397    -2.184179    -0.085333            6      7
   -4.965984    -5.565561    -0.085333            6      7
   -6.580397    -5.565561    -0.085333            6      7
   -4.082500    -4.682077     1.529080            6      7
   -7.463881    -4.682077     1.529080            6      7
   -7.463881    -3.067664    -0.085333            6      7
   -7.463881    -4.682077    -0.085333            6      7
   -6.749064    -2.083426     0.721873            6      7
   -4.797318    -5.666314     0.721873            6      7
   -6.749064    -5.666314     0.721873            6      7
   -7.564635    -2.898997     0.721873            6      7
   -3.981747    -4.850743     0.721873            6      7
   -7.564635    -4.850743     0.721873            6      7
   -6.749064    -3.874870    -1.069571            6      7
   -3.981747    -3.874870     1.697746            6      7
   -7.564635    -3.874870    -0.253999            6      7
   -5.773191    -4.850743     2.513318            6      7
   -5.773191    -2.898997    -1.069571            6      7
   -5.773191    -4.850743    -1.069571            6      7
   -5.773191    -5.666314     1.697746            6      7
   -5.773191    -2.083426    -0.253999            6      7
   -5.773191    -5.666314    -0.253999            6      7
   -3.049647    -3.739278    -0.920679            1      8
   -4.369647    -5.059278    -0.920679            1      8
   -4.369647    -3.739278    -2.240679            1      8
   -3.607544    -2.977176    -1.682782            1      8
   -5.131749    -2.977176    -1.682782            1      8
   -3.607544    -4.501381    -1.682782            1      8
   -5.131749    -4.501381    -1.682782            1      8
   -4.125294    -3.494926    -2.194643            1      8
   -4.613999    -3.494926    -2.194643            1      8
   -4.125294    -3.983631    -2.194643            1      8
   -4.613999    -3.983631    -2.194643            1      8
   -4.125294    -5.013242    -0.676327            1      8
   -4.613999    -5.013242    -0.676327            1      8
   -4.125294    -5.013242    -1.165032            1      8
   -4.613999    -5.013242    -1.165032            1      8
   -3.095683    -3.983631    -0.676327            1      8
   -3.095683    -3.494926    -1.165032            1      8
   -3.095683    -3.983631    -1.165032            1      8
   -3.458291    -4.650634    -0.635616            1      8
   -3.458291    -2.827923    -1.205743            1      8
   -3.458291    -4.650634    -1.205743            1      8
   -5.281003    -4.650634    -1.205743            1      8
   -3.458291    -3.454215    -1.832035            1      8
   -5.281003    -3.454215    -1.832035            1      8
   -3.458291    -4.024342    -1.832035            1      8
   -5.281003    -4.024342    -1.832035            1      8
   -4.084583    -2.827923    -1.832035            1      8
   -4.654710    -2.827923    -1.832035            1      8
   -4.084583    -4.650634    -1.832035            1      8
   -4.654710    -4.650634    -1.832035            1      8
   -3.847337    -3.216968    -2.014656            1      8
   -4.891957    -3.216968    -2.014656            1      8
   -3.847337    -4.261588    -2.014656            1      8
   -4.891957    -4.261588    -2.014656            1      8
   -3.847337    -4.833255    -0.398369            1      8
   -3.847337    -2.645302    -1.442989            1      8
   -4.891957    -2.645302    -1.442989            1      8
   -3.847337    -4.833255    -1.442989            1      8
   -4.891957    -4.833255    -1.442989            1      8
   -3.275670    -3.216968    -1.442989            1      8
   -5.463623    -3.216968    -1.442989            1      8
   -3.275670    -4.261588    -1.442989            1      8
   -5.463623    -4.261588    -1.442989            1      8
   -3.738200    -4.898448    -0.920679            1      8
   -5.001094    -4.898448    -0.920679            1      8
   -3.210477    -4.370726    -0.920679            1      8
   -3.738200    -3.739278    -2.079849            1      8
   -5.001094    -3.739278    -2.079849            1      8
   -3.210477    -3.739278    -1.552126            1      8
   -5.528816    -3.739278    -1.552126            1      8
   -4.369647    -3.107831    -2.079849            1      8
   -4.369647    -4.370726    -2.079849            1      8
   -4.369647    -2.580109    -1.552126            1      8
   -4.369647    -4.898448    -1.552126            1      8
   -8.147669    -3.416438     1.998590            6      9
   -6.107669    -5.456438     1.998590            6      9
   -7.285463    -2.238644     3.176385            6      9
   -4.929874    -4.594233     3.176385            6      9
   -7.285463    -4.594233     3.176385            6      9
   -7.285463    -2.238644     0.820796            6      9
   -7.285463    -4.594233     0.820796            6      9
   -5.730033    -3.794074     3.967443            6      9
   -6.485305    -3.794074     3.967443            6      9
   -5.730033    -5.385291     2.376226            6      9
   -6.485305    -5.385291     2.376226            6      9
   -6.485305    -1.447585     1.620955            6      9
   -5.730033    -5.385291     1.620955            6      9
   -6.485305    -5.385291     1.620955            6      9
   -8.076522    -3.038802     2.376226            6      9
   -4.138816    -3.794074     2.376226            6      9
   -8.076522    -3.794074     2.376226            6      9
   -8.076522    -3.038802     1.620955            6      9
   -8.076522    -3.794074     1.620955            6      9
   -7.516128    -2.007979     2.439143            6      9
   -4.699210    -4.824897     2.439143            6      9
   -7.516128    -4.824897     2.439143            6      9
   -7.516128    -2.007979     1.558038            6      9
   -4.699210    -4.824897     1.558038            6      9
   -7.516128    -4.824897     1.558038            6      9
   -7.516128    -2.975885     3.407049            6      9
   -4.699210    -3.856991     3.407049            6      9
   -7.516128    -3.856991     3.407049            6      9
   -7.516128    -2.975885     0.590132            6      9
   -7.516128    -3.856991     0.590132            6      9
   -5.667116    -4.824897     3.407049            6      9
   -6.548222    -4.824897     3.407049            6      9
   -5.667116    -2.007979     0.590132            6      9
   -6.548222    -2.007979     0.590132            6      9
   -5.300462    -4.223645     3.689281            6      9
   -6.914875    -4.223645     3.689281            6      9
   -6.914875    -2.609232     0.307900            6      9
   -6.914875    -1.725747     2.805797            6      9
   -5.300462    -5.107129     2.805797            6      9
   -6.914875    -5.107129     2.805797            6      9
   -6.914875    -1.725747     1.191384            6      9
   -6.914875    -5.107129     1.191384            6      9
   -7.798360    -2.609232     2.805797            6      9
   -4.416978    -4.223645     2.805797            6      9
   -7.798360    -4.223645     2.805797            6      9
   -7.798360    -2.609232     1.191384            6      9
   -7.798360    -4.223645     1.191384            6      9
   -7.083542    -1.624994     1.998590            6      9
   -5.131796    -5.207882     1.998590            6      9
   -7.083542    -5.207882     1.998590            6      9
   -7.899113    -2.440565     1.998590            6      9
   -4.316225    -4.392311     1.998590            6      9
   -7.899113    -4.392311     1.998590            6      9
   -7.899113    -3.416438     2.974463            6      9
   -7.899113    -3.416438     1.022718            6      9
   -6.107669    -4.392311     3.790035            6      9
   -6.107669    -5.207882     2.974463            6      9
   -6.107669    -1.624994     1.022718            6      9
   -7.722652    -4.617497     0.226565            1     10
   -6.402652    -5.937497     0.226565            1     10
   -6.402652    -4.617497    -1.093435            1     10
   -7.164755    -5.379600     0.988667            1     10
   -7.164755    -3.855395    -0.535538            1     10
   -5.640550    -5.379600    -0.535538            1     10
   -7.164755    -5.379600    -0.535538            1     10
   -6.158300    -4.373145    -1.047399            1     10
   -6.647005    -4.373145    -1.047399            1     10
   -6.158300    -4.861850    -1.047399            1     10
   -6.647005    -4.861850    -1.047399            1     10
   -6.158300    -5.891461     0.470917            1     10
   -6.647005    -5.891461     0.470917            1     10
   -6.158300    -5.891461    -0.017788            1     10
   -6.647005    -5.891461    -0.017788            1     10
   -7.676616    -4.373145     0.470917            1     10
   -7.676616    -4.861850     0.470917            1     10
   -7.676616    -4.373145    -0.017788            1     10
   -7.676616    -4.861850    -0.017788            1     10
   -5.491296    -5.528853     0.511628            1     10
   -7.314008    -5.528853     0.511628            1     10
   -7.314008    -3.706141    -0.058499            1     10
   -5.491296    -5.528853    -0.058499            1     10
   -7.314008    -5.528853    -0.058499            1     10
   -7.314008    -4.902561     1.137920            1     10
   -7.314008    -4.332434    -0.684791            1     10
   -5.491296    -4.902561    -0.684791            1     10
   -7.314008    -4.902561    -0.684791            1     10
   -6.117589    -5.528853     1.137920            1     10
   -6.687716    -5.528853     1.137920            1     10
   -6.117589    -5.528853    -0.684791            1     10
   -6.687716    -5.528853    -0.684791            1     10
   -6.924962    -5.139807     1.320541            1     10
   -6.924962    -4.095187    -0.867412            1     10
   -5.880342    -5.139807    -0.867412            1     10
   -6.924962    -5.139807    -0.867412            1     10
   -5.880342    -5.711474     0.748875            1     10
   -6.924962    -5.711474     0.748875            1     10
   -5.880342    -5.711474    -0.295745            1     10
   -6.924962    -5.711474    -0.295745            1     10
   -7.496629    -4.095187     0.748875            1     10
   -7.496629    -5.139807     0.748875            1     10
   -7.496629    -4.095187    -0.295745            1     10
   -7.496629    -5.139807    -0.295745            1     10
   -5.771205    -5.776667     0.226565            1     10
   -7.034099    -5.776667     0.226565            1     10
   -7.561822    -3.986050     0.226565            1     10
   -7.561822    -5.248944     0.226565            1     10
   -5.771205    -4.617497    -0.932605            1     10
   -7.034099    -4.617497    -0.932605            1     10
   -7.561822    -4.617497     0.858012            1     10
   -7.561822    -4.617497    -0.404882            1     10
   -6.402652    -3.986050    -0.932605            1     10
   -6.402652    -5.248944    -0.932605            1     10
   -6.402652    -5.776667     0.858012            1     10
   -6.402652    -5.776667    -0.404882            1     10
   -3.642070    -1.962248     4.055206            6     11
   -5.682070     0.077752     4.055206            6     11
   -5.682070    -4.002248     4.055206            6     11
   -5.682070    -1.962248     6.095206            6     11
   -6.859865    -0.784454     5.233000            6     11
   -4.504276    -3.140043     5.233000            6     11
   -6.859865    -0.784454     2.877411            6     11
   -5.304434    -1.584612     6.024059            6     11
   -6.059706    -1.584612     6.024059            6     11
   -5.304434    -2.339884     6.024059            6     11
   -6.059706    -2.339884     6.024059            6     11
   -6.059706     0.006605     4.432842            6     11
   -5.304434    -3.931101     4.432842            6     11
   -6.059706    -3.931101     4.432842            6     11
   -5.304434     0.006605     3.677570            6     11
   -6.059706     0.006605     3.677570            6     11
   -5.304434    -3.931101     3.677570            6     11
   -6.059706    -3.931101     3.677570            6     11
   -3.713217    -2.339884     4.432842            6     11
   -3.713217    -1.584612     3.677570            6     11
   -7.650923    -1.584612     3.677570            6     11
   -3.713217    -2.339884     3.677570            6     11
   -7.090529    -0.553789     4.495759            6     11
   -4.273611    -3.370707     4.495759            6     11
   -7.090529    -0.553789     3.614653            6     11
   -4.273611    -3.370707     3.614653            6     11
   -7.090529    -3.370707     3.614653            6     11
   -7.090529    -1.521695     5.463665            6     11
   -4.273611    -2.402801     5.463665            6     11
   -7.090529    -1.521695     2.646747            6     11
   -6.122623    -0.553789     5.463665            6     11
   -5.241517    -3.370707     5.463665            6     11
   -6.122623    -3.370707     5.463665            6     11
   -5.241517    -0.553789     2.646747            6     11
   -6.122623    -0.553789     2.646747            6     11
   -6.489277    -1.155042     5.745897            6     11
   -4.874864    -2.769455     5.745897            6     11
   -6.489277    -1.155042     2.364515            6     11
   -6.489277    -0.271557     4.862412            6     11
   -4.874864    -3.652939     4.862412            6     11
   -4.874864    -0.271557     3.247999            6     11
   -6.489277    -0.271557     3.247999            6     11
   -7.372761    -1.155042     4.862412            6     11
   -3.991379    -2.769455     4.862412            6     11
   -7.372761    -1.155042     3.247999            6     11
   -7.372761    -2.769455     3.247999            6     11
   -6.657943    -0.170804     4.055206            6     11
   -4.706197    -3.753692     4.055206            6     11
   -6.657943    -3.753692     4.055206            6     11
   -7.473514    -0.986375     4.055206            6     11
   -3.890626    -2.938121     4.055206            6     11
   -4.706197    -1.962248     5.846650            6     11
   -6.657943    -1.962248     5.846650            6     11
   -3.890626    -1.962248     5.031079            6     11
   -7.473514    -1.962248     3.079333            6     11
   -5.682070    -0.986375     5.846650            6     11
   -5.682070    -2.938121     5.846650            6     11
   -5.682070    -0.170804     5.031079            6     11
   -5.682070    -3.753692     5.031079            6     11
   -5.682070    -0.170804     3.079333            6     11
   -3.073595    -1.119171     4.584707            8     12
   -4.897595     0.704829     4.584707            8     12
   -4.897595    -1.119171     6.408707            8     12
   -3.844508    -0.066084     5.637794            8     12
   -5.950682    -0.066084     5.637794            8     12
   -3.844508    -2.172258     5.637794            8     12
   -3.844508    -0.066084     3.531620            8     12
   -5.950682    -0.066084     3.531620            8     12
   -4.559944    -0.781520     6.345093            8     12
   -5.235246    -0.781520     6.345093            8     12
   -4.559944    -1.456822     6.345093            8     12
   -5.235246    -1.456822     6.345093            8     12
   -4.559944     0.641215     4.922358            8     12
   -5.235246     0.641215     4.922358            8     12
   -4.559944    -2.879557     4.922358            8     12
   -4.559944     0.641215     4.247056            8     12
   -5.235246     0.641215     4.247056            8     12
   -3.137209    -0.781520     4.922358            8     12
   -6.657981    -0.781520     4.922358            8     12
   -3.137209    -1.456822     4.922358            8     12
   -3.137209    -0.781520     4.247056            8     12
   -3.137209    -1.456822     4.247056            8     12
   -3.638267     0.140157     4.978613            8     12
   -6.156923     0.140157     4.978613            8     12
   -3.638267    -2.378499     4.978613            8     12
   -3.638267     0.140157     4.190801            8     12
   -6.156923     0.140157     4.190801            8     12
   -3.638267    -2.378499     4.190801            8     12
   -3.638267    -0.725265     5.844035            8     12
   -6.156923    -0.725265     5.844035            8     12
   -3.638267    -1.513077     5.844035            8     12
   -6.156923    -1.513077     5.844035            8     12
   -3.638267    -0.725265     3.325379            8     12
   -4.503689     0.140157     5.844035            8     12
   -5.291501     0.140157     5.844035            8     12
   -4.503689    -2.378499     5.844035            8     12
   -5.291501    -2.378499     5.844035            8     12
   -4.503689     0.140157     3.325379            8     12
   -5.291501     0.140157     3.325379            8     12
   -4.175857    -0.397433     6.096384            8     12
   -5.619333    -0.397433     6.096384            8     12
   -4.175857    -1.840909     6.096384            8     12
   -5.619333    -1.840909     6.096384            8     12
   -4.175857    -0.397433     3.073031            8     12
   -5.619333    -0.397433     3.073031            8     12
   -4.175857     0.392506     5.306445            8     12
   -5.619333     0.392506     5.306445            8     12
   -4.175857    -2.630847     5.306445            8     12
   -4.175857     0.392506     3.862970            8     12
   -5.619333     0.392506     3.862970            8     12
   -3.385919    -0.397433     5.306445            8     12
   -6.409271    -0.397433     5.306445            8     12
   -3.385919    -1.840909     5.306445            8     12
   -3.385919    -0.397433     3.862970            8     12
   -6.409271    -0.397433     3.862970            8     12
   -3.385919    -1.840909     3.862970            8     12
   -4.025050     0.482591     4.584707            8     12
   -5.770140     0.482591     4.584707            8     12
   -4.025050    -2.720933     4.584707            8     12
   -3.295833    -0.246626     4.584707            8     12
   -6.499357    -0.246626     4.584707            8     12
   -3.295833    -1.991716     4.584707            8     12
   -4.025050    -1.119171     6.186469            8     12
   -5.770140    -1.119171     6.186469            8     12
   -3.295833    -1.119171     5.457252            8     12
   -6.499357    -1.119171     5.457252            8     12
   -3.295833    -1.119171     3.712162            8     12
   -4.897595    -0.246626     6.186469            8     12
   -4.897595    -1.991716     6.186469            8     12
   -4.897595    -0.246626     2.982945            8     12
   -4.897595     0.482591     5.457252            8     12
   -4.897595    -2.720933     5.457252            8     12
   -4.897595     0.482591     3.712162            8     12
   -8.564538    -2.429173     4.573527            8     13
   -6.740538    -0.605173     4.573527            8     13
   -6.740538    -4.253173     4.573527            8     13
   -6.740538    -2.429173     6.397527            8     13
   -7.793624    -1.376086     5.626614            8     13
   -5.687451    -3.482260     5.626614            8     13
   -7.793624    -3.482260     5.626614            8     13
   -7.793624    -1.376086     3.520440            8     13
   -7.793624    -3.482260     3.520440            8     13
   -6.402887    -2.091522     6.333913            8     13
   -7.078188    -2.091522     6.333913            8     13
   -6.402887    -2.766824     6.333913            8     13
   -7.078188    -2.766824     6.333913            8     13
   -7.078188    -2.091522     2.813141            8     13
   -6.402887    -0.668787     4.911178            8     13
   -7.078188    -0.668787     4.911178            8     13
   -6.402887    -4.189560     4.911178            8     13
   -7.078188    -4.189560     4.911178            8     13
   -7.078188    -0.668787     4.235876            8     13
   -6.402887    -4.189560     4.235876            8     13
   -7.078188    -4.189560     4.235876            8     13
   -8.500924    -2.091522     4.911178            8     13
   -8.500924    -2.766824     4.911178            8     13
   -8.500924    -2.091522     4.235876            8     13
   -8.500924    -2.766824     4.235876            8     13
   -7.999866    -1.169845     4.967433            8     13
   -5.481210    -3.688501     4.967433            8     13
   -7.999866    -3.688501     4.967433            8     13
   -7.999866    -1.169845     4.179621            8     13
   -5.481210    -3.688501     4.179621            8     13
   -7.999866    -3.688501     4.179621            8     13
   -5.481210    -2.035267     5.832855            8     13
   -7.999866    -2.035267     5.832855            8     13
   -5.481210    -2.823079     5.832855            8     13
   -7.999866    -2.823079     5.832855            8     13
   -7.999866    -2.035267     3.314199            8     13
   -7.999866    -2.823079     3.314199            8     13
   -6.346631    -1.169845     5.832855            8     13
   -7.134444    -1.169845     5.832855            8     13
   -6.346631    -3.688501     5.832855            8     13
   -7.134444    -3.688501     5.832855            8     13
   -7.134444    -1.169845     3.314199            8     13
   -6.018800    -1.707436     6.085204            8     13
   -7.462275    -1.707436     6.085204            8     13
   -6.018800    -3.150911     6.085204            8     13
   -7.462275    -3.150911     6.085204            8     13
   -7.462275    -1.707436     3.061851            8     13
   -7.462275    -0.917497     5.295265            8     13
   -6.018800    -3.940850     5.295265            8     13
   -7.462275    -3.940850     5.295265            8     13
   -7.462275    -0.917497     3.851790            8     13
   -6.018800    -3.940850     3.851790            8     13
   -7.462275    -3.940850     3.851790            8     13
   -8.252214    -1.707436     5.295265            8     13
   -5.228861    -3.150911     5.295265            8     13
   -8.252214    -3.150911     5.295265            8     13
   -8.252214    -1.707436     3.851790            8     13
   -8.252214    -3.150911     3.851790            8     13
   -7.613083    -0.827411     4.573527            8     13
   -5.867992    -4.030935     4.573527            8     13
   -7.613083    -4.030935     4.573527            8     13
   -8.342299    -1.556628     4.573527            8     13
   -8.342299    -3.301718     4.573527            8     13
   -5.867992    -2.429173     6.175289            8     13
   -7.613083    -2.429173     6.175289            8     13
   -7.613083    -2.429173     2.971765            8     13
   -8.342299    -2.429173     5.446072            8     13
   -8.342299    -2.429173     3.700982            8     13
   -6.740538    -1.556628     6.175289            8     13
   -6.740538    -3.301718     6.175289            8     13
   -6.740538    -0.827411     5.446072            8     13
   -6.740538    -4.030935     5.446072            8     13
   -6.740538    -0.827411     3.700982            8     13
   -6.740538    -4.030935     3.700982            8     13
