$hessian                                                                        
        0.4959676448   0.0451128596  -0.0167617215  -0.0675740525   0.0181922696
       -0.0092044164   0.0067815661  -0.0295195098   0.0090528469  -0.0003757852
        0.0010743554  -0.0002821504  -0.0155411786   0.0210294123  -0.0018860016
       -0.0067277275   0.0115397442  -0.0093572730  -0.0040681707   0.0026203220
        0.0029295516   0.0008203513  -0.0001191268  -0.0008231282  -0.0742084661
       -0.0097964668  -0.0754539696  -0.1649468943  -0.1110506245  -0.0009209854
       -0.1701272873   0.0509167647   0.1027072476
        0.0451128596   0.3819107678   0.0456788838   0.0225380392  -0.0695925618
        0.0072876549  -0.0221440044  -0.0530561041   0.0123481620  -0.0000681391
        0.0004447640   0.0003498028   0.0170482948  -0.0162641845  -0.0008276769
        0.0062235423  -0.0011114149   0.0065840003   0.0017088436  -0.0007572031
       -0.0015314821  -0.0009179811   0.0000866326   0.0007037625  -0.0115682823
       -0.0444947777  -0.0251306276  -0.1065663305  -0.1344812405  -0.0027256937
        0.0486331580  -0.0626846778  -0.0427367860
       -0.0167617215   0.0456788838   0.4892843146  -0.0110417183   0.0064273042
       -0.0615856862   0.0079522851   0.0112150927   0.0049735160  -0.0001984200
       -0.0005646386   0.0002143789   0.0080617371  -0.0122263056   0.0021996380
       -0.0182737463   0.0229718472  -0.0199686307   0.0035816403  -0.0023787465
       -0.0013863664   0.0009438763  -0.0010261457   0.0006724480  -0.0769939879
       -0.0201875905  -0.2413020129  -0.0024902751  -0.0040915559  -0.0441909196
        0.1052203304  -0.0458181451  -0.1289106797
       -0.0675740525   0.0225380392  -0.0110417183   0.4001268995   0.0740197475
       -0.0085242385  -0.2027656707  -0.1246146385   0.0087672200  -0.0133670157
        0.0000587236   0.0088871099  -0.0635019493   0.0131995851   0.0098089336
       -0.0399969520   0.0040405448  -0.0025563769  -0.0084812091   0.0048320444
        0.0061102355   0.0078823325  -0.0022315784  -0.0074291936  -0.0044881562
        0.0099494022  -0.0072466837   0.0019230128  -0.0222794005   0.0069233516
       -0.0097572392   0.0204875305  -0.0036986396
        0.0181922696  -0.0695925618   0.0064273042   0.0740197475   0.3987400394
       -0.0100085921  -0.1262299201  -0.1988843481   0.0099401707  -0.0185276923
        0.0001397398   0.0118021956   0.0166071488  -0.0626418959  -0.0159793916
        0.0067982327  -0.0394300737   0.0097046288   0.0210835261  -0.0100364843
       -0.0128788012   0.0031430476  -0.0008752431  -0.0048588070  -0.0006539976
        0.0037888098  -0.0007357261   0.0009322438  -0.0134245289   0.0046564621
        0.0046353939  -0.0077834534   0.0019305567
       -0.0092044164   0.0072876549  -0.0615856862  -0.0085242385  -0.0100085921
        0.3325796115   0.0153491048   0.0162442703  -0.0813501575  -0.0038234327
        0.0007966054   0.0021229632   0.0117332329  -0.0132130782  -0.0726222071
       -0.0136546087  -0.0009531779  -0.0927144634  -0.0065436550   0.0027893307
        0.0046760053   0.0167018725  -0.0067056359  -0.0214650847  -0.0101686732
        0.0214759927  -0.0137600359   0.0008263629  -0.0023999356   0.0003952784
        0.0073084513  -0.0153134341   0.0037237765
        0.0067815661  -0.0221440044   0.0079522851  -0.2027656707  -0.1262299201
        0.0153491048   0.2770091580   0.2100438435  -0.0205209466  -0.0093118346
        0.0007671372   0.0062698898  -0.0471956616  -0.0278308342   0.0180888084
       -0.0334636497  -0.0330041347  -0.0270860985   0.0019967102  -0.0005701734
       -0.0016543133   0.0013915423   0.0000850412   0.0007492627   0.0009689865
       -0.0008353145   0.0024378826   0.0026413855   0.0017465693  -0.0002930433
        0.0019474679  -0.0020282099  -0.0012928319
       -0.0295195098  -0.0530561041   0.0112150927  -0.1246146385  -0.1988843481
        0.0162442703   0.2100438435   0.2698891964  -0.0190324153   0.0008528044
        0.0024930817   0.0001090312  -0.0214631878   0.0030447290   0.0130665024
       -0.0338566013  -0.0181195514  -0.0262355743  -0.0021807239   0.0023485921
       -0.0002420390   0.0001289500   0.0001729507   0.0019176539   0.0000155289
        0.0017339633   0.0002950489   0.0014169537  -0.0121051102   0.0036323815
       -0.0008234193   0.0024826007  -0.0009699523
        0.0090528469   0.0123481620   0.0049735160   0.0087672200   0.0099401707
       -0.0813501575  -0.0205209466  -0.0190324153   0.0608251405   0.0068835279
        0.0006163068  -0.0027071693   0.0210438886   0.0158202081   0.0028475978
       -0.0236482120  -0.0229391404   0.0088368730  -0.0006633105  -0.0000130342
        0.0004834010  -0.0016150473   0.0006568441   0.0034569902   0.0011877093
       -0.0019138071   0.0023185011   0.0001676188   0.0041552823  -0.0000720359
       -0.0006552952   0.0003614230   0.0003873432
       -0.0003757852  -0.0000681391  -0.0001984200  -0.0133670157  -0.0185276923
       -0.0038234327  -0.0093118346   0.0008528044   0.0068835279   0.1695642781
        0.1295627543   0.0070653537  -0.1458454693  -0.1107048898  -0.0078209458
        0.0016260084   0.0006223791   0.0006426923   0.0077577199   0.0076780200
        0.0001917675  -0.0107913975  -0.0110634903  -0.0028197142  -0.0000647636
       -0.0000293562  -0.0001253912   0.0003651093   0.0018493602   0.0001350334
        0.0004431503  -0.0001717503  -0.0001304708
        0.0010743554   0.0004447640  -0.0005646386   0.0000587236   0.0001397398
        0.0007966054   0.0007671372   0.0024930817   0.0006163068   0.1295627543
        0.1825485817   0.0042474983  -0.1072221861  -0.1548749607  -0.0045125470
        0.0006737356   0.0006445701   0.0009798522  -0.0211657706  -0.0269745382
        0.0001935498  -0.0046003239  -0.0046790041  -0.0014525411  -0.0001274134
       -0.0000620733  -0.0000056288   0.0009125547   0.0003165519  -0.0002691593
        0.0000664331   0.0000032870  -0.0000292978
       -0.0002821504   0.0003498028   0.0002143789   0.0088871099   0.0118021956
        0.0021229632   0.0062698898   0.0001090312  -0.0027071693   0.0070653537
        0.0042474983   0.0467369167  -0.0053655228  -0.0020117755  -0.0429018506
       -0.0001681834   0.0002633870  -0.0002554748   0.0072059649   0.0091157932
        0.0000834715  -0.0233441916  -0.0236424530  -0.0034359817  -0.0000618063
       -0.0001266260  -0.0000287193  -0.0000642321  -0.0003131924   0.0002271589
       -0.0001422317   0.0002063388  -0.0000556936
       -0.0155411786   0.0170482948   0.0080617371  -0.0635019493   0.0166071488
        0.0117332329  -0.0471956616  -0.0214631878   0.0210438886  -0.1458454693
       -0.1072221861  -0.0053655228   0.4154088578   0.0288955128   0.0724443620
        0.0053806265   0.0008634582  -0.0001567402  -0.0773284942   0.0752767623
       -0.0296350515  -0.0704888752  -0.0115613122  -0.0782812032  -0.0000090122
       -0.0007706988   0.0006311174   0.0004345361  -0.0002377665   0.0002229850
       -0.0013133799   0.0025639746  -0.0006988055
        0.0210294123  -0.0162641845  -0.0122263056   0.0131995851  -0.0626418959
       -0.0132130782  -0.0278308342   0.0030447290   0.0158202081  -0.1107048898
       -0.1548749607  -0.0020117755   0.0288955128   0.5030824252  -0.0214027477
        0.0041502049  -0.0009616098  -0.0057204544   0.0775319059  -0.2187137408
        0.0627364372  -0.0107125079  -0.0477040278  -0.0235399206  -0.0000610311
        0.0007854963  -0.0008081067   0.0010370272  -0.0002336403  -0.0006860948
        0.0034656148  -0.0055185907   0.0010518383
       -0.0018860016  -0.0008276769   0.0021996380   0.0098089336  -0.0159793916
       -0.0726222071   0.0180888084   0.0130665024   0.0028475978  -0.0078209458
       -0.0045125470  -0.0429018506   0.0724443620  -0.0214027477   0.4486736106
        0.0169678341  -0.0142402376  -0.0322205145  -0.0320219452   0.0659366862
       -0.0656794156  -0.0730905074  -0.0249644242  -0.2417957165  -0.0008254826
        0.0012189770   0.0008073434  -0.0003800610  -0.0002576870   0.0000740877
       -0.0012849944   0.0019625464   0.0006174269
       -0.0067277275   0.0062235423  -0.0182737463  -0.0399969520   0.0067982327
       -0.0136546087  -0.0334636497  -0.0338566013  -0.0236482120   0.0016260084
        0.0006737356  -0.0001681834   0.0053806265   0.0041502049   0.0169678341
        0.0750613998   0.0116225520   0.0356491899   0.0006110343  -0.0006825577
        0.0000259470  -0.0023053640   0.0014827069   0.0047734689  -0.0010928279
        0.0033292705  -0.0016088713   0.0009864508   0.0007858232   0.0001622479
       -0.0000789986  -0.0005269092  -0.0002250662
        0.0115397442  -0.0011114149   0.0229718472   0.0040405448  -0.0394300737
       -0.0009531779  -0.0330041347  -0.0181195514  -0.0229391404   0.0006223791
        0.0006445701   0.0002633870   0.0008634582  -0.0009616098  -0.0142402376
        0.0116225520   0.0617539248   0.0128742977  -0.0004889131   0.0001025300
       -0.0002787251   0.0018985734  -0.0003155962  -0.0020335450   0.0029961636
       -0.0047068592   0.0040026656   0.0004677744   0.0013855781   0.0001484491
       -0.0005581418   0.0007585023   0.0001841794
       -0.0093572730   0.0065840003  -0.0199686307  -0.0025563769   0.0097046288
       -0.0927144634  -0.0270860985  -0.0262355743   0.0088368730   0.0006426923
        0.0009798522  -0.0002554748  -0.0001567402  -0.0057204544  -0.0322205145
        0.0356491899   0.0128742977   0.1401108788  -0.0005801537  -0.0002785862
        0.0007124439   0.0045563071  -0.0020235910  -0.0040387888  -0.0017041463
        0.0036852303  -0.0008638115   0.0008735578   0.0008796433  -0.0003392110
       -0.0002809585  -0.0004494467   0.0007406990
       -0.0040681707   0.0017088436   0.0035816403  -0.0084812091   0.0210835261
       -0.0065436550   0.0019967102  -0.0021807239  -0.0006633105   0.0077577199
       -0.0211657706   0.0072059649  -0.0773284942   0.0775319059  -0.0320219452
        0.0006110343  -0.0004889131  -0.0005801537   0.0858818773  -0.0897280227
        0.0357832378  -0.0057783523   0.0120200490  -0.0070127687   0.0001847625
       -0.0002816901   0.0002791592   0.0000301114  -0.0002055337   0.0001249079
       -0.0008059894   0.0017063294  -0.0001530769
        0.0026203220  -0.0007572031  -0.0023787465   0.0048320444  -0.0100364843
        0.0027893307  -0.0005701734   0.0023485921  -0.0000130342   0.0076780200
       -0.0269745382   0.0091157932   0.0752767623  -0.2187137408   0.0659366862
       -0.0006825577   0.0001025300  -0.0002785862  -0.0897280227   0.2532609314
       -0.0760005255  -0.0000026674   0.0009361827   0.0010715500  -0.0002442424
        0.0002033260  -0.0002755239   0.0000730441   0.0004805914  -0.0000222024
        0.0007474708  -0.0008501871   0.0000552587
        0.0029295516  -0.0015314821  -0.0013863664   0.0061102355  -0.0128788012
        0.0046760053  -0.0016543133  -0.0002420390   0.0004834010   0.0001917675
        0.0001935498   0.0000834715  -0.0296350515   0.0627364372  -0.0656794156
        0.0000259470  -0.0002787251   0.0007124439   0.0357832378  -0.0760005255
        0.0755916385  -0.0144060724   0.0288887143  -0.0147627115   0.0001549665
       -0.0000327193   0.0000368694  -0.0000436284   0.0000614631  -0.0001203836
        0.0005433597  -0.0009158721   0.0003650474
        0.0008203513  -0.0009179811   0.0009438763   0.0078823325   0.0031430476
        0.0167018725   0.0013915423   0.0001289500  -0.0016150473  -0.0107913975
       -0.0046003239  -0.0233441916  -0.0704888752  -0.0107125079  -0.0730905074
       -0.0023053640   0.0018985734   0.0045563071  -0.0057783523  -0.0000026674
       -0.0144060724   0.0794031560   0.0111194863   0.0905440969  -0.0001221399
        0.0001492392  -0.0000868150  -0.0001015804  -0.0000231097  -0.0001212741
        0.0000903273  -0.0001827065  -0.0000822449
       -0.0001191268   0.0000866326  -0.0010261457  -0.0022315784  -0.0008752431
       -0.0067056359   0.0000850412   0.0001729507   0.0006568441  -0.0110634903
       -0.0046790041  -0.0236424530  -0.0115613122  -0.0477040278  -0.0249644242
        0.0014827069  -0.0003155962  -0.0020235910   0.0120200490   0.0009361827
        0.0288887143   0.0111194863   0.0525132504   0.0284103677   0.0005237430
       -0.0001944833   0.0002240479  -0.0001296424  -0.0000159936  -0.0000228121
       -0.0001258764   0.0000753316   0.0002050880
       -0.0008231282   0.0007037625   0.0006724480  -0.0074291936  -0.0048588070
       -0.0214650847   0.0007492627   0.0019176539   0.0034569902  -0.0028197142
       -0.0014525411  -0.0034359817  -0.0782812032  -0.0235399206  -0.2417957165
        0.0047734689  -0.0020335450  -0.0040387888  -0.0070127687   0.0010715500
       -0.0147627115   0.0905440969   0.0284103677   0.2801719069   0.0006405274
       -0.0004449015   0.0009744440  -0.0000315906  -0.0001224012  -0.0000340150
       -0.0003097576   0.0003487823   0.0002565090
       -0.0742084661  -0.0115682823  -0.0769939879  -0.0044881562  -0.0006539976
       -0.0101686732   0.0009689865   0.0000155289   0.0011877093  -0.0000647636
       -0.0001274134  -0.0000618063  -0.0000090122  -0.0000610311  -0.0008254826
       -0.0010928279   0.0029961636  -0.0017041463   0.0001847625  -0.0002442424
        0.0001549665  -0.0001221399   0.0005237430   0.0006405274   0.0833667079
        0.0111046993   0.0891881616  -0.0119422789  -0.0053798762  -0.0254083341
        0.0074071879   0.0033947082   0.0239910657
       -0.0097964668  -0.0444947777  -0.0201875905   0.0099494022   0.0037888098
        0.0214759927  -0.0008353145   0.0017339633  -0.0019138071  -0.0000293562
       -0.0000620733  -0.0001266260  -0.0007706988   0.0007854963   0.0012189770
        0.0033292705  -0.0047068592   0.0036852303  -0.0002816901   0.0002033260
       -0.0000327193   0.0001492392  -0.0001944833  -0.0004449015   0.0111046993
        0.0480804327   0.0285908019  -0.0097615229  -0.0039390608  -0.0215241670
       -0.0030575619  -0.0011947737  -0.0107411904
       -0.0754539696  -0.0251306276  -0.2413020129  -0.0072466837  -0.0007357261
       -0.0137600359   0.0024378826   0.0002950489   0.0023185011  -0.0001253912
       -0.0000056288  -0.0000287193   0.0006311174  -0.0008081067   0.0008073434
       -0.0016088713   0.0040026656  -0.0008638115   0.0002791592  -0.0002755239
        0.0000368694  -0.0000868150   0.0002240479   0.0009744440   0.0891881616
        0.0285908019   0.2806473443  -0.0021323243  -0.0016576598  -0.0030212015
       -0.0058822657  -0.0044992914  -0.0258087211
       -0.1649468943  -0.1065663305  -0.0024902751   0.0019230128   0.0009322438
        0.0008263629   0.0026413855   0.0014169537   0.0001676188   0.0003651093
        0.0009125547  -0.0000642321   0.0004345361   0.0010370272  -0.0003800610
        0.0009864508   0.0004677744   0.0008735578   0.0000301114   0.0000730441
       -0.0000436284  -0.0001015804  -0.0001296424  -0.0000315906  -0.0119422789
       -0.0097615229  -0.0021323243   0.1945040066   0.1291287235   0.0016098560
       -0.0238938590  -0.0175108256   0.0016647158
       -0.1110506245  -0.1344812405  -0.0040915559  -0.0222794005  -0.0134245289
       -0.0023999356   0.0017465693  -0.0121051102   0.0041552823   0.0018493602
        0.0003165519  -0.0003131924  -0.0002377665  -0.0002336403  -0.0002576870
        0.0007858232   0.0013855781   0.0008796433  -0.0002055337   0.0004805914
        0.0000614631  -0.0000231097  -0.0000159936  -0.0001224012  -0.0053798762
       -0.0039390608  -0.0016576598   0.1291287235   0.1563999354   0.0035234592
        0.0056658350   0.0056169176   0.0002225841
       -0.0009209854  -0.0027256937  -0.0441909196   0.0069233516   0.0046564621
        0.0003952784  -0.0002930433   0.0036323815  -0.0000720359   0.0001350334
       -0.0002691593   0.0002271589   0.0002229850  -0.0006860948   0.0000740877
        0.0001622479   0.0001484491  -0.0003392110   0.0001249079  -0.0000222024
       -0.0001203836  -0.0001212741  -0.0000228121  -0.0000340150  -0.0254083341
       -0.0215241670  -0.0030212015   0.0016098560   0.0035234592   0.0479418956
        0.0175652550   0.0132893775  -0.0008606538
       -0.1701272873   0.0486331580   0.1052203304  -0.0097572392   0.0046353939
        0.0073084513   0.0019474679  -0.0008234193  -0.0006552952   0.0004431503
        0.0000664331  -0.0001422317  -0.0013133799   0.0034656148  -0.0012849944
       -0.0000789986  -0.0005581418  -0.0002809585  -0.0008059894   0.0007474708
        0.0005433597   0.0000903273  -0.0001258764  -0.0003097576   0.0074071879
       -0.0030575619  -0.0058822657  -0.0238938590   0.0056658350   0.0175652550
        0.1960886200  -0.0586489061  -0.1220818933
        0.0509167647  -0.0626846778  -0.0458181451   0.0204875305  -0.0077834534
       -0.0153134341  -0.0020282099   0.0024826007   0.0003614230  -0.0001717503
        0.0000032870   0.0002063388   0.0025639746  -0.0055185907   0.0019625464
       -0.0005269092   0.0007585023  -0.0004494467   0.0017063294  -0.0008501871
       -0.0009158721  -0.0001827065   0.0000753316   0.0003487823   0.0033947082
       -0.0011947737  -0.0044992914  -0.0175108256   0.0056169176   0.0132893775
       -0.0586489061   0.0690950437   0.0508277214
        0.1027072476  -0.0427367860  -0.1289106797  -0.0036986396   0.0019305567
        0.0037237765  -0.0012928319  -0.0009699523   0.0003873432  -0.0001304708
       -0.0000292978  -0.0000556936  -0.0006988055   0.0010518383   0.0006174269
       -0.0002250662   0.0001841794   0.0007406990  -0.0001530769   0.0000552587
        0.0003650474  -0.0000822449   0.0002050880   0.0002565090   0.0239910657
       -0.0107411904  -0.0258087211   0.0016647158   0.0002225841  -0.0008606538
       -0.1220818933   0.0508277214   0.1495449461
