           1           2  0.95313670628032932     
           2           3   1.1693113509474571     
           2           5  0.95280475053262736     
           4           5  0.98872976207397079     
           2           6  0.90012815642057165     
           5           7  0.99001538604395911     
           5           8  0.98984342864296504     
           1           9  0.98980906714154049     
           1          10  0.98868946049465578     
           1          11  0.98997903948518862     
