# Atoms array:
     x           y            z                   Z     indx
   -5.293691    -3.647018     0.484138            6      0
   -6.501170    -4.176720     1.253538            6      1
   -2.077826    -1.498287     2.261080            1      2
   -1.574204    -0.709010     0.749965            1      3
   -3.064046    -0.192890     1.570464            1      4
   -7.413461    -5.192939     0.522804            6      5
   -6.171211    -4.652233     2.193831            1      6
   -7.144832    -3.336096     1.569181            1      7
   -7.150072    -5.487230    -0.681743            8      8
   -8.379007    -5.655381     1.206902            8      9
   -4.468474    -2.631723     1.279459            6     10
   -3.251268    -2.096921     0.520693            6     11
   -5.114689    -1.783220     1.570379            1     12
   -4.131257    -3.092599     2.225937            1     13
   -2.446295    -1.068590     1.316241            6     14
   -2.598731    -2.942921     0.242623            1     15
   -3.587671    -1.647371    -0.429896            1     16
   -4.648594    -4.491842     0.187454            1     17
   -5.632555    -3.184453    -0.458165            1     18

# Gridpoints array:
     x           y            z                   Z     indx
   -5.293691    -5.687018     0.484138            6      0
   -5.293691    -3.647018    -1.555862            6      0
   -6.471485    -2.469223     1.661932            6      0
   -4.115896    -4.824812     1.661932            6      0
   -6.471485    -2.469223    -0.693657            6      0
   -4.115896    -4.824812    -0.693657            6      0
   -5.671327    -3.269382     2.452991            6      0
   -4.916055    -4.024653     2.452991            6      0
   -4.916055    -3.269382    -1.484715            6      0
   -5.671327    -3.269382    -1.484715            6      0
   -4.916055    -4.024653    -1.484715            6      0
   -5.671327    -4.024653    -1.484715            6      0
   -4.916055    -5.615871     0.861774            6      0
   -5.671327    -5.615871     0.861774            6      0
   -5.671327    -1.678164     0.106502            6      0
   -4.916055    -5.615871     0.106502            6      0
   -5.671327    -5.615871     0.106502            6      0
   -3.324838    -4.024653     0.861774            6      0
   -7.262544    -3.269382     0.106502            6      0
   -3.324838    -4.024653     0.106502            6      0
   -6.702150    -2.238559     0.924690            6      0
   -3.885232    -5.055476     0.924690            6      0
   -6.702150    -2.238559     0.043585            6      0
   -3.885232    -5.055476     0.043585            6      0
   -3.885232    -4.087570     1.892597            6      0
   -3.885232    -3.206465    -0.924321            6      0
   -6.702150    -3.206465    -0.924321            6      0
   -3.885232    -4.087570    -0.924321            6      0
   -6.702150    -4.087570    -0.924321            6      0
   -4.853138    -5.055476     1.892597            6      0
   -4.853138    -2.238559    -0.924321            6      0
   -5.734244    -2.238559    -0.924321            6      0
   -4.853138    -5.055476    -0.924321            6      0
   -5.734244    -5.055476    -0.924321            6      0
   -6.100897    -2.839811     2.174828            6      0
   -4.486484    -4.454224     2.174828            6      0
   -4.486484    -2.839811    -1.206553            6      0
   -6.100897    -2.839811    -1.206553            6      0
   -4.486484    -4.454224    -1.206553            6      0
   -6.100897    -4.454224    -1.206553            6      0
   -6.100897    -1.956327     1.291344            6      0
   -4.486484    -5.337708     1.291344            6      0
   -6.100897    -1.956327    -0.323069            6      0
   -4.486484    -5.337708    -0.323069            6      0
   -3.603000    -4.454224     1.291344            6      0
   -6.984382    -2.839811    -0.323069            6      0
   -3.603000    -4.454224    -0.323069            6      0
   -6.269564    -1.855573     0.484138            6      0
   -4.317818    -5.438462     0.484138            6      0
   -7.085135    -2.671145     0.484138            6      0
   -3.502247    -4.622890     0.484138            6      0
   -4.317818    -3.647018    -1.307307            6      0
   -6.269564    -3.647018    -1.307307            6      0
   -3.502247    -3.647018    -0.491735            6      0
   -7.085135    -3.647018    -0.491735            6      0
   -5.293691    -2.671145    -1.307307            6      0
   -5.293691    -4.622890    -1.307307            6      0
   -5.293691    -5.438462     1.460010            6      0
   -5.293691    -1.855573    -0.491735            6      0
   -5.293691    -5.438462    -0.491735            6      0
   -6.501170    -2.136720     1.253538            6      1
   -6.501170    -4.176720     3.293538            6      1
   -7.678964    -2.998926     2.431332            6      1
   -5.323375    -5.354515     2.431332            6      1
   -7.678964    -5.354515     2.431332            6      1
   -7.678964    -2.998926     0.075743            6      1
   -5.323375    -5.354515     0.075743            6      1
   -6.123534    -3.799084     3.222391            6      1
   -6.878806    -3.799084     3.222391            6      1
   -6.123534    -4.554356     3.222391            6      1
   -6.878806    -4.554356     3.222391            6      1
   -6.878806    -3.799084    -0.715315            6      1
   -6.123534    -2.207867     1.631173            6      1
   -6.878806    -2.207867     1.631173            6      1
   -6.123534    -6.145573     1.631173            6      1
   -6.123534    -2.207867     0.875902            6      1
   -6.878806    -2.207867     0.875902            6      1
   -6.123534    -6.145573     0.875902            6      1
   -8.470023    -3.799084     1.631173            6      1
   -4.532317    -4.554356     1.631173            6      1
   -8.470023    -3.799084     0.875902            6      1
   -7.909629    -2.768261     1.694090            6      1
   -5.092711    -5.585179     1.694090            6      1
   -7.909629    -2.768261     0.812985            6      1
   -5.092711    -5.585179     0.812985            6      1
   -5.092711    -3.736167     2.661997            6      1
   -7.909629    -3.736167     2.661997            6      1
   -5.092711    -4.617273     2.661997            6      1
   -7.909629    -4.617273     2.661997            6      1
   -7.909629    -3.736167    -0.154921            6      1
   -6.060617    -2.768261     2.661997            6      1
   -6.941723    -2.768261     2.661997            6      1
   -6.060617    -5.585179     2.661997            6      1
   -6.941723    -5.585179     2.661997            6      1
   -6.941723    -2.768261    -0.154921            6      1
   -5.693963    -3.369514     2.944228            6      1
   -7.308376    -3.369514     2.944228            6      1
   -5.693963    -4.983927     2.944228            6      1
   -7.308376    -4.983927     2.944228            6      1
   -7.308376    -3.369514    -0.437153            6      1
   -5.693963    -4.983927    -0.437153            6      1
   -7.308376    -2.486029     2.060744            6      1
   -5.693963    -5.867411     2.060744            6      1
   -7.308376    -2.486029     0.446331            6      1
   -5.693963    -5.867411     0.446331            6      1
   -8.191861    -3.369514     2.060744            6      1
   -4.810479    -4.983927     2.060744            6      1
   -8.191861    -3.369514     0.446331            6      1
   -7.477043    -2.385276     1.253538            6      1
   -5.525297    -5.968164     1.253538            6      1
   -8.292614    -3.200847     1.253538            6      1
   -4.709726    -5.152593     1.253538            6      1
   -5.525297    -4.176720     3.044982            6      1
   -7.477043    -4.176720     3.044982            6      1
   -4.709726    -4.176720     2.229410            6      1
   -8.292614    -4.176720     2.229410            6      1
   -6.501170    -3.200847     3.044982            6      1
   -6.501170    -5.152593     3.044982            6      1
   -6.501170    -2.385276     2.229410            6      1
   -6.501170    -5.968164     2.229410            6      1
   -6.501170    -2.385276     0.277665            6      1
   -0.757826    -1.498287     2.261080            1      2
   -2.077826    -2.818287     2.261080            1      2
   -2.077826    -1.498287     3.581080            1      2
   -1.315723    -0.736185     3.023183            1      2
   -2.839928    -0.736185     3.023183            1      2
   -1.315723    -2.260389     3.023183            1      2
   -2.839928    -2.260389     3.023183            1      2
   -1.833473    -1.253934     3.535044            1      2
   -2.322178    -1.253934     3.535044            1      2
   -1.833473    -1.742640     3.535044            1      2
   -2.322178    -1.742640     3.535044            1      2
   -1.833473    -2.772251     2.505433            1      2
   -2.322178    -2.772251     2.505433            1      2
   -1.833473    -2.772251     2.016728            1      2
   -2.322178    -2.772251     2.016728            1      2
   -0.803862    -1.253934     2.505433            1      2
   -0.803862    -1.742640     2.505433            1      2
   -0.803862    -1.253934     2.016728            1      2
   -0.803862    -1.742640     2.016728            1      2
   -1.166470    -0.586931     2.546144            1      2
   -1.166470    -2.409643     2.546144            1      2
   -2.989182    -2.409643     2.546144            1      2
   -1.166470    -2.409643     1.976017            1      2
   -1.166470    -1.213223     3.172436            1      2
   -2.989182    -1.213223     3.172436            1      2
   -1.166470    -1.783350     3.172436            1      2
   -2.989182    -1.783350     3.172436            1      2
   -1.792762    -0.586931     3.172436            1      2
   -2.362889    -0.586931     3.172436            1      2
   -1.792762    -2.409643     3.172436            1      2
   -2.362889    -2.409643     3.172436            1      2
   -1.555516    -0.975977     3.355057            1      2
   -2.600136    -0.975977     3.355057            1      2
   -1.555516    -2.020597     3.355057            1      2
   -2.600136    -2.020597     3.355057            1      2
   -1.555516    -0.404310     2.783390            1      2
   -1.555516    -2.592263     2.783390            1      2
   -2.600136    -2.592263     2.783390            1      2
   -1.555516    -2.592263     1.738770            1      2
   -0.983849    -0.975977     2.783390            1      2
   -0.983849    -2.020597     2.783390            1      2
   -3.171802    -2.020597     2.783390            1      2
   -0.983849    -2.020597     1.738770            1      2
   -1.446379    -2.657457     2.261080            1      2
   -2.709273    -2.657457     2.261080            1      2
   -0.918656    -0.866840     2.261080            1      2
   -0.918656    -2.129734     2.261080            1      2
   -1.446379    -1.498287     3.420250            1      2
   -2.709273    -1.498287     3.420250            1      2
   -0.918656    -1.498287     2.892527            1      2
   -3.236996    -1.498287     2.892527            1      2
   -2.077826    -0.866840     3.420250            1      2
   -2.077826    -2.129734     3.420250            1      2
   -2.077826    -0.339117     2.892527            1      2
   -2.077826    -2.657457     2.892527            1      2
   -0.254204    -0.709010     0.749965            1      3
   -1.574204     0.610990     0.749965            1      3
   -1.574204    -0.709010    -0.570035            1      3
   -0.812102     0.053093     1.512067            1      3
   -0.812102    -1.471112     1.512067            1      3
   -0.812102     0.053093    -0.012138            1      3
   -2.336306     0.053093    -0.012138            1      3
   -0.812102    -1.471112    -0.012138            1      3
   -1.329851    -0.464657    -0.523999            1      3
   -1.818557    -0.464657    -0.523999            1      3
   -1.329851    -0.953362    -0.523999            1      3
   -1.818557    -0.953362    -0.523999            1      3
   -1.329851     0.564954     0.994317            1      3
   -1.818557     0.564954     0.994317            1      3
   -1.329851     0.564954     0.505612            1      3
   -1.818557     0.564954     0.505612            1      3
   -0.300240    -0.464657     0.994317            1      3
   -0.300240    -0.953362     0.994317            1      3
   -0.300240    -0.464657     0.505612            1      3
   -0.300240    -0.953362     0.505612            1      3
   -0.662848     0.202346     1.035028            1      3
   -0.662848    -1.620365     1.035028            1      3
   -0.662848     0.202346     0.464901            1      3
   -0.662848    -1.620365     0.464901            1      3
   -0.662848    -0.423946     1.661321            1      3
   -0.662848    -0.994073     1.661321            1      3
   -0.662848    -0.423946    -0.161391            1      3
   -0.662848    -0.994073    -0.161391            1      3
   -1.289140     0.202346     1.661321            1      3
   -1.289140     0.202346    -0.161391            1      3
   -1.859268     0.202346    -0.161391            1      3
   -1.289140    -1.620365    -0.161391            1      3
   -1.051894    -0.186699     1.843941            1      3
   -1.051894    -0.186699    -0.344012            1      3
   -2.096514    -0.186699    -0.344012            1      3
   -1.051894    -1.231320    -0.344012            1      3
   -1.051894     0.384967     1.272275            1      3
   -1.051894     0.384967     0.227655            1      3
   -2.096514     0.384967     0.227655            1      3
   -1.051894    -1.802986     0.227655            1      3
   -0.480228    -0.186699     1.272275            1      3
   -0.480228    -1.231320     1.272275            1      3
   -0.480228    -0.186699     0.227655            1      3
   -0.480228    -1.231320     0.227655            1      3
   -0.942757     0.450160     0.749965            1      3
   -0.942757    -1.868179     0.749965            1      3
   -0.415034    -0.077562     0.749965            1      3
   -0.415034    -1.340457     0.749965            1      3
   -0.942757    -0.709010    -0.409205            1      3
   -2.205651    -0.709010    -0.409205            1      3
   -0.415034    -0.709010     1.381412            1      3
   -0.415034    -0.709010     0.118518            1      3
   -1.574204    -0.077562    -0.409205            1      3
   -1.574204    -1.340457    -0.409205            1      3
   -1.574204     0.450160     1.381412            1      3
   -1.574204     0.450160     0.118518            1      3
   -4.384046    -0.192890     1.570464            1      4
   -3.064046     1.127110     1.570464            1      4
   -3.064046    -0.192890     2.890464            1      4
   -2.301944     0.569212     2.332566            1      4
   -3.826148     0.569212     2.332566            1      4
   -3.826148    -0.954993     2.332566            1      4
   -2.301944     0.569212     0.808361            1      4
   -3.826148     0.569212     0.808361            1      4
   -2.819693     0.051462     2.844427            1      4
   -3.308399     0.051462     2.844427            1      4
   -3.308399    -0.437243     2.844427            1      4
   -3.308399     0.051462     0.296500            1      4
   -2.819693     1.081073     1.814816            1      4
   -3.308399     1.081073     1.814816            1      4
   -2.819693     1.081073     1.326111            1      4
   -3.308399     1.081073     1.326111            1      4
   -4.338010     0.051462     1.814816            1      4
   -4.338010    -0.437243     1.814816            1      4
   -4.338010     0.051462     1.326111            1      4
   -4.338010    -0.437243     1.326111            1      4
   -2.152690     0.718465     1.855527            1      4
   -3.975402     0.718465     1.855527            1      4
   -2.152690     0.718465     1.285400            1      4
   -3.975402     0.718465     1.285400            1      4
   -3.975402     0.092173     2.481820            1      4
   -3.975402    -0.477954     2.481820            1      4
   -3.975402     0.092173     0.659108            1      4
   -2.778982     0.718465     2.481820            1      4
   -3.349110     0.718465     2.481820            1      4
   -2.778982     0.718465     0.659108            1      4
   -3.349110     0.718465     0.659108            1      4
   -2.541736     0.329420     2.664440            1      4
   -3.586356     0.329420     2.664440            1      4
   -3.586356    -0.715200     2.664440            1      4
   -3.586356     0.329420     0.476487            1      4
   -2.541736     0.901086     2.092774            1      4
   -3.586356     0.901086     2.092774            1      4
   -2.541736     0.901086     1.048154            1      4
   -3.586356     0.901086     1.048154            1      4
   -4.158022     0.329420     2.092774            1      4
   -4.158022    -0.715200     2.092774            1      4
   -4.158022     0.329420     1.048154            1      4
   -2.432599     0.966279     1.570464            1      4
   -3.695493     0.966279     1.570464            1      4
   -4.223216     0.438557     1.570464            1      4
   -3.695493    -0.192890     2.729634            1      4
   -3.695493    -0.192890     0.411294            1      4
   -4.223216    -0.192890     2.201911            1      4
   -4.223216    -0.192890     0.939017            1      4
   -3.064046     0.438557     2.729634            1      4
   -3.064046     0.438557     0.411294            1      4
   -3.064046     0.966279     2.201911            1      4
   -3.064046     0.966279     0.939017            1      4
   -7.413461    -7.232939     0.522804            6      5
   -7.413461    -5.192939     2.562804            6      5
   -8.591255    -4.015145     1.700599            6      5
   -6.235666    -6.370734     1.700599            6      5
   -8.591255    -4.015145    -0.654990            6      5
   -8.591255    -6.370734    -0.654990            6      5
   -7.791097    -4.815303     2.491657            6      5
   -7.035825    -5.570575     2.491657            6      5
   -7.791097    -5.570575     2.491657            6      5
   -7.035825    -7.161792     0.900440            6      5
   -7.791097    -7.161792     0.900440            6      5
   -7.791097    -3.224086     0.145168            6      5
   -7.035825    -7.161792     0.145168            6      5
   -7.791097    -7.161792     0.145168            6      5
   -9.382314    -4.815303     0.900440            6      5
   -5.444608    -5.570575     0.900440            6      5
   -9.382314    -4.815303     0.145168            6      5
   -5.444608    -5.570575     0.145168            6      5
   -9.382314    -5.570575     0.145168            6      5
   -8.821920    -3.784480     0.963357            6      5
   -6.005002    -6.601398     0.963357            6      5
   -8.821920    -3.784480     0.082251            6      5
   -6.005002    -6.601398     0.082251            6      5
   -8.821920    -6.601398     0.082251            6      5
   -6.005002    -5.633492     1.931263            6      5
   -6.005002    -4.752386    -0.885655            6      5
   -8.821920    -4.752386    -0.885655            6      5
   -8.821920    -5.633492    -0.885655            6      5
   -6.972908    -6.601398     1.931263            6      5
   -7.854014    -6.601398     1.931263            6      5
   -6.972908    -3.784480    -0.885655            6      5
   -7.854014    -3.784480    -0.885655            6      5
   -7.854014    -6.601398    -0.885655            6      5
   -8.220667    -4.385733     2.213495            6      5
   -6.606254    -6.000146     2.213495            6      5
   -6.606254    -4.385733    -1.167886            6      5
   -8.220667    -4.385733    -1.167886            6      5
   -8.220667    -3.502248     1.330011            6      5
   -6.606254    -6.883630     1.330011            6      5
   -8.220667    -3.502248    -0.284402            6      5
   -6.606254    -6.883630    -0.284402            6      5
   -8.220667    -6.883630    -0.284402            6      5
   -9.104152    -4.385733     1.330011            6      5
   -5.722770    -6.000146     1.330011            6      5
   -9.104152    -4.385733    -0.284402            6      5
   -5.722770    -6.000146    -0.284402            6      5
   -9.104152    -6.000146    -0.284402            6      5
   -8.389334    -3.401495     0.522804            6      5
   -6.437588    -6.984383     0.522804            6      5
   -8.389334    -6.984383     0.522804            6      5
   -9.204905    -4.217066     0.522804            6      5
   -5.622017    -6.168812     0.522804            6      5
   -8.389334    -5.192939    -1.268640            6      5
   -5.622017    -5.192939    -0.453068            6      5
   -9.204905    -5.192939    -0.453068            6      5
   -7.413461    -6.168812     2.314249            6      5
   -7.413461    -4.217066    -1.268640            6      5
   -7.413461    -6.984383     1.498677            6      5
   -7.413461    -3.401495    -0.453068            6      5
   -7.413461    -6.984383    -0.453068            6      5
   -4.851211    -4.652233     2.193831            1      6
   -6.171211    -5.972233     2.193831            1      6
   -6.171211    -4.652233     3.513831            1      6
   -5.409108    -3.890130     2.955933            1      6
   -6.933313    -3.890130     2.955933            1      6
   -5.409108    -5.414335     2.955933            1      6
   -6.933313    -5.414335     2.955933            1      6
   -5.926858    -4.407880     3.467794            1      6
   -6.415563    -4.407880     3.467794            1      6
   -5.926858    -4.896585     3.467794            1      6
   -6.415563    -4.896585     3.467794            1      6
   -5.926858    -5.926196     2.438183            1      6
   -6.415563    -5.926196     2.438183            1      6
   -5.926858    -5.926196     1.949478            1      6
   -6.415563    -5.926196     1.949478            1      6
   -4.897247    -4.407880     2.438183            1      6
   -4.897247    -4.896585     2.438183            1      6
   -4.897247    -4.896585     1.949478            1      6
   -5.259855    -5.563588     2.478894            1      6
   -7.082566    -5.563588     2.478894            1      6
   -5.259855    -5.563588     1.908767            1      6
   -5.259855    -4.367169     3.105187            1      6
   -7.082566    -4.367169     3.105187            1      6
   -5.259855    -4.937296     3.105187            1      6
   -7.082566    -4.937296     3.105187            1      6
   -5.886147    -3.740877     3.105187            1      6
   -6.456274    -3.740877     3.105187            1      6
   -5.886147    -5.563588     3.105187            1      6
   -6.456274    -5.563588     3.105187            1      6
   -5.648901    -4.129923     3.287807            1      6
   -6.693521    -4.129923     3.287807            1      6
   -5.648901    -5.174543     3.287807            1      6
   -6.693521    -5.174543     3.287807            1      6
   -5.648901    -3.558256     2.716141            1      6
   -5.648901    -5.746209     2.716141            1      6
   -6.693521    -5.746209     2.716141            1      6
   -5.648901    -5.746209     1.671521            1      6
   -5.077234    -4.129923     2.716141            1      6
   -5.077234    -5.174543     2.716141            1      6
   -7.265187    -5.174543     2.716141            1      6
   -5.077234    -5.174543     1.671521            1      6
   -5.539764    -5.811402     2.193831            1      6
   -6.802658    -5.811402     2.193831            1      6
   -5.012041    -5.283680     2.193831            1      6
   -5.539764    -4.652233     3.353000            1      6
   -6.802658    -4.652233     3.353000            1      6
   -5.012041    -4.652233     2.825278            1      6
   -7.330380    -4.652233     2.825278            1      6
   -6.171211    -4.020786     3.353000            1      6
   -6.171211    -5.283680     3.353000            1      6
   -6.171211    -3.493063     2.825278            1      6
   -6.171211    -5.811402     2.825278            1      6
   -8.464832    -3.336096     1.569181            1      7
   -7.144832    -2.016096     1.569181            1      7
   -7.144832    -3.336096     2.889181            1      7
   -6.382730    -2.573994     2.331283            1      7
   -7.906935    -2.573994     2.331283            1      7
   -7.906935    -4.098198     2.331283            1      7
   -7.906935    -2.573994     0.807078            1      7
   -6.900480    -3.091743     2.843144            1      7
   -7.389185    -3.091743     2.843144            1      7
   -6.900480    -3.580449     2.843144            1      7
   -7.389185    -3.580449     2.843144            1      7
   -6.900480    -2.062132     1.813533            1      7
   -7.389185    -2.062132     1.813533            1      7
   -6.900480    -2.062132     1.324828            1      7
   -7.389185    -2.062132     1.324828            1      7
   -8.418796    -3.091743     1.813533            1      7
   -8.418796    -3.580449     1.813533            1      7
   -8.418796    -3.091743     1.324828            1      7
   -8.418796    -3.580449     1.324828            1      7
   -6.233476    -2.424740     1.854244            1      7
   -8.056188    -2.424740     1.854244            1      7
   -8.056188    -2.424740     1.284117            1      7
   -8.056188    -3.051032     2.480537            1      7
   -8.056188    -3.621160     2.480537            1      7
   -8.056188    -3.051032     0.657825            1      7
   -6.859769    -2.424740     2.480537            1      7
   -7.429896    -2.424740     2.480537            1      7
   -6.859769    -2.424740     0.657825            1      7
   -7.429896    -2.424740     0.657825            1      7
   -6.622522    -2.813786     2.663157            1      7
   -7.667142    -2.813786     2.663157            1      7
   -7.667142    -3.858406     2.663157            1      7
   -7.667142    -2.813786     0.475204            1      7
   -6.622522    -2.242120     2.091491            1      7
   -7.667142    -2.242120     2.091491            1      7
   -6.622522    -2.242120     1.046871            1      7
   -7.667142    -2.242120     1.046871            1      7
   -8.238809    -2.813786     2.091491            1      7
   -8.238809    -3.858406     2.091491            1      7
   -8.238809    -2.813786     1.046871            1      7
   -6.513385    -2.176926     1.569181            1      7
   -7.776279    -2.176926     1.569181            1      7
   -8.304002    -2.704649     1.569181            1      7
   -8.304002    -3.967543     1.569181            1      7
   -6.513385    -3.336096     2.728350            1      7
   -7.776279    -3.336096     2.728350            1      7
   -8.304002    -3.336096     2.200628            1      7
   -8.304002    -3.336096     0.937734            1      7
   -7.144832    -2.704649     2.728350            1      7
   -7.144832    -2.704649     0.410011            1      7
   -7.144832    -2.176926     2.200628            1      7
   -7.144832    -2.176926     0.937734            1      7
   -5.326072    -5.487230    -0.681743            8      8
   -8.974072    -5.487230    -0.681743            8      8
   -7.150072    -3.663230    -0.681743            8      8
   -7.150072    -7.311230    -0.681743            8      8
   -7.150072    -5.487230    -2.505743            8      8
   -6.096985    -6.540317     0.371344            8      8
   -6.096985    -4.434143    -1.734829            8      8
   -8.203158    -4.434143    -1.734829            8      8
   -6.096985    -6.540317    -1.734829            8      8
   -8.203158    -6.540317    -1.734829            8      8
   -6.812421    -5.149579    -2.442129            8      8
   -7.487723    -5.149579    -2.442129            8      8
   -6.812421    -5.824881    -2.442129            8      8
   -7.487723    -5.824881    -2.442129            8      8
   -7.487723    -3.726844    -0.344092            8      8
   -6.812421    -7.247616    -0.344092            8      8
   -7.487723    -7.247616    -0.344092            8      8
   -6.812421    -3.726844    -1.019393            8      8
   -7.487723    -3.726844    -1.019393            8      8
   -6.812421    -7.247616    -1.019393            8      8
   -7.487723    -7.247616    -1.019393            8      8
   -5.389685    -5.149579    -0.344092            8      8
   -8.910458    -5.149579    -0.344092            8      8
   -5.389685    -5.824881    -0.344092            8      8
   -8.910458    -5.824881    -0.344092            8      8
   -5.389685    -5.149579    -1.019393            8      8
   -8.910458    -5.149579    -1.019393            8      8
   -5.389685    -5.824881    -1.019393            8      8
   -8.910458    -5.824881    -1.019393            8      8
   -8.409400    -4.227902    -0.287836            8      8
   -5.890744    -6.746558    -0.287836            8      8
   -8.409400    -6.746558    -0.287836            8      8
   -5.890744    -4.227902    -1.075649            8      8
   -8.409400    -4.227902    -1.075649            8      8
   -5.890744    -6.746558    -1.075649            8      8
   -8.409400    -6.746558    -1.075649            8      8
   -5.890744    -5.881136     0.577585            8      8
   -5.890744    -5.093324    -1.941071            8      8
   -8.409400    -5.093324    -1.941071            8      8
   -5.890744    -5.881136    -1.941071            8      8
   -8.409400    -5.881136    -1.941071            8      8
   -6.756165    -6.746558     0.577585            8      8
   -6.756165    -4.227902    -1.941071            8      8
   -7.543978    -4.227902    -1.941071            8      8
   -6.756165    -6.746558    -1.941071            8      8
   -7.543978    -6.746558    -1.941071            8      8
   -6.428334    -4.765492    -2.193419            8      8
   -7.871809    -4.765492    -2.193419            8      8
   -6.428334    -6.208968    -2.193419            8      8
   -7.871809    -6.208968    -2.193419            8      8
   -6.428334    -6.998907     0.039995            8      8
   -7.871809    -6.998907     0.039995            8      8
   -6.428334    -3.975554    -1.403480            8      8
   -7.871809    -3.975554    -1.403480            8      8
   -6.428334    -6.998907    -1.403480            8      8
   -7.871809    -6.998907    -1.403480            8      8
   -5.638395    -6.208968     0.039995            8      8
   -5.638395    -4.765492    -1.403480            8      8
   -8.661748    -4.765492    -1.403480            8      8
   -5.638395    -6.208968    -1.403480            8      8
   -8.661748    -6.208968    -1.403480            8      8
   -8.022617    -3.885468    -0.681743            8      8
   -6.277526    -7.088992    -0.681743            8      8
   -8.022617    -7.088992    -0.681743            8      8
   -8.751833    -4.614685    -0.681743            8      8
   -5.548310    -6.359775    -0.681743            8      8
   -8.751833    -6.359775    -0.681743            8      8
   -6.277526    -5.487230    -2.283504            8      8
   -8.022617    -5.487230    -2.283504            8      8
   -5.548310    -5.487230     0.190803            8      8
   -5.548310    -5.487230    -1.554288            8      8
   -8.751833    -5.487230    -1.554288            8      8
   -7.150072    -4.614685    -2.283504            8      8
   -7.150072    -6.359775    -2.283504            8      8
   -7.150072    -7.088992     0.190803            8      8
   -7.150072    -3.885468    -1.554288            8      8
   -7.150072    -7.088992    -1.554288            8      8
  -10.203007    -5.655381     1.206902            8      9
   -8.379007    -3.831381     1.206902            8      9
   -8.379007    -7.479381     1.206902            8      9
   -8.379007    -5.655381     3.030902            8      9
   -9.432094    -4.602294     2.259989            8      9
   -7.325920    -6.708468     2.259989            8      9
   -9.432094    -6.708468     2.259989            8      9
   -9.432094    -4.602294     0.153815            8      9
   -9.432094    -6.708468     0.153815            8      9
   -8.041356    -5.317730     2.967288            8      9
   -8.716658    -5.317730     2.967288            8      9
   -8.041356    -5.993032     2.967288            8      9
   -8.716658    -5.993032     2.967288            8      9
   -8.716658    -5.993032    -0.553485            8      9
   -8.716658    -3.894995     1.544553            8      9
   -8.041356    -7.415767     1.544553            8      9
   -8.716658    -7.415767     1.544553            8      9
   -8.716658    -3.894995     0.869251            8      9
   -8.041356    -7.415767     0.869251            8      9
   -8.716658    -7.415767     0.869251            8      9
  -10.139393    -5.317730     1.544553            8      9
  -10.139393    -5.993032     1.544553            8      9
  -10.139393    -5.317730     0.869251            8      9
  -10.139393    -5.993032     0.869251            8      9
   -9.638335    -4.396053     1.600808            8      9
   -7.119679    -6.914709     1.600808            8      9
   -9.638335    -6.914709     1.600808            8      9
   -9.638335    -4.396053     0.812996            8      9
   -7.119679    -6.914709     0.812996            8      9
   -9.638335    -6.914709     0.812996            8      9
   -7.119679    -5.261475     2.466230            8      9
   -9.638335    -5.261475     2.466230            8      9
   -7.119679    -6.049287     2.466230            8      9
   -9.638335    -6.049287     2.466230            8      9
   -9.638335    -5.261475    -0.052426            8      9
   -9.638335    -6.049287    -0.052426            8      9
   -7.985101    -4.396053     2.466230            8      9
   -8.772913    -4.396053     2.466230            8      9
   -7.985101    -6.914709     2.466230            8      9
   -8.772913    -6.914709     2.466230            8      9
   -8.772913    -4.396053    -0.052426            8      9
   -7.985101    -6.914709    -0.052426            8      9
   -8.772913    -6.914709    -0.052426            8      9
   -7.657269    -4.933643     2.718578            8      9
   -9.100745    -4.933643     2.718578            8      9
   -7.657269    -6.377119     2.718578            8      9
   -9.100745    -6.377119     2.718578            8      9
   -9.100745    -4.933643    -0.304775            8      9
   -9.100745    -6.377119    -0.304775            8      9
   -9.100745    -4.143705     1.928639            8      9
   -7.657269    -7.167057     1.928639            8      9
   -9.100745    -7.167057     1.928639            8      9
   -9.100745    -4.143705     0.485164            8      9
   -7.657269    -7.167057     0.485164            8      9
   -9.100745    -7.167057     0.485164            8      9
   -9.890683    -4.933643     1.928639            8      9
   -6.867331    -6.377119     1.928639            8      9
   -9.890683    -6.377119     1.928639            8      9
   -9.890683    -4.933643     0.485164            8      9
   -9.890683    -6.377119     0.485164            8      9
   -9.251552    -4.053619     1.206902            8      9
   -7.506462    -7.257143     1.206902            8      9
   -9.251552    -7.257143     1.206902            8      9
   -9.980769    -4.782836     1.206902            8      9
   -6.777245    -6.527926     1.206902            8      9
   -9.980769    -6.527926     1.206902            8      9
   -7.506462    -5.655381     2.808664            8      9
   -9.251552    -5.655381     2.808664            8      9
   -9.251552    -5.655381    -0.394860            8      9
   -9.980769    -5.655381     2.079447            8      9
   -9.980769    -5.655381     0.334357            8      9
   -8.379007    -4.782836     2.808664            8      9
   -8.379007    -6.527926     2.808664            8      9
   -8.379007    -6.527926    -0.394860            8      9
   -8.379007    -4.053619     2.079447            8      9
   -8.379007    -7.257143     2.079447            8      9
   -8.379007    -7.257143     0.334357            8      9
   -4.468474    -0.591723     1.279459            6     10
   -4.468474    -2.631723     3.319459            6     10
   -5.646268    -1.453928     2.457254            6     10
   -3.290679    -3.809517     2.457254            6     10
   -5.646268    -1.453928     0.101665            6     10
   -3.290679    -3.809517     0.101665            6     10
   -4.090838    -2.254087     3.248312            6     10
   -4.846110    -2.254087     3.248312            6     10
   -4.090838    -3.009359     3.248312            6     10
   -4.846110    -3.009359     3.248312            6     10
   -4.846110    -2.254087    -0.689394            6     10
   -4.090838    -3.009359    -0.689394            6     10
   -4.090838    -0.662870     1.657095            6     10
   -4.846110    -0.662870     1.657095            6     10
   -4.090838    -4.600576     1.657095            6     10
   -4.846110    -0.662870     0.901823            6     10
   -6.437327    -2.254087     1.657095            6     10
   -2.499621    -3.009359     1.657095            6     10
   -6.437327    -2.254087     0.901823            6     10
   -5.876933    -1.223264     1.720012            6     10
   -3.060015    -4.040182     1.720012            6     10
   -5.876933    -1.223264     0.838906            6     10
   -3.060015    -4.040182     0.838906            6     10
   -3.060015    -2.191170     2.687918            6     10
   -5.876933    -2.191170     2.687918            6     10
   -3.060015    -3.072275     2.687918            6     10
   -5.876933    -3.072275     2.687918            6     10
   -5.876933    -2.191170    -0.129000            6     10
   -4.027921    -1.223264     2.687918            6     10
   -4.909027    -1.223264     2.687918            6     10
   -4.027921    -4.040182     2.687918            6     10
   -4.909027    -4.040182     2.687918            6     10
   -4.909027    -1.223264    -0.129000            6     10
   -3.661267    -1.824516     2.970150            6     10
   -5.275680    -1.824516     2.970150            6     10
   -3.661267    -3.438929     2.970150            6     10
   -5.275680    -3.438929     2.970150            6     10
   -5.275680    -1.824516    -0.411231            6     10
   -3.661267    -3.438929    -0.411231            6     10
   -5.275680    -0.941032     2.086666            6     10
   -3.661267    -4.322413     2.086666            6     10
   -5.275680    -0.941032     0.472253            6     10
   -3.661267    -4.322413     0.472253            6     10
   -6.159165    -1.824516     2.086666            6     10
   -2.777783    -3.438929     2.086666            6     10
   -6.159165    -1.824516     0.472253            6     10
   -5.444347    -0.840278     1.279459            6     10
   -3.492601    -4.423167     1.279459            6     10
   -6.259918    -1.655850     1.279459            6     10
   -2.677030    -3.607595     1.279459            6     10
   -3.492601    -2.631723     3.070904            6     10
   -5.444347    -2.631723     3.070904            6     10
   -2.677030    -2.631723     2.255332            6     10
   -6.259918    -2.631723     2.255332            6     10
   -4.468474    -1.655850     3.070904            6     10
   -4.468474    -3.607595     3.070904            6     10
   -4.468474    -0.840278     2.255332            6     10
   -4.468474    -4.423167     2.255332            6     10
   -4.468474    -0.840278     0.303587            6     10
   -1.211268    -2.096921     0.520693            6     11
   -3.251268    -4.136921     0.520693            6     11
   -3.251268    -2.096921    -1.519307            6     11
   -4.429062    -0.919127     1.698487            6     11
   -2.073473    -3.274716     1.698487            6     11
   -2.073473    -0.919127    -0.657102            6     11
   -4.429062    -0.919127    -0.657102            6     11
   -2.073473    -3.274716    -0.657102            6     11
   -3.628904    -1.719286     2.489546            6     11
   -2.873632    -2.474557     2.489546            6     11
   -2.873632    -1.719286    -1.448160            6     11
   -3.628904    -1.719286    -1.448160            6     11
   -2.873632    -2.474557    -1.448160            6     11
   -3.628904    -2.474557    -1.448160            6     11
   -2.873632    -4.065774     0.898329            6     11
   -3.628904    -4.065774     0.898329            6     11
   -2.873632    -0.128068     0.143057            6     11
   -3.628904    -0.128068     0.143057            6     11
   -2.873632    -4.065774     0.143057            6     11
   -3.628904    -4.065774     0.143057            6     11
   -1.282415    -2.474557     0.898329            6     11
   -1.282415    -1.719286     0.143057            6     11
   -5.220121    -1.719286     0.143057            6     11
   -1.282415    -2.474557     0.143057            6     11
   -4.659727    -0.688462     0.961246            6     11
   -1.842809    -3.505380     0.961246            6     11
   -4.659727    -0.688462     0.080140            6     11
   -1.842809    -3.505380     0.080140            6     11
   -1.842809    -2.537474     1.929152            6     11
   -1.842809    -1.656369    -0.887766            6     11
   -4.659727    -1.656369    -0.887766            6     11
   -1.842809    -2.537474    -0.887766            6     11
   -4.659727    -2.537474    -0.887766            6     11
   -2.810715    -3.505380     1.929152            6     11
   -2.810715    -0.688462    -0.887766            6     11
   -3.691821    -0.688462    -0.887766            6     11
   -2.810715    -3.505380    -0.887766            6     11
   -3.691821    -3.505380    -0.887766            6     11
   -4.058474    -1.289715     2.211384            6     11
   -2.444061    -2.904128     2.211384            6     11
   -2.444061    -1.289715    -1.169998            6     11
   -4.058474    -1.289715    -1.169998            6     11
   -2.444061    -2.904128    -1.169998            6     11
   -4.058474    -2.904128    -1.169998            6     11
   -4.058474    -0.406231     1.327899            6     11
   -2.444061    -3.787612     1.327899            6     11
   -2.444061    -0.406231    -0.286514            6     11
   -4.058474    -0.406231    -0.286514            6     11
   -2.444061    -3.787612    -0.286514            6     11
   -1.560577    -2.904128     1.327899            6     11
   -1.560577    -1.289715    -0.286514            6     11
   -4.941958    -1.289715    -0.286514            6     11
   -1.560577    -2.904128    -0.286514            6     11
   -4.227140    -0.305477     0.520693            6     11
   -2.275395    -3.888366     0.520693            6     11
   -5.042712    -1.121049     0.520693            6     11
   -1.459823    -3.072794     0.520693            6     11
   -2.275395    -2.096921    -1.270751            6     11
   -4.227140    -2.096921    -1.270751            6     11
   -1.459823    -2.096921    -0.455180            6     11
   -5.042712    -2.096921    -0.455180            6     11
   -3.251268    -1.121049    -1.270751            6     11
   -3.251268    -3.072794    -1.270751            6     11
   -3.251268    -3.888366     1.496566            6     11
   -3.251268    -0.305477    -0.455180            6     11
   -3.251268    -3.888366    -0.455180            6     11
   -6.434689    -1.783220     1.570379            1     12
   -5.114689    -0.463220     1.570379            1     12
   -5.114689    -1.783220     2.890379            1     12
   -4.352586    -1.021118     2.332482            1     12
   -5.876791    -1.021118     2.332482            1     12
   -5.876791    -2.545322     2.332482            1     12
   -5.876791    -1.021118     0.808277            1     12
   -4.870336    -1.538867     2.844343            1     12
   -5.359041    -1.538867     2.844343            1     12
   -4.870336    -2.027573     2.844343            1     12
   -5.359041    -2.027573     2.844343            1     12
   -4.870336    -0.509256     1.814732            1     12
   -5.359041    -0.509256     1.814732            1     12
   -4.870336    -0.509256     1.326027            1     12
   -5.359041    -0.509256     1.326027            1     12
   -6.388652    -1.538867     1.814732            1     12
   -6.388652    -2.027573     1.814732            1     12
   -6.388652    -1.538867     1.326027            1     12
   -6.388652    -2.027573     1.326027            1     12
   -4.203333    -0.871864     1.855443            1     12
   -6.026045    -0.871864     1.855443            1     12
   -6.026045    -0.871864     1.285316            1     12
   -6.026045    -1.498156     2.481735            1     12
   -6.026045    -2.068284     2.481735            1     12
   -6.026045    -1.498156     0.659024            1     12
   -4.829625    -0.871864     2.481735            1     12
   -5.399752    -0.871864     2.481735            1     12
   -4.829625    -0.871864     0.659024            1     12
   -5.399752    -0.871864     0.659024            1     12
   -4.592379    -1.260910     2.664356            1     12
   -5.636999    -1.260910     2.664356            1     12
   -5.636999    -2.305530     2.664356            1     12
   -5.636999    -1.260910     0.476403            1     12
   -4.592379    -0.689244     2.092690            1     12
   -5.636999    -0.689244     2.092690            1     12
   -4.592379    -0.689244     1.048069            1     12
   -5.636999    -0.689244     1.048069            1     12
   -6.208665    -1.260910     2.092690            1     12
   -6.208665    -2.305530     2.092690            1     12
   -6.208665    -1.260910     1.048069            1     12
   -4.483242    -0.624050     1.570379            1     12
   -5.746136    -0.624050     1.570379            1     12
   -6.273859    -1.151773     1.570379            1     12
   -5.746136    -1.783220     2.729549            1     12
   -5.746136    -1.783220     0.411210            1     12
   -6.273859    -1.783220     2.201827            1     12
   -6.273859    -1.783220     0.938932            1     12
   -5.114689    -1.151773     2.729549            1     12
   -5.114689    -1.151773     0.411210            1     12
   -5.114689    -0.624050     2.201827            1     12
   -5.114689    -0.624050     0.938932            1     12
   -2.811257    -3.092599     2.225937            1     13
   -4.131257    -4.412599     2.225937            1     13
   -4.131257    -3.092599     3.545937            1     13
   -3.369155    -2.330497     2.988040            1     13
   -4.893360    -2.330497     2.988040            1     13
   -3.369155    -3.854701     2.988040            1     13
   -4.893360    -3.854701     2.988040            1     13
   -3.886905    -2.848246     3.499901            1     13
   -4.375610    -2.848246     3.499901            1     13
   -3.886905    -3.336952     3.499901            1     13
   -4.375610    -3.336952     3.499901            1     13
   -3.886905    -4.366563     2.470290            1     13
   -4.375610    -4.366563     2.470290            1     13
   -3.886905    -4.366563     1.981585            1     13
   -4.375610    -4.366563     1.981585            1     13
   -2.857294    -2.848246     2.470290            1     13
   -2.857294    -3.336952     2.470290            1     13
   -2.857294    -3.336952     1.981585            1     13
   -3.219901    -4.003955     2.511001            1     13
   -5.042613    -4.003955     2.511001            1     13
   -3.219901    -4.003955     1.940874            1     13
   -3.219901    -2.807535     3.137293            1     13
   -5.042613    -2.807535     3.137293            1     13
   -3.219901    -3.377663     3.137293            1     13
   -5.042613    -3.377663     3.137293            1     13
   -3.846194    -2.181243     3.137293            1     13
   -4.416321    -2.181243     3.137293            1     13
   -3.846194    -4.003955     3.137293            1     13
   -4.416321    -4.003955     3.137293            1     13
   -3.608947    -2.570289     3.319914            1     13
   -4.653567    -2.570289     3.319914            1     13
   -3.608947    -3.614909     3.319914            1     13
   -4.653567    -3.614909     3.319914            1     13
   -3.608947    -1.998623     2.748247            1     13
   -3.608947    -4.186575     2.748247            1     13
   -4.653567    -4.186575     2.748247            1     13
   -3.608947    -4.186575     1.703627            1     13
   -3.037281    -2.570289     2.748247            1     13
   -3.037281    -3.614909     2.748247            1     13
   -5.225234    -3.614909     2.748247            1     13
   -3.037281    -3.614909     1.703627            1     13
   -3.499810    -4.251769     2.225937            1     13
   -4.762704    -4.251769     2.225937            1     13
   -2.972087    -3.724046     2.225937            1     13
   -3.499810    -3.092599     3.385107            1     13
   -4.762704    -3.092599     3.385107            1     13
   -2.972087    -3.092599     2.857384            1     13
   -5.290427    -3.092599     2.857384            1     13
   -4.131257    -2.461152     3.385107            1     13
   -4.131257    -3.724046     3.385107            1     13
   -4.131257    -1.933429     2.857384            1     13
   -4.131257    -4.251769     2.857384            1     13
   -0.406295    -1.068590     1.316241            6     14
   -2.446295     0.971410     1.316241            6     14
   -2.446295    -1.068590     3.356241            6     14
   -2.446295    -1.068590    -0.723759            6     14
   -1.268501     0.109205     2.494035            6     14
   -3.624090     0.109205     2.494035            6     14
   -1.268501    -2.246384     2.494035            6     14
   -1.268501     0.109205     0.138446            6     14
   -3.624090     0.109205     0.138446            6     14
   -1.268501    -2.246384     0.138446            6     14
   -2.068659    -0.690954     3.285094            6     14
   -2.823931    -0.690954     3.285094            6     14
   -2.068659    -1.446226     3.285094            6     14
   -2.823931    -1.446226     3.285094            6     14
   -2.068659    -0.690954    -0.652612            6     14
   -2.823931    -0.690954    -0.652612            6     14
   -2.068659    -1.446226    -0.652612            6     14
   -2.068659     0.900263     1.693877            6     14
   -2.823931     0.900263     1.693877            6     14
   -2.068659    -3.037443     1.693877            6     14
   -2.068659     0.900263     0.938605            6     14
   -2.823931     0.900263     0.938605            6     14
   -0.477442    -0.690954     1.693877            6     14
   -4.415148    -0.690954     1.693877            6     14
   -0.477442    -1.446226     1.693877            6     14
   -0.477442    -0.690954     0.938605            6     14
   -4.415148    -0.690954     0.938605            6     14
   -0.477442    -1.446226     0.938605            6     14
   -1.037836     0.339869     1.756794            6     14
   -3.854754     0.339869     1.756794            6     14
   -1.037836    -2.477049     1.756794            6     14
   -1.037836     0.339869     0.875688            6     14
   -3.854754     0.339869     0.875688            6     14
   -1.037836    -2.477049     0.875688            6     14
   -1.037836    -0.628037     2.724700            6     14
   -3.854754    -0.628037     2.724700            6     14
   -1.037836    -1.509143     2.724700            6     14
   -3.854754    -1.509143     2.724700            6     14
   -1.037836    -0.628037    -0.092218            6     14
   -3.854754    -0.628037    -0.092218            6     14
   -1.037836    -1.509143    -0.092218            6     14
   -2.005742     0.339869     2.724700            6     14
   -2.886848     0.339869     2.724700            6     14
   -2.005742    -2.477049     2.724700            6     14
   -2.886848    -2.477049     2.724700            6     14
   -2.005742     0.339869    -0.092218            6     14
   -2.886848     0.339869    -0.092218            6     14
   -1.639089    -0.261383     3.006932            6     14
   -3.253502    -0.261383     3.006932            6     14
   -1.639089    -1.875796     3.006932            6     14
   -3.253502    -1.875796     3.006932            6     14
   -1.639089    -0.261383    -0.374450            6     14
   -3.253502    -0.261383    -0.374450            6     14
   -1.639089    -1.875796    -0.374450            6     14
   -1.639089     0.622101     2.123447            6     14
   -3.253502     0.622101     2.123447            6     14
   -1.639089    -2.759280     2.123447            6     14
   -1.639089     0.622101     0.509034            6     14
   -3.253502     0.622101     0.509034            6     14
   -1.639089    -2.759280     0.509034            6     14
   -0.755604    -0.261383     2.123447            6     14
   -4.136986    -0.261383     2.123447            6     14
   -0.755604    -1.875796     2.123447            6     14
   -0.755604    -0.261383     0.509034            6     14
   -4.136986    -0.261383     0.509034            6     14
   -0.755604    -1.875796     0.509034            6     14
   -1.470422     0.722855     1.316241            6     14
   -3.422168     0.722855     1.316241            6     14
   -1.470422    -2.860034     1.316241            6     14
   -0.654851    -0.092717     1.316241            6     14
   -4.237739    -0.092717     1.316241            6     14
   -0.654851    -2.044462     1.316241            6     14
   -1.470422    -1.068590     3.107685            6     14
   -3.422168    -1.068590     3.107685            6     14
   -1.470422    -1.068590    -0.475203            6     14
   -0.654851    -1.068590     2.292114            6     14
   -4.237739    -1.068590     2.292114            6     14
   -0.654851    -1.068590     0.340368            6     14
   -2.446295    -0.092717     3.107685            6     14
   -2.446295    -2.044462     3.107685            6     14
   -2.446295    -0.092717    -0.475203            6     14
   -2.446295     0.722855     2.292114            6     14
   -2.446295    -2.860034     2.292114            6     14
   -2.446295     0.722855     0.340368            6     14
   -1.278730    -2.942921     0.242623            1     15
   -2.598731    -4.262921     0.242623            1     15
   -2.598731    -2.942921    -1.077377            1     15
   -1.836628    -3.705024     1.004726            1     15
   -1.836628    -2.180819    -0.519479            1     15
   -1.836628    -3.705024    -0.519479            1     15
   -3.360833    -3.705024    -0.519479            1     15
   -2.354378    -3.187274     1.516587            1     15
   -2.354378    -2.698569    -1.031341            1     15
   -2.354378    -3.187274    -1.031341            1     15
   -2.843083    -3.187274    -1.031341            1     15
   -2.354378    -4.216885     0.486976            1     15
   -2.843083    -4.216885     0.486976            1     15
   -2.354378    -4.216885    -0.001729            1     15
   -2.843083    -4.216885    -0.001729            1     15
   -1.324767    -2.698569     0.486976            1     15
   -1.324767    -3.187274     0.486976            1     15
   -1.324767    -2.698569    -0.001729            1     15
   -1.324767    -3.187274    -0.001729            1     15
   -1.687375    -3.854277     0.527687            1     15
   -1.687375    -3.854277    -0.042440            1     15
   -3.510086    -3.854277    -0.042440            1     15
   -1.687375    -3.227985     1.153979            1     15
   -1.687375    -2.657858    -0.668733            1     15
   -1.687375    -3.227985    -0.668733            1     15
   -2.313667    -3.854277     1.153979            1     15
   -2.883794    -3.854277     1.153979            1     15
   -2.313667    -3.854277    -0.668733            1     15
   -2.883794    -3.854277    -0.668733            1     15
   -2.076420    -3.465231     1.336600            1     15
   -2.076420    -2.420611    -0.851353            1     15
   -2.076420    -3.465231    -0.851353            1     15
   -3.121041    -3.465231    -0.851353            1     15
   -2.076420    -4.036898     0.764933            1     15
   -3.121041    -4.036898     0.764933            1     15
   -2.076420    -4.036898    -0.279687            1     15
   -3.121041    -4.036898    -0.279687            1     15
   -1.504754    -3.465231     0.764933            1     15
   -1.504754    -2.420611    -0.279687            1     15
   -1.504754    -3.465231    -0.279687            1     15
   -1.967283    -4.102091     0.242623            1     15
   -3.230178    -4.102091     0.242623            1     15
   -1.439561    -2.311474     0.242623            1     15
   -1.439561    -3.574368     0.242623            1     15
   -1.967283    -2.942921     1.401793            1     15
   -1.967283    -2.942921    -0.916547            1     15
   -1.439561    -2.942921     0.874070            1     15
   -1.439561    -2.942921    -0.388824            1     15
   -2.598731    -3.574368     1.401793            1     15
   -2.598731    -3.574368    -0.916547            1     15
   -2.598731    -4.102091     0.874070            1     15
   -2.598731    -4.102091    -0.388824            1     15
   -4.907671    -1.647371    -0.429896            1     16
   -3.587671    -0.327371    -0.429896            1     16
   -3.587671    -1.647371    -1.749896            1     16
   -2.825569    -0.885268    -1.191999            1     16
   -4.349774    -0.885268    -1.191999            1     16
   -2.825569    -2.409473    -1.191999            1     16
   -4.349774    -2.409473    -1.191999            1     16
   -3.343319    -1.403018    -1.703860            1     16
   -3.832024    -1.403018    -1.703860            1     16
   -3.343319    -1.891723    -1.703860            1     16
   -3.832024    -1.891723    -1.703860            1     16
   -3.343319    -0.373407    -0.185544            1     16
   -3.832024    -0.373407    -0.185544            1     16
   -3.343319    -0.373407    -0.674249            1     16
   -3.832024    -0.373407    -0.674249            1     16
   -4.861635    -1.403018    -0.185544            1     16
   -4.861635    -1.403018    -0.674249            1     16
   -4.861635    -1.891723    -0.674249            1     16
   -4.499027    -0.736015    -0.144833            1     16
   -2.676316    -0.736015    -0.714960            1     16
   -4.499027    -0.736015    -0.714960            1     16
   -2.676316    -1.362307    -1.341252            1     16
   -4.499027    -1.362307    -1.341252            1     16
   -2.676316    -1.932434    -1.341252            1     16
   -4.499027    -1.932434    -1.341252            1     16
   -3.302608    -0.736015    -1.341252            1     16
   -3.872735    -0.736015    -1.341252            1     16
   -3.302608    -2.558726    -1.341252            1     16
   -3.872735    -2.558726    -1.341252            1     16
   -3.065361    -1.125061    -1.523873            1     16
   -4.109981    -1.125061    -1.523873            1     16
   -3.065361    -2.169681    -1.523873            1     16
   -4.109981    -2.169681    -1.523873            1     16
   -4.109981    -0.553394     0.092414            1     16
   -3.065361    -0.553394    -0.952207            1     16
   -4.109981    -0.553394    -0.952207            1     16
   -4.109981    -2.741347    -0.952207            1     16
   -4.681648    -1.125061     0.092414            1     16
   -2.493695    -1.125061    -0.952207            1     16
   -4.681648    -1.125061    -0.952207            1     16
   -4.681648    -2.169681    -0.952207            1     16
   -2.956224    -0.488201    -0.429896            1     16
   -4.219118    -0.488201    -0.429896            1     16
   -4.746841    -1.015924    -0.429896            1     16
   -2.956224    -1.647371    -1.589066            1     16
   -4.219118    -1.647371    -1.589066            1     16
   -2.428502    -1.647371    -1.061344            1     16
   -4.746841    -1.647371    -1.061344            1     16
   -3.587671    -1.015924    -1.589066            1     16
   -3.587671    -2.278818    -1.589066            1     16
   -3.587671    -0.488201    -1.061344            1     16
   -3.587671    -2.806540    -1.061344            1     16
   -3.328594    -4.491842     0.187454            1     17
   -4.648594    -5.811842     0.187454            1     17
   -4.648594    -4.491842    -1.132546            1     17
   -3.886491    -5.253945     0.949556            1     17
   -3.886491    -3.729740    -0.574649            1     17
   -3.886491    -5.253945    -0.574649            1     17
   -5.410696    -5.253945    -0.574649            1     17
   -4.404241    -4.247490    -1.086510            1     17
   -4.892946    -4.247490    -1.086510            1     17
   -4.404241    -4.736195    -1.086510            1     17
   -4.892946    -4.736195    -1.086510            1     17
   -4.404241    -5.765806     0.431806            1     17
   -4.892946    -5.765806     0.431806            1     17
   -4.404241    -5.765806    -0.056899            1     17
   -4.892946    -5.765806    -0.056899            1     17
   -3.374630    -4.247490     0.431806            1     17
   -3.374630    -4.736195     0.431806            1     17
   -3.374630    -4.247490    -0.056899            1     17
   -3.374630    -4.736195    -0.056899            1     17
   -3.737238    -5.403198     0.472517            1     17
   -3.737238    -5.403198    -0.097610            1     17
   -5.559949    -5.403198    -0.097610            1     17
   -3.737238    -4.776906     1.098810            1     17
   -3.737238    -4.206779    -0.723902            1     17
   -3.737238    -4.776906    -0.723902            1     17
   -4.363530    -5.403198     1.098810            1     17
   -4.933657    -5.403198     1.098810            1     17
   -4.363530    -5.403198    -0.723902            1     17
   -4.933657    -5.403198    -0.723902            1     17
   -4.126284    -5.014152     1.281430            1     17
   -4.126284    -3.969532    -0.906523            1     17
   -4.126284    -5.014152    -0.906523            1     17
   -5.170904    -5.014152    -0.906523            1     17
   -4.126284    -5.585819     0.709764            1     17
   -5.170904    -5.585819     0.709764            1     17
   -4.126284    -5.585819    -0.334856            1     17
   -5.170904    -5.585819    -0.334856            1     17
   -3.554617    -5.014152     0.709764            1     17
   -3.554617    -3.969532    -0.334856            1     17
   -3.554617    -5.014152    -0.334856            1     17
   -4.017147    -5.651012     0.187454            1     17
   -5.280041    -5.651012     0.187454            1     17
   -3.489424    -5.123289     0.187454            1     17
   -4.017147    -4.491842     1.346624            1     17
   -4.017147    -4.491842    -0.971716            1     17
   -3.489424    -4.491842     0.818901            1     17
   -3.489424    -4.491842    -0.443993            1     17
   -4.648594    -5.123289     1.346624            1     17
   -4.648594    -5.123289    -0.971716            1     17
   -4.648594    -5.651012     0.818901            1     17
   -4.648594    -5.651012    -0.443993            1     17
   -6.952555    -3.184453    -0.458165            1     18
   -5.632555    -1.864453    -0.458165            1     18
   -5.632555    -3.184453    -1.778165            1     18
   -4.870452    -2.422351    -1.220268            1     18
   -6.394657    -2.422351    -1.220268            1     18
   -4.870452    -3.946555    -1.220268            1     18
   -6.394657    -3.946555    -1.220268            1     18
   -5.388202    -2.940100    -1.732129            1     18
   -5.876907    -2.940100    -1.732129            1     18
   -5.388202    -3.428806    -1.732129            1     18
   -5.876907    -3.428806    -1.732129            1     18
   -5.388202    -1.910489    -0.213813            1     18
   -5.876907    -1.910489    -0.213813            1     18
   -5.388202    -1.910489    -0.702518            1     18
   -5.876907    -1.910489    -0.702518            1     18
   -6.906518    -2.940100    -0.213813            1     18
   -6.906518    -2.940100    -0.702518            1     18
   -6.906518    -3.428806    -0.702518            1     18
   -6.543910    -2.273097    -0.173102            1     18
   -4.721199    -2.273097    -0.743229            1     18
   -6.543910    -2.273097    -0.743229            1     18
   -4.721199    -2.899389    -1.369521            1     18
   -6.543910    -2.899389    -1.369521            1     18
   -4.721199    -3.469517    -1.369521            1     18
   -6.543910    -3.469517    -1.369521            1     18
   -5.347491    -2.273097    -1.369521            1     18
   -5.917618    -2.273097    -1.369521            1     18
   -5.347491    -4.095809    -1.369521            1     18
   -5.917618    -4.095809    -1.369521            1     18
   -5.110244    -2.662143    -1.552142            1     18
   -6.154865    -2.662143    -1.552142            1     18
   -5.110244    -3.706763    -1.552142            1     18
   -6.154865    -3.706763    -1.552142            1     18
   -6.154865    -2.090477     0.064145            1     18
   -5.110244    -2.090477    -0.980475            1     18
   -6.154865    -2.090477    -0.980475            1     18
   -6.726531    -2.662143     0.064145            1     18
   -4.538578    -2.662143    -0.980475            1     18
   -6.726531    -2.662143    -0.980475            1     18
   -6.726531    -3.706763    -0.980475            1     18
   -5.001107    -2.025283    -0.458165            1     18
   -6.264002    -2.025283    -0.458165            1     18
   -6.791724    -2.553006    -0.458165            1     18
   -5.001107    -3.184453    -1.617335            1     18
   -6.264002    -3.184453    -1.617335            1     18
   -4.473385    -3.184453    -1.089612            1     18
   -6.791724    -3.184453    -1.089612            1     18
   -5.632555    -2.553006    -1.617335            1     18
   -5.632555    -3.815900    -1.617335            1     18
   -5.632555    -2.025283    -1.089612            1     18
   -5.632555    -4.343623    -1.089612            1     18
