# Atoms array:
     x           y            z                   Z     indx
   -3.683277     2.009865     0.457215            6      0
   -0.247435     1.212546    -0.427532            6      1
   -1.289707     0.902823    -0.373037            1      2
   -3.349187     2.221396     1.459789            1      3
   -3.803263     2.863794    -0.189169            1      4
   -0.131775     2.915517     0.113936           16      5
    0.363569     0.593117     0.224733            1      6
    0.112343     1.143362    -1.451104            1      7
   -3.918387     0.781622     0.042981            6      8
   -3.796784    -0.073540     0.688943            1      9
   -4.249566     0.570350    -0.961250            1     10

# Gridpoints array:
     x           y            z                   Z     indx
   -5.723277     2.009865     0.457215            6      0
   -3.683277     4.049865     0.457215            6      0
   -3.683277     2.009865     2.497215            6      0
   -3.683277     2.009865    -1.582785            6      0
   -2.505482     3.187660     1.635010            6      0
   -4.861072     3.187660     1.635010            6      0
   -2.505482     0.832071     1.635010            6      0
   -4.861072     0.832071     1.635010            6      0
   -2.505482     3.187660    -0.720579            6      0
   -4.861072     3.187660    -0.720579            6      0
   -2.505482     0.832071    -0.720579            6      0
   -3.305641     2.387501     2.426068            6      0
   -4.060913     2.387501     2.426068            6      0
   -3.305641     1.632229     2.426068            6      0
   -4.060913     1.632229     2.426068            6      0
   -3.305641     2.387501    -1.511638            6      0
   -4.060913     2.387501    -1.511638            6      0
   -3.305641     1.632229    -1.511638            6      0
   -4.060913     1.632229    -1.511638            6      0
   -3.305641     3.978718     0.834851            6      0
   -4.060913     3.978718     0.834851            6      0
   -3.305641     3.978718     0.079579            6      0
   -4.060913     3.978718     0.079579            6      0
   -1.714424     2.387501     0.834851            6      0
   -5.652130     2.387501     0.834851            6      0
   -1.714424     1.632229     0.834851            6      0
   -5.652130     1.632229     0.834851            6      0
   -5.652130     2.387501     0.079579            6      0
   -5.652130     1.632229     0.079579            6      0
   -2.274818     3.418324     0.897768            6      0
   -5.091736     3.418324     0.897768            6      0
   -2.274818     0.601406     0.897768            6      0
   -2.274818     3.418324     0.016662            6      0
   -5.091736     3.418324     0.016662            6      0
   -2.274818     0.601406     0.016662            6      0
   -2.274818     2.450418     1.865674            6      0
   -5.091736     2.450418     1.865674            6      0
   -2.274818     1.569312     1.865674            6      0
   -5.091736     1.569312     1.865674            6      0
   -2.274818     2.450418    -0.951244            6      0
   -5.091736     2.450418    -0.951244            6      0
   -2.274818     1.569312    -0.951244            6      0
   -5.091736     1.569312    -0.951244            6      0
   -3.242724     3.418324     1.865674            6      0
   -4.123830     3.418324     1.865674            6      0
   -3.242724     0.601406     1.865674            6      0
   -4.123830     0.601406     1.865674            6      0
   -3.242724     3.418324    -0.951244            6      0
   -4.123830     3.418324    -0.951244            6      0
   -2.876070     2.817072     2.147906            6      0
   -4.490484     2.817072     2.147906            6      0
   -2.876070     1.202659     2.147906            6      0
   -4.490484     1.202659     2.147906            6      0
   -2.876070     2.817072    -1.233476            6      0
   -4.490484     2.817072    -1.233476            6      0
   -2.876070     1.202659    -1.233476            6      0
   -2.876070     3.700556     1.264422            6      0
   -4.490484     3.700556     1.264422            6      0
   -2.876070     0.319174     1.264422            6      0
   -2.876070     3.700556    -0.349991            6      0
   -4.490484     3.700556    -0.349991            6      0
   -1.992586     2.817072     1.264422            6      0
   -5.373968     2.817072     1.264422            6      0
   -1.992586     1.202659     1.264422            6      0
   -5.373968     1.202659     1.264422            6      0
   -1.992586     2.817072    -0.349991            6      0
   -5.373968     2.817072    -0.349991            6      0
   -5.373968     1.202659    -0.349991            6      0
   -2.707404     3.801309     0.457215            6      0
   -4.659150     3.801309     0.457215            6      0
   -1.891833     2.985738     0.457215            6      0
   -5.474721     2.985738     0.457215            6      0
   -1.891833     1.033992     0.457215            6      0
   -5.474721     1.033992     0.457215            6      0
   -2.707404     2.009865     2.248659            6      0
   -4.659150     2.009865     2.248659            6      0
   -2.707404     2.009865    -1.334229            6      0
   -4.659150     2.009865    -1.334229            6      0
   -1.891833     2.009865     1.433088            6      0
   -5.474721     2.009865     1.433088            6      0
   -1.891833     2.009865    -0.518658            6      0
   -5.474721     2.009865    -0.518658            6      0
   -3.683277     2.985738     2.248659            6      0
   -3.683277     1.033992     2.248659            6      0
   -3.683277     2.985738    -1.334229            6      0
   -3.683277     3.801309     1.433088            6      0
   -3.683277     3.801309    -0.518658            6      0
    1.792565     1.212546    -0.427532            6      1
   -0.247435    -0.827454    -0.427532            6      1
   -0.247435     1.212546     1.612468            6      1
   -0.247435     1.212546    -2.467532            6      1
    0.930360     0.034751     0.750262            6      1
   -1.425230     0.034751     0.750262            6      1
    0.930360     2.390340    -1.605327            6      1
   -1.425230     2.390340    -1.605327            6      1
    0.930360     0.034751    -1.605327            6      1
   -1.425230     0.034751    -1.605327            6      1
    0.130201     1.590182     1.541321            6      1
   -0.625071     1.590182     1.541321            6      1
    0.130201     0.834910     1.541321            6      1
   -0.625071     0.834910     1.541321            6      1
    0.130201     1.590182    -2.396385            6      1
   -0.625071     1.590182    -2.396385            6      1
    0.130201     0.834910    -2.396385            6      1
   -0.625071     0.834910    -2.396385            6      1
    0.130201    -0.756307    -0.049897            6      1
   -0.625071    -0.756307    -0.049897            6      1
    0.130201    -0.756307    -0.805168            6      1
   -0.625071    -0.756307    -0.805168            6      1
    1.721418     1.590182    -0.049897            6      1
    1.721418     0.834910    -0.049897            6      1
    1.721418     1.590182    -0.805168            6      1
   -2.216288     1.590182    -0.805168            6      1
    1.721418     0.834910    -0.805168            6      1
   -2.216288     0.834910    -0.805168            6      1
    1.161024    -0.195913     0.013020            6      1
   -1.655894    -0.195913     0.013020            6      1
    1.161024     2.621005    -0.868085            6      1
   -1.655894     2.621005    -0.868085            6      1
    1.161024    -0.195913    -0.868085            6      1
   -1.655894    -0.195913    -0.868085            6      1
    1.161024     1.653099     0.980927            6      1
   -1.655894     1.653099     0.980927            6      1
    1.161024     0.771993     0.980927            6      1
   -1.655894     0.771993     0.980927            6      1
    1.161024     1.653099    -1.835991            6      1
   -1.655894     1.653099    -1.835991            6      1
    1.161024     0.771993    -1.835991            6      1
   -1.655894     0.771993    -1.835991            6      1
    0.193118    -0.195913     0.980927            6      1
   -0.687988    -0.195913     0.980927            6      1
    0.193118     2.621005    -1.835991            6      1
   -0.687988     2.621005    -1.835991            6      1
    0.193118    -0.195913    -1.835991            6      1
   -0.687988    -0.195913    -1.835991            6      1
   -1.054642     2.019752     1.263158            6      1
    0.559772     0.405339     1.263158            6      1
   -1.054642     0.405339     1.263158            6      1
    0.559772     2.019752    -2.118223            6      1
   -1.054642     2.019752    -2.118223            6      1
    0.559772     0.405339    -2.118223            6      1
   -1.054642     0.405339    -2.118223            6      1
    0.559772    -0.478145     0.379674            6      1
   -1.054642    -0.478145     0.379674            6      1
   -1.054642     2.903237    -1.234739            6      1
    0.559772    -0.478145    -1.234739            6      1
   -1.054642    -0.478145    -1.234739            6      1
    1.443256     2.019752     0.379674            6      1
   -1.938126     2.019752     0.379674            6      1
    1.443256     0.405339     0.379674            6      1
   -1.938126     0.405339     0.379674            6      1
    1.443256     2.019752    -1.234739            6      1
   -1.938126     2.019752    -1.234739            6      1
    1.443256     0.405339    -1.234739            6      1
   -1.938126     0.405339    -1.234739            6      1
    0.728438    -0.578898    -0.427532            6      1
   -1.223308    -0.578898    -0.427532            6      1
    1.544009     2.188419    -0.427532            6      1
   -2.038879     2.188419    -0.427532            6      1
    1.544009     0.236673    -0.427532            6      1
   -2.038879     0.236673    -0.427532            6      1
    0.728438     1.212546     1.363912            6      1
   -1.223308     1.212546     1.363912            6      1
    0.728438     1.212546    -2.218977            6      1
   -1.223308     1.212546    -2.218977            6      1
    1.544009     1.212546     0.548340            6      1
   -2.038879     1.212546     0.548340            6      1
    1.544009     1.212546    -1.403405            6      1
   -2.038879     1.212546    -1.403405            6      1
   -0.247435     0.236673     1.363912            6      1
   -0.247435     2.188419    -2.218977            6      1
   -0.247435     0.236673    -2.218977            6      1
   -0.247435    -0.578898     0.548340            6      1
   -0.247435    -0.578898    -1.403405            6      1
   -1.289707    -0.417177    -0.373037            1      2
   -2.051809     0.140720     0.389065            1      2
   -2.051809     1.664925    -1.135139            1      2
   -2.051809     0.140720    -1.135139            1      2
   -1.534060     1.147175     0.900927            1      2
   -1.534060     0.658470     0.900927            1      2
   -1.534060     1.147175    -1.647001            1      2
   -1.534060     0.658470    -1.647001            1      2
   -1.045354    -0.371141    -0.128684            1      2
   -1.534060    -0.371141    -0.128684            1      2
   -1.045354    -0.371141    -0.617390            1      2
   -1.534060    -0.371141    -0.617390            1      2
   -2.201063    -0.008533    -0.087973            1      2
   -2.201063     1.814178    -0.658101            1      2
   -2.201063    -0.008533    -0.658101            1      2
   -2.201063     0.617759     0.538319            1      2
   -2.201063     1.187886    -1.284393            1      2
   -2.201063     0.617759    -1.284393            1      2
   -1.004643    -0.008533     0.538319            1      2
   -1.574771    -0.008533     0.538319            1      2
   -1.574771     1.814178    -1.284393            1      2
   -1.574771    -0.008533    -1.284393            1      2
   -1.812017     1.425133     0.720939            1      2
   -1.812017     0.380513     0.720939            1      2
   -1.812017     1.425133    -1.467013            1      2
   -1.812017     0.380513    -1.467013            1      2
   -1.812017    -0.191154     0.149273            1      2
   -1.812017     1.996799    -0.895347            1      2
   -1.812017    -0.191154    -0.895347            1      2
   -2.383683     1.425133    -0.895347            1      2
   -2.383683     0.380513    -0.895347            1      2
   -1.921154     2.061992    -0.373037            1      2
   -1.921154    -0.256347    -0.373037            1      2
   -1.921154     0.902823     0.786133            1      2
   -1.921154     0.902823    -1.532207            1      2
   -2.448877     0.902823    -1.004484            1      2
   -1.289707     0.271376     0.786133            1      2
   -1.289707     0.271376    -1.532207            1      2
   -1.289707    -0.256347     0.258410            1      2
   -1.289707    -0.256347    -1.004484            1      2
   -2.029187     2.221396     1.459789            1      3
   -3.349187     3.541396     1.459789            1      3
   -3.349187     2.221396     2.779789            1      3
   -2.587085     2.983499     2.221892            1      3
   -4.111289     2.983499     2.221892            1      3
   -2.587085     1.459294     2.221892            1      3
   -4.111289     1.459294     2.221892            1      3
   -3.104834     2.465749     2.733753            1      3
   -3.593540     2.465749     2.733753            1      3
   -3.104834     1.977044     2.733753            1      3
   -3.593540     1.977044     2.733753            1      3
   -3.104834     3.495360     1.704142            1      3
   -3.593540     3.495360     1.704142            1      3
   -3.104834     3.495360     1.215437            1      3
   -2.075223     2.465749     1.704142            1      3
   -2.075223     1.977044     1.704142            1      3
   -2.075223     2.465749     1.215437            1      3
   -2.075223     1.977044     1.215437            1      3
   -2.437831     3.132752     1.744853            1      3
   -4.260543     3.132752     1.744853            1      3
   -2.437831     1.310040     1.744853            1      3
   -2.437831     3.132752     1.174726            1      3
   -2.437831     2.506460     2.371145            1      3
   -4.260543     2.506460     2.371145            1      3
   -2.437831     1.936333     2.371145            1      3
   -4.260543     1.936333     2.371145            1      3
   -3.064123     3.132752     2.371145            1      3
   -3.634251     3.132752     2.371145            1      3
   -3.064123     1.310040     2.371145            1      3
   -3.634251     1.310040     2.371145            1      3
   -2.826877     2.743706     2.553766            1      3
   -3.871497     2.743706     2.553766            1      3
   -2.826877     1.699086     2.553766            1      3
   -3.871497     1.699086     2.553766            1      3
   -2.826877     3.315373     1.982099            1      3
   -3.871497     3.315373     1.982099            1      3
   -2.826877     1.127420     1.982099            1      3
   -3.871497     1.127420     1.982099            1      3
   -2.255211     2.743706     1.982099            1      3
   -4.443163     2.743706     1.982099            1      3
   -2.255211     1.699086     1.982099            1      3
   -4.443163     1.699086     1.982099            1      3
   -2.717740     3.380566     1.459789            1      3
   -3.980634     3.380566     1.459789            1      3
   -2.190017     2.852843     1.459789            1      3
   -2.190017     1.589949     1.459789            1      3
   -2.717740     2.221396     2.618959            1      3
   -3.980634     2.221396     2.618959            1      3
   -2.190017     2.221396     2.091236            1      3
   -4.508357     2.221396     2.091236            1      3
   -3.349187     2.852843     2.618959            1      3
   -3.349187     1.589949     2.618959            1      3
   -3.349187     3.380566     2.091236            1      3
   -3.349187     1.062226     2.091236            1      3
   -3.803263     4.183794    -0.189169            1      4
   -3.803263     2.863794    -1.509169            1      4
   -3.041161     3.625897     0.572934            1      4
   -4.565365     3.625897     0.572934            1      4
   -3.041161     3.625897    -0.951271            1      4
   -4.565365     3.625897    -0.951271            1      4
   -3.558910     3.108147    -1.463132            1      4
   -4.047616     3.108147    -1.463132            1      4
   -3.558910     2.619442    -1.463132            1      4
   -4.047616     2.619442    -1.463132            1      4
   -3.558910     4.137758     0.055184            1      4
   -4.047616     4.137758     0.055184            1      4
   -3.558910     4.137758    -0.433521            1      4
   -4.047616     4.137758    -0.433521            1      4
   -5.077227     3.108147     0.055184            1      4
   -2.529299     3.108147    -0.433521            1      4
   -5.077227     3.108147    -0.433521            1      4
   -5.077227     2.619442    -0.433521            1      4
   -2.891907     3.775150     0.095895            1      4
   -4.714619     3.775150     0.095895            1      4
   -2.891907     3.775150    -0.474232            1      4
   -4.714619     3.775150    -0.474232            1      4
   -2.891907     3.148858    -1.100524            1      4
   -4.714619     3.148858    -1.100524            1      4
   -2.891907     2.578731    -1.100524            1      4
   -4.714619     2.578731    -1.100524            1      4
   -3.518199     3.775150     0.722187            1      4
   -4.088327     3.775150     0.722187            1      4
   -3.518199     3.775150    -1.100524            1      4
   -4.088327     3.775150    -1.100524            1      4
   -3.280953     3.386104    -1.283145            1      4
   -4.325573     3.386104    -1.283145            1      4
   -3.280953     2.341484    -1.283145            1      4
   -4.325573     2.341484    -1.283145            1      4
   -3.280953     3.957771     0.333142            1      4
   -4.325573     3.957771     0.333142            1      4
   -3.280953     3.957771    -0.711479            1      4
   -4.325573     3.957771    -0.711479            1      4
   -4.897239     3.386104     0.333142            1      4
   -2.709287     3.386104    -0.711479            1      4
   -4.897239     3.386104    -0.711479            1      4
   -4.897239     2.341484    -0.711479            1      4
   -3.171816     4.022964    -0.189169            1      4
   -4.434710     4.022964    -0.189169            1      4
   -2.644093     3.495241    -0.189169            1      4
   -4.962433     3.495241    -0.189169            1      4
   -3.171816     2.863794    -1.348338            1      4
   -4.434710     2.863794    -1.348338            1      4
   -2.644093     2.863794    -0.820616            1      4
   -4.962433     2.863794    -0.820616            1      4
   -3.803263     3.495241    -1.348338            1      4
   -3.803263     2.232347    -1.348338            1      4
   -3.803263     4.022964     0.442279            1      4
   -3.803263     4.022964    -0.820616            1      4
    2.028225     2.915517     0.113936           16      5
   -2.291775     2.915517     0.113936           16      5
   -0.131775     5.075517     0.113936           16      5
   -0.131775     2.915517     2.273936           16      5
   -0.131775     2.915517    -2.046064           16      5
    1.115302     4.162593     1.361012           16      5
   -1.378851     4.162593     1.361012           16      5
    1.115302     1.668440     1.361012           16      5
   -1.378851     1.668440     1.361012           16      5
    1.115302     4.162593    -1.133141           16      5
   -1.378851     4.162593    -1.133141           16      5
    1.115302     1.668440    -1.133141           16      5
    0.268075     3.315367     2.198603           16      5
   -0.531625     3.315367     2.198603           16      5
    0.268075     2.515667     2.198603           16      5
   -0.531625     2.515667     2.198603           16      5
    0.268075     3.315367    -1.970732           16      5
   -0.531625     3.315367    -1.970732           16      5
    0.268075     2.515667    -1.970732           16      5
   -0.531625     2.515667    -1.970732           16      5
    0.268075     5.000185     0.513785           16      5
   -0.531625     5.000185     0.513785           16      5
    0.268075     5.000185    -0.285914           16      5
   -0.531625     5.000185    -0.285914           16      5
    1.952893     3.315367     0.513785           16      5
   -2.216443     3.315367     0.513785           16      5
    1.952893     2.515667     0.513785           16      5
   -2.216443     2.515667     0.513785           16      5
    1.952893     3.315367    -0.285914           16      5
   -2.216443     3.315367    -0.285914           16      5
    1.952893     2.515667    -0.285914           16      5
   -2.216443     2.515667    -0.285914           16      5
    1.359535     4.406826     0.580403           16      5
   -1.623084     4.406826     0.580403           16      5
    1.359535     1.424207     0.580403           16      5
   -1.623084     1.424207     0.580403           16      5
    1.359535     4.406826    -0.352532           16      5
   -1.623084     4.406826    -0.352532           16      5
    1.359535     1.424207    -0.352532           16      5
    1.359535     3.381985     1.605245           16      5
   -1.623084     3.381985     1.605245           16      5
    1.359535     2.449049     1.605245           16      5
   -1.623084     2.449049     1.605245           16      5
    1.359535     3.381985    -1.377374           16      5
   -1.623084     3.381985    -1.377374           16      5
    1.359535     2.449049    -1.377374           16      5
   -1.623084     2.449049    -1.377374           16      5
    0.334693     4.406826     1.605245           16      5
   -0.598243     4.406826     1.605245           16      5
    0.334693     1.424207     1.605245           16      5
   -0.598243     1.424207     1.605245           16      5
    0.334693     4.406826    -1.377374           16      5
   -0.598243     4.406826    -1.377374           16      5
    0.722914     3.770206     1.904079           16      5
   -0.986464     3.770206     1.904079           16      5
    0.722914     2.060828     1.904079           16      5
   -0.986464     2.060828     1.904079           16      5
    0.722914     3.770206    -1.676208           16      5
   -0.986464     3.770206    -1.676208           16      5
    0.722914     2.060828    -1.676208           16      5
   -0.986464     2.060828    -1.676208           16      5
    0.722914     4.705660     0.968625           16      5
   -0.986464     4.705660     0.968625           16      5
    0.722914     1.125374     0.968625           16      5
   -0.986464     1.125374     0.968625           16      5
    0.722914     4.705660    -0.740754           16      5
   -0.986464     4.705660    -0.740754           16      5
    1.658368     3.770206     0.968625           16      5
   -1.921918     3.770206     0.968625           16      5
    1.658368     2.060828     0.968625           16      5
   -1.921918     2.060828     0.968625           16      5
    1.658368     3.770206    -0.740754           16      5
   -1.921918     3.770206    -0.740754           16      5
    1.658368     2.060828    -0.740754           16      5
   -1.921918     2.060828    -0.740754           16      5
    0.901502     4.812340     0.113936           16      5
   -1.165052     4.812340     0.113936           16      5
    1.765048     3.948794     0.113936           16      5
   -2.028598     3.948794     0.113936           16      5
    1.765048     1.882240     0.113936           16      5
   -2.028598     1.882240     0.113936           16      5
    0.901502     2.915517     2.010759           16      5
   -1.165052     2.915517     2.010759           16      5
    0.901502     2.915517    -1.782888           16      5
   -1.165052     2.915517    -1.782888           16      5
    1.765048     2.915517     1.147213           16      5
   -2.028598     2.915517     1.147213           16      5
    1.765048     2.915517    -0.919342           16      5
   -2.028598     2.915517    -0.919342           16      5
   -0.131775     3.948794     2.010759           16      5
   -0.131775     1.882240     2.010759           16      5
   -0.131775     3.948794    -1.782888           16      5
   -0.131775     4.812340     1.147213           16      5
   -0.131775     1.018694     1.147213           16      5
   -0.131775     4.812340    -0.919342           16      5
    1.683569     0.593117     0.224733            1      6
    0.363569    -0.726883     0.224733            1      6
    0.363569     0.593117     1.544733            1      6
    1.125671     1.355220     0.986836            1      6
    1.125671    -0.168985     0.986836            1      6
   -0.398534    -0.168985     0.986836            1      6
    1.125671    -0.168985    -0.537369            1      6
    0.607921     0.837470     1.498697            1      6
    0.119216     0.837470     1.498697            1      6
    0.607921     0.348765     1.498697            1      6
    0.119216     0.348765     1.498697            1      6
    0.607921    -0.680846     0.469086            1      6
    0.119216    -0.680846     0.469086            1      6
    0.607921    -0.680846    -0.019619            1      6
    0.119216    -0.680846    -0.019619            1      6
    1.637532     0.837470     0.469086            1      6
    1.637532     0.348765     0.469086            1      6
    1.637532     0.837470    -0.019619            1      6
    1.637532     0.348765    -0.019619            1      6
    1.274924     1.504473     0.509797            1      6
    1.274924    -0.318239     0.509797            1      6
   -0.547787    -0.318239     0.509797            1      6
    1.274924    -0.318239    -0.060330            1      6
    1.274924     0.878181     1.136089            1      6
    1.274924     0.308054     1.136089            1      6
   -0.547787     0.308054     1.136089            1      6
    1.274924     0.308054    -0.686623            1      6
    0.648632    -0.318239     1.136089            1      6
    0.078505    -0.318239     1.136089            1      6
    0.648632    -0.318239    -0.686623            1      6
    0.885879     1.115427     1.318710            1      6
   -0.158741     1.115427     1.318710            1      6
    0.885879     0.070807     1.318710            1      6
   -0.158741     0.070807     1.318710            1      6
    0.885879    -0.500859     0.747043            1      6
   -0.158741    -0.500859     0.747043            1      6
    0.885879    -0.500859    -0.297577            1      6
   -0.158741    -0.500859    -0.297577            1      6
    1.457545     1.115427     0.747043            1      6
    1.457545     0.070807     0.747043            1      6
   -0.730408     0.070807     0.747043            1      6
    1.457545     1.115427    -0.297577            1      6
    1.457545     0.070807    -0.297577            1      6
    0.995016    -0.566053     0.224733            1      6
   -0.267878    -0.566053     0.224733            1      6
    1.522738     1.224564     0.224733            1      6
    1.522738    -0.038330     0.224733            1      6
    0.995016     0.593117     1.383903            1      6
   -0.267878     0.593117     1.383903            1      6
    1.522738     0.593117     0.856180            1      6
    1.522738     0.593117    -0.406714            1      6
    0.363569     1.224564     1.383903            1      6
    0.363569    -0.038330     1.383903            1      6
    0.363569    -0.566053     0.856180            1      6
    0.363569    -0.566053    -0.406714            1      6
    1.432343     1.143362    -1.451104            1      7
    0.112343     1.143362    -2.771104            1      7
    0.874445     1.905464    -2.213206            1      7
   -0.649760     1.905464    -2.213206            1      7
    0.874445     0.381260    -2.213206            1      7
   -0.649760     0.381260    -2.213206            1      7
    0.356695     1.387715    -2.725067            1      7
   -0.132010     1.387715    -2.725067            1      7
    0.356695     0.899009    -2.725067            1      7
   -0.132010     0.899009    -2.725067            1      7
    0.356695     2.417326    -1.695456            1      7
    0.356695    -0.130602    -1.695456            1      7
   -0.132010    -0.130602    -1.695456            1      7
    1.386306     1.387715    -1.206751            1      7
    1.386306     0.899009    -1.206751            1      7
    1.386306     1.387715    -1.695456            1      7
    1.386306     0.899009    -1.695456            1      7
    1.023699     0.232006    -1.166040            1      7
    1.023699     2.054718    -1.736167            1      7
    1.023699     0.232006    -1.736167            1      7
   -0.799013     0.232006    -1.736167            1      7
    1.023699     1.428426    -2.362459            1      7
   -0.799013     1.428426    -2.362459            1      7
    1.023699     0.858298    -2.362459            1      7
   -0.799013     0.858298    -2.362459            1      7
    0.397406     2.054718    -2.362459            1      7
   -0.172721     2.054718    -2.362459            1      7
    0.397406     0.232006    -2.362459            1      7
   -0.172721     0.232006    -2.362459            1      7
    0.634653     1.665672    -2.545080            1      7
   -0.409967     1.665672    -2.545080            1      7
    0.634653     0.621052    -2.545080            1      7
   -0.409967     0.621052    -2.545080            1      7
    0.634653     2.237338    -1.973414            1      7
   -0.409967     2.237338    -1.973414            1      7
    0.634653     0.049386    -1.973414            1      7
   -0.409967     0.049386    -1.973414            1      7
    1.206319     1.665672    -1.973414            1      7
   -0.981634     1.665672    -1.973414            1      7
    1.206319     0.621052    -1.973414            1      7
   -0.981634     0.621052    -1.973414            1      7
    0.743790    -0.015808    -1.451104            1      7
    1.271512     1.774809    -1.451104            1      7
    1.271512     0.511915    -1.451104            1      7
    0.743790     1.143362    -2.610273            1      7
   -0.519104     1.143362    -2.610273            1      7
    1.271512     1.143362    -2.082551            1      7
   -1.046827     1.143362    -2.082551            1      7
    0.112343     1.774809    -2.610273            1      7
    0.112343     0.511915    -2.610273            1      7
    0.112343     2.302532    -2.082551            1      7
    0.112343    -0.015808    -2.082551            1      7
   -5.958387     0.781622     0.042981            6      8
   -3.918387    -1.258378     0.042981            6      8
   -3.918387     0.781622     2.082981            6      8
   -3.918387     0.781622    -1.997019            6      8
   -5.096181     1.959416     1.220775            6      8
   -2.740592    -0.396173     1.220775            6      8
   -5.096181    -0.396173     1.220775            6      8
   -2.740592     1.959416    -1.134814            6      8
   -5.096181     1.959416    -1.134814            6      8
   -2.740592    -0.396173    -1.134814            6      8
   -5.096181    -0.396173    -1.134814            6      8
   -3.540751     1.159258     2.011834            6      8
   -4.296023     1.159258     2.011834            6      8
   -3.540751     0.403986     2.011834            6      8
   -4.296023     0.403986     2.011834            6      8
   -3.540751     1.159258    -1.925872            6      8
   -4.296023     1.159258    -1.925872            6      8
   -3.540751     0.403986    -1.925872            6      8
   -4.296023     0.403986    -1.925872            6      8
   -3.540751    -1.187231     0.420617            6      8
   -4.296023    -1.187231     0.420617            6      8
   -3.540751    -1.187231    -0.334655            6      8
   -4.296023    -1.187231    -0.334655            6      8
   -1.949534     1.159258     0.420617            6      8
   -5.887240     1.159258     0.420617            6      8
   -1.949534     0.403986     0.420617            6      8
   -5.887240     0.403986     0.420617            6      8
   -5.887240     1.159258    -0.334655            6      8
   -5.887240     0.403986    -0.334655            6      8
   -5.326846     2.190081     0.483534            6      8
   -2.509928    -0.626837     0.483534            6      8
   -5.326846    -0.626837     0.483534            6      8
   -5.326846     2.190081    -0.397572            6      8
   -2.509928    -0.626837    -0.397572            6      8
   -5.326846    -0.626837    -0.397572            6      8
   -2.509928     1.222175     1.451440            6      8
   -5.326846     1.222175     1.451440            6      8
   -2.509928     0.341069     1.451440            6      8
   -5.326846     0.341069     1.451440            6      8
   -2.509928     1.222175    -1.365478            6      8
   -5.326846     1.222175    -1.365478            6      8
   -2.509928     0.341069    -1.365478            6      8
   -5.326846     0.341069    -1.365478            6      8
   -3.477834    -0.626837     1.451440            6      8
   -4.358939    -0.626837     1.451440            6      8
   -3.477834     2.190081    -1.365478            6      8
   -4.358939     2.190081    -1.365478            6      8
   -3.477834    -0.626837    -1.365478            6      8
   -4.358939    -0.626837    -1.365478            6      8
   -4.725593     1.588828     1.733672            6      8
   -3.111180    -0.025585     1.733672            6      8
   -4.725593    -0.025585     1.733672            6      8
   -3.111180     1.588828    -1.647710            6      8
   -4.725593     1.588828    -1.647710            6      8
   -3.111180    -0.025585    -1.647710            6      8
   -4.725593    -0.025585    -1.647710            6      8
   -3.111180    -0.909069     0.850187            6      8
   -4.725593    -0.909069     0.850187            6      8
   -4.725593     2.472312    -0.764226            6      8
   -3.111180    -0.909069    -0.764226            6      8
   -4.725593    -0.909069    -0.764226            6      8
   -2.227696     1.588828     0.850187            6      8
   -5.609077     1.588828     0.850187            6      8
   -2.227696    -0.025585     0.850187            6      8
   -5.609077    -0.025585     0.850187            6      8
   -2.227696     1.588828    -0.764226            6      8
   -5.609077     1.588828    -0.764226            6      8
   -2.227696    -0.025585    -0.764226            6      8
   -5.609077    -0.025585    -0.764226            6      8
   -2.942514    -1.009823     0.042981            6      8
   -4.894259    -1.009823     0.042981            6      8
   -2.126942     1.757494     0.042981            6      8
   -5.709831     1.757494     0.042981            6      8
   -2.126942    -0.194251     0.042981            6      8
   -5.709831    -0.194251     0.042981            6      8
   -2.942514     0.781622     1.834425            6      8
   -4.894259     0.781622     1.834425            6      8
   -2.942514     0.781622    -1.748463            6      8
   -4.894259     0.781622    -1.748463            6      8
   -2.126942     0.781622     1.018854            6      8
   -5.709831     0.781622     1.018854            6      8
   -2.126942     0.781622    -0.932892            6      8
   -5.709831     0.781622    -0.932892            6      8
   -3.918387    -0.194251     1.834425            6      8
   -3.918387     1.757494    -1.748463            6      8
   -3.918387    -0.194251    -1.748463            6      8
   -3.918387    -1.009823     1.018854            6      8
   -3.918387    -1.009823    -0.932892            6      8
   -3.796784    -1.393540     0.688943            1      9
   -3.796784    -0.073540     2.008943            1      9
   -3.034682    -0.835643     1.451045            1      9
   -4.558887    -0.835643     1.451045            1      9
   -3.034682    -0.835643    -0.073159            1      9
   -4.558887    -0.835643    -0.073159            1      9
   -3.552432     0.170812     1.962907            1      9
   -4.041137     0.170812     1.962907            1      9
   -3.552432    -0.317893     1.962907            1      9
   -4.041137    -0.317893     1.962907            1      9
   -3.552432    -1.347504     0.933296            1      9
   -4.041137    -1.347504     0.933296            1      9
   -3.552432    -1.347504     0.444590            1      9
   -4.041137    -1.347504     0.444590            1      9
   -2.522821     0.170812     0.933296            1      9
   -2.522821    -0.317893     0.933296            1      9
   -5.070748    -0.317893     0.933296            1      9
   -2.522821    -0.317893     0.444590            1      9
   -2.885429    -0.984896     0.974007            1      9
   -4.708140    -0.984896     0.974007            1      9
   -2.885429    -0.984896     0.403879            1      9
   -4.708140    -0.984896     0.403879            1      9
   -2.885429     0.211523     1.600299            1      9
   -4.708140     0.211523     1.600299            1      9
   -2.885429    -0.358604     1.600299            1      9
   -4.708140    -0.358604     1.600299            1      9
   -3.511721    -0.984896     1.600299            1      9
   -4.081848    -0.984896     1.600299            1      9
   -3.511721    -0.984896    -0.222413            1      9
   -4.081848    -0.984896    -0.222413            1      9
   -3.274474     0.448770     1.782919            1      9
   -4.319094     0.448770     1.782919            1      9
   -3.274474    -0.595851     1.782919            1      9
   -4.319094    -0.595851     1.782919            1      9
   -3.274474    -1.167517     1.211253            1      9
   -4.319094    -1.167517     1.211253            1      9
   -3.274474    -1.167517     0.166633            1      9
   -4.319094    -1.167517     0.166633            1      9
   -2.702808     0.448770     1.211253            1      9
   -2.702808    -0.595851     1.211253            1      9
   -4.890761    -0.595851     1.211253            1      9
   -2.702808    -0.595851     0.166633            1      9
   -3.165337    -1.232710     0.688943            1      9
   -4.428232    -1.232710     0.688943            1      9
   -2.637615    -0.704988     0.688943            1      9
   -4.955954    -0.704988     0.688943            1      9
   -3.165337    -0.073540     1.848113            1      9
   -4.428232    -0.073540     1.848113            1      9
   -2.637615    -0.073540     1.320390            1      9
   -4.955954    -0.073540     1.320390            1      9
   -3.796784     0.557907     1.848113            1      9
   -3.796784    -0.704988     1.848113            1      9
   -3.796784    -1.232710     1.320390            1      9
   -3.796784    -1.232710     0.057496            1      9
   -5.569566     0.570350    -0.961250            1     10
   -4.249566    -0.749650    -0.961250            1     10
   -4.249566     0.570350    -2.281250            1     10
   -3.487463     1.332452    -1.723352            1     10
   -5.011668     1.332452    -1.723352            1     10
   -3.487463    -0.191753    -1.723352            1     10
   -5.011668    -0.191753    -1.723352            1     10
   -4.005213     0.814702    -2.235213            1     10
   -4.493918     0.814702    -2.235213            1     10
   -4.005213     0.325997    -2.235213            1     10
   -4.493918     0.325997    -2.235213            1     10
   -4.493918    -0.703614    -0.716897            1     10
   -4.005213    -0.703614    -1.205602            1     10
   -4.493918    -0.703614    -1.205602            1     10
   -5.523529     0.814702    -0.716897            1     10
   -5.523529     0.325997    -0.716897            1     10
   -5.523529     0.814702    -1.205602            1     10
   -5.523529     0.325997    -1.205602            1     10
   -5.160921    -0.341006    -0.676186            1     10
   -5.160921     1.481705    -1.246313            1     10
   -3.338210    -0.341006    -1.246313            1     10
   -5.160921    -0.341006    -1.246313            1     10
   -3.338210     0.855413    -1.872605            1     10
   -5.160921     0.855413    -1.872605            1     10
   -3.338210     0.285286    -1.872605            1     10
   -5.160921     0.285286    -1.872605            1     10
   -3.964502     1.481705    -1.872605            1     10
   -4.534629     1.481705    -1.872605            1     10
   -3.964502    -0.341006    -1.872605            1     10
   -4.534629    -0.341006    -1.872605            1     10
   -3.727255     1.092660    -2.055226            1     10
   -4.771876     1.092660    -2.055226            1     10
   -3.727255     0.048040    -2.055226            1     10
   -4.771876     0.048040    -2.055226            1     10
   -3.727255     1.664326    -1.483560            1     10
   -4.771876     1.664326    -1.483560            1     10
   -3.727255    -0.523627    -1.483560            1     10
   -4.771876    -0.523627    -1.483560            1     10
   -3.155589     1.092660    -1.483560            1     10
   -5.343542     1.092660    -1.483560            1     10
   -3.155589     0.048040    -1.483560            1     10
   -5.343542     0.048040    -1.483560            1     10
   -3.618118    -0.588820    -0.961250            1     10
   -4.881013    -0.588820    -0.961250            1     10
   -5.408735     1.201797    -0.961250            1     10
   -5.408735    -0.061097    -0.961250            1     10
   -3.618118     0.570350    -2.120419            1     10
   -4.881013     0.570350    -2.120419            1     10
   -3.090396     0.570350    -1.592697            1     10
   -5.408735     0.570350    -1.592697            1     10
   -4.249566     1.201797    -2.120419            1     10
   -4.249566    -0.061097    -2.120419            1     10
   -4.249566     1.729519    -1.592697            1     10
   -4.249566    -0.588820    -1.592697            1     10
