$hessian                                                                        
        0.3316712357   0.1515993798  -0.2308458735  -0.0629878849  -0.0592265061
       -0.0067260439   0.0025784775  -0.0040080958   0.0031084064   0.0018099218
       -0.0011024021  -0.0028046742  -0.0012836361  -0.0189693681  -0.0085989855
        0.0007117181   0.0144995404   0.0084528469  -0.0034888983   0.0105289526
        0.0048774681   0.0023204630  -0.0047702309   0.0041868436  -0.0272793126
       -0.0194159447   0.0245711519  -0.0001692360  -0.0017488424  -0.0001979823
       -0.1206529406   0.0348297078   0.1330588068  -0.1231726274  -0.1027775656
        0.0696951347  -0.0001713638   0.0002983579   0.0005858538   0.0003380083
       -0.0001245670  -0.0005906305  -0.0002239248   0.0003875844   0.0012276777
        0.1515993798   0.5779424667   0.1099473331  -0.0219044406  -0.2804600872
       -0.1255866269  -0.0046483518  -0.0005559686   0.0015477618   0.0134440158
       -0.0108702738  -0.0253551035  -0.0450137297  -0.0525960874   0.0261471592
       -0.0000406315  -0.0077379940  -0.0050266157   0.0108991512  -0.0223374173
       -0.0259664945  -0.0041510230  -0.0001375732   0.0006493462   0.0068748466
        0.0324758911   0.0115908496  -0.0018081477   0.0025348185   0.0036807374
       -0.0025407198  -0.0911817962  -0.0302368892  -0.1027367452  -0.1455320530
        0.0600011466  -0.0005381423  -0.0002831252   0.0003927636   0.0004830749
       -0.0006995849  -0.0002227877   0.0000814633  -0.0005612154  -0.0015625801
       -0.2308458735   0.1099473331   0.4727510413   0.0174014016  -0.0749834498
       -0.1116519522   0.0026920143   0.0006945255   0.0035560694   0.0065383097
       -0.0056731134  -0.0123242721  -0.0254446564  -0.0091642308   0.0299307566
       -0.0008883193  -0.0246867636  -0.0146165062   0.0051021119  -0.0254421343
       -0.0282986105   0.0045516875   0.0014352051   0.0024032803   0.0415614700
        0.0471869628  -0.0257052433  -0.0002346431   0.0036287381   0.0031914618
        0.1089300403  -0.0808497302  -0.2387800449   0.0697246249   0.0600528316
       -0.0785020095   0.0000697344  -0.0006743834  -0.0004010194   0.0012121504
       -0.0012116217  -0.0010232807  -0.0003700527  -0.0002601689  -0.0005296705
       -0.0629878849  -0.0219044406   0.0174014016   0.3483181834   0.1624658621
       -0.2211684363  -0.0001663801  -0.0003768766  -0.0000582707   0.0024324467
       -0.0003225595   0.0055606654  -0.1666349393  -0.1467042516   0.0823766500
       -0.0933729403   0.0231646880   0.0971613247  -0.0246872209   0.0087610246
        0.0316998932  -0.0043358536  -0.0035150831   0.0011252927  -0.0083463059
       -0.0144281775  -0.0010873394   0.0036988021  -0.0016944889   0.0020660358
        0.0123613043   0.0128745126  -0.0083043137  -0.0059483121  -0.0190731347
       -0.0077526836   0.0000317275   0.0004397183   0.0002686860  -0.0003735105
        0.0001635599   0.0002749340   0.0000108835   0.0001496470   0.0004361604
       -0.0592265061  -0.2804600872  -0.0749834498   0.1624658621   0.6015876431
        0.0984559195   0.0000502445  -0.0010162668  -0.0006504008  -0.0010110003
        0.0014143592  -0.0020694990  -0.1111743531  -0.2044829933   0.0419118555
        0.0239510456  -0.0586100024  -0.0491014018  -0.0139684120   0.0370468530
        0.0462687174  -0.0182572327  -0.0244538992   0.0100386814  -0.0195397324
       -0.0378264653   0.0035045376   0.0024688170  -0.0022045489  -0.0085264491
        0.0395440985  -0.0106305906  -0.0604434355  -0.0043441070  -0.0224423044
       -0.0069348399  -0.0000931024   0.0008183397   0.0007820474  -0.0009347488
        0.0009753428   0.0004966885   0.0000691270   0.0002846203   0.0012510285
       -0.0067260439  -0.1255866269  -0.1116519522  -0.2211684363   0.0984559195
        0.4708771143   0.0001834950  -0.0001093423  -0.0003849945   0.0051197382
       -0.0029651201  -0.0021751023   0.1053057184   0.0900621148  -0.1205403918
        0.0976508430  -0.0480990580  -0.1960137284   0.0170697718   0.0155349904
       -0.0185487077  -0.0083553136  -0.0098493366   0.0031417661  -0.0043788323
       -0.0034087563   0.0014632601   0.0047045608  -0.0029931322  -0.0023061027
        0.0089062139  -0.0243480645  -0.0276880569   0.0017619393   0.0130288331
        0.0034470988  -0.0001283753  -0.0000543050   0.0001215904  -0.0001615485
        0.0001676912   0.0000272757   0.0002162696   0.0001641931   0.0002309312
        0.0025784775  -0.0046483518   0.0026920143  -0.0001663801   0.0000502445
        0.0001834950   0.4709942378   0.0204718397   0.0142809248  -0.0011906339
        0.0021221718  -0.0011423779   0.0041425786  -0.0022035845   0.0018150505
       -0.0007734594   0.0004739872  -0.0007415664   0.0032608802   0.0035244919
        0.0018985347  -0.0007746598   0.0001940781  -0.0007910462  -0.0959694079
        0.0140497745   0.0613606805  -0.0009026896  -0.0019199890  -0.0013444320
       -0.0157459842   0.0026467182   0.0201744582  -0.0000306153  -0.0001113733
        0.0013869714  -0.1169814037  -0.1033115681   0.0303296110  -0.1170780995
        0.1001624803  -0.0216879007  -0.1313628408  -0.0315009196  -0.1084144170
       -0.0040080958  -0.0005559686   0.0006945255  -0.0003768766  -0.0010162668
       -0.0001093423   0.0204718397   0.5082527500  -0.0042064528   0.0004576085
        0.0009076302   0.0019062347  -0.0020843746  -0.0037278305  -0.0037963584
        0.0004558761  -0.0000301177   0.0003592850   0.0109463137  -0.0081894992
       -0.0220413728   0.0011326500  -0.0008025863  -0.0011136458   0.0129536317
       -0.0744520284  -0.0285664236   0.0015319406  -0.0022352953  -0.0028837342
       -0.0079753066   0.0040902278   0.0148156699  -0.0010721112   0.0001079488
        0.0008453977  -0.1042345105  -0.1905733105   0.0475494869   0.1009253697
       -0.1798098477   0.0281099220  -0.0291239549  -0.0519658058  -0.0315631918
        0.0031084064   0.0015477618   0.0035560694  -0.0000582707  -0.0006504008
       -0.0003849945   0.0142809248  -0.0042064528   0.4497321720  -0.0022121306
       -0.0003181600  -0.0002853374   0.0018667027  -0.0036589130   0.0016307816
       -0.0007473464   0.0003270792  -0.0003078455   0.0066708202  -0.0119584629
       -0.0138089978  -0.0001866732   0.0001587452  -0.0010991701   0.0606741209
       -0.0300460996  -0.1589337071   0.0008884369   0.0017937576  -0.0010171767
        0.0133037192   0.0004116129  -0.0198771417   0.0007779204  -0.0004620240
       -0.0002927150   0.0297414957   0.0463286826  -0.0558235964  -0.0252233877
        0.0329674965  -0.0447752729  -0.1028847386  -0.0322346228  -0.1583130677
        0.0018099218   0.0134440158   0.0065383097   0.0024324467  -0.0010110003
        0.0051197382  -0.0011906339   0.0004576085  -0.0022121306   0.0413709543
        0.0365131904  -0.0007172264   0.0000655336  -0.0001496050   0.0000727044
        0.0001519287   0.0006700487   0.0005058293   0.0032164026  -0.0029164560
        0.0060242156  -0.0009043142   0.0004234219  -0.0007497324  -0.0023032649
       -0.0199658211  -0.0066569998  -0.0012645622  -0.0015478669  -0.0007617389
       -0.0422683807  -0.0277743533  -0.0057361607  -0.0008192766   0.0014373883
       -0.0013007465   0.0001152380   0.0002083367  -0.0001564482  -0.0006775983
        0.0004795368   0.0002997588   0.0002656050  -0.0002684445  -0.0002693723
       -0.0011024021  -0.0108702738  -0.0056731134  -0.0003225595   0.0014143592
       -0.0029651201   0.0021221718   0.0009076302  -0.0003181600   0.0365131904
        0.2581860411   0.1020009327   0.0002998435   0.0010252854   0.0001325340
        0.0001843374  -0.0008113015  -0.0009075888  -0.0039430152   0.0030724674
        0.0014973320   0.0004899248  -0.0003445352   0.0001836452  -0.0067295560
       -0.0269376801  -0.0097379918  -0.0014718745  -0.0034329289   0.0004825188
       -0.0269457271  -0.2240709053  -0.0865974518   0.0010106917   0.0011773019
        0.0009719430   0.0004044388   0.0001572068  -0.0003891070  -0.0006479720
        0.0003725113   0.0000801933   0.0001385078   0.0001548214   0.0012394340
       -0.0028046742  -0.0253551035  -0.0123242721   0.0055606654  -0.0020694990
       -0.0021751023  -0.0011423779   0.0019062347  -0.0002853374  -0.0007172264
        0.1020009327   0.0902328337   0.0003667739   0.0007319179   0.0001646496
        0.0001977708  -0.0015619760  -0.0010624653   0.0052872597   0.0000398575
        0.0019094001  -0.0007038465   0.0002796646  -0.0005296403   0.0019158931
        0.0082435830   0.0050156346  -0.0006594067   0.0006424478   0.0002214696
       -0.0052876252  -0.0855304872  -0.0812941224  -0.0015669754   0.0004049082
       -0.0000801182  -0.0000246823  -0.0001176679  -0.0001372477  -0.0003720473
        0.0003755292   0.0005218172  -0.0000495008   0.0000096578  -0.0001774992
       -0.0012836361  -0.0450137297  -0.0254446564  -0.1666349393  -0.1111743531
        0.1053057184   0.0041425786  -0.0020843746   0.0018667027   0.0000655336
        0.0002998435   0.0003667739   0.3476786939   0.1879428447  -0.2236975904
       -0.0120006954  -0.0104815589   0.0114985380  -0.1034201162  -0.0058568446
        0.0652359490  -0.0395176564  -0.0292537775  -0.0038185140   0.0114089327
        0.0333896382   0.0028265774  -0.0261432782  -0.0115886608   0.0443396137
       -0.0192230008  -0.0028511425   0.0213795118   0.0038016784  -0.0013197017
        0.0019408807   0.0000108777  -0.0012312187  -0.0008667871   0.0014626742
       -0.0008906348  -0.0013749620  -0.0003476467   0.0001136704   0.0004422445
       -0.0189693681  -0.0525960874  -0.0091642308  -0.1467042516  -0.2044829933
        0.0900621148  -0.0022035845  -0.0037278305  -0.0036589130  -0.0001496050
        0.0010252854   0.0007319179   0.1879428447   0.5858332165   0.0632913465
        0.0033431671   0.0043594966  -0.0026802621   0.0279742260  -0.0917415331
       -0.0631825401  -0.0294827219  -0.2345756537  -0.0930599437   0.0161774179
       -0.0024547686  -0.0219361059  -0.0264274596   0.0041974140   0.0306467666
       -0.0096659519  -0.0015251645   0.0134328904  -0.0022263455  -0.0035332592
       -0.0030277751  -0.0003516001  -0.0003544386   0.0002104633   0.0000833434
       -0.0000795026  -0.0003018530   0.0006598890  -0.0003441809  -0.0013638757
       -0.0085989855   0.0261471592   0.0299307566   0.0823766500   0.0419118555
       -0.1205403918   0.0018150505  -0.0037963584   0.0016307816   0.0000727044
        0.0001325340   0.0001646496  -0.2236975904   0.0632913465   0.4369425454
        0.0204315532   0.0160535935  -0.0158265690   0.0869744864  -0.0174525082
       -0.1815903443  -0.0039806079  -0.0933761695  -0.0832819134  -0.0082869276
       -0.0452377077  -0.0203814406   0.0348488057   0.0106258226  -0.0281980876
        0.0169867126   0.0042155776  -0.0223478439   0.0013413333  -0.0042651667
        0.0012680283  -0.0002506026   0.0014411781   0.0013025580   0.0001260252
        0.0000882314  -0.0006101669  -0.0001586072   0.0002206123   0.0015374378
        0.0007117181  -0.0000406315  -0.0008883193  -0.0933729403   0.0239510456
        0.0976508430  -0.0007734594   0.0004558761  -0.0007473464   0.0001519287
        0.0001843374   0.0001977708  -0.0120006954   0.0033431671   0.0204315532
        0.1005433148  -0.0223904369  -0.1189076569   0.0047322132  -0.0051293777
        0.0024614607  -0.0014814850   0.0013307889  -0.0019778397   0.0004583740
       -0.0002277495  -0.0001612601  -0.0024292730  -0.0004844630   0.0016303409
        0.0041876870  -0.0019605564   0.0021987214  -0.0006245250   0.0008545383
       -0.0019015936   0.0000120973  -0.0000555010  -0.0000569580  -0.0002386782
        0.0001875851   0.0002013731   0.0001237231  -0.0000186225  -0.0001310892
        0.0144995404  -0.0077379940  -0.0246867636   0.0231646880  -0.0586100024
       -0.0480990580   0.0004739872  -0.0000301177   0.0003270792   0.0006700487
       -0.0008113015  -0.0015619760  -0.0104815589   0.0043594966   0.0160535935
       -0.0223904369   0.0669097270   0.0583745926  -0.0042551112  -0.0014155239
       -0.0009431096   0.0007822359   0.0007449858   0.0017325887  -0.0005791207
       -0.0000396672   0.0004693849  -0.0004097371   0.0002039356   0.0013232974
       -0.0027272163  -0.0040934875  -0.0032981592   0.0012081216   0.0005554607
        0.0002924776   0.0000484759   0.0000053463  -0.0000659333   0.0000403521
       -0.0000519778  -0.0000714226  -0.0000442688   0.0000111200   0.0001534087
        0.0084528469  -0.0050266157  -0.0146165062   0.0971613247  -0.0491014018
       -0.1960137284  -0.0007415664   0.0003592850  -0.0003078455   0.0005058293
       -0.0009075888  -0.0010624653   0.0114985380  -0.0026802621  -0.0158265690
       -0.1189076569   0.0583745926   0.2221912369   0.0030645606   0.0002900706
        0.0050116260  -0.0023293222   0.0009776128   0.0002275740  -0.0003947468
       -0.0000291027   0.0009657376   0.0016389006   0.0013840971  -0.0023212947
        0.0017531148  -0.0043323287   0.0015767615  -0.0016704553   0.0007752662
        0.0003280639   0.0000128688   0.0000807102   0.0000347123  -0.0000357050
       -0.0000598844   0.0001186661  -0.0000085311  -0.0001044506  -0.0003059691
       -0.0034888983   0.0108991512   0.0051021119  -0.0246872209  -0.0139684120
        0.0170697718   0.0032608802   0.0109463137   0.0066708202   0.0032164026
       -0.0039430152   0.0052872597  -0.1034201162   0.0279742260   0.0869744864
        0.0047322132  -0.0042551112   0.0030645606   0.4165165783   0.1999602284
       -0.2256087622   0.0031830506  -0.0034352398  -0.0039486987  -0.0661976987
       -0.0351312842  -0.0055178631  -0.2270889147  -0.1799678668   0.1165623031
       -0.0011995887  -0.0145977171  -0.0148886141   0.0010407506   0.0008833905
       -0.0002681543  -0.0011114100   0.0016770286   0.0036476888  -0.0031089713
        0.0022795123   0.0032353374  -0.0016470569   0.0006787957   0.0026177527
        0.0105289526  -0.0223374173  -0.0254421343   0.0087610246   0.0370468530
        0.0155349904   0.0035244919  -0.0081894992  -0.0119584629  -0.0029164560
        0.0030724674   0.0000398575  -0.0058568446  -0.0917415331  -0.0174525082
       -0.0051293777  -0.0014155239   0.0002900706   0.1999602284   0.5717885507
       -0.0019954998   0.0128275141  -0.0121652653  -0.0265002929  -0.0033789064
       -0.1823800481  -0.0785569323  -0.1798680364  -0.2564529576   0.1141361005
       -0.0355915197  -0.0378941005   0.0272174141   0.0009127172   0.0007083358
       -0.0010821492  -0.0024546676   0.0003131432   0.0031683575  -0.0010267441
       -0.0000781731   0.0005686061  -0.0002923763  -0.0002748322   0.0020325831
        0.0048774681  -0.0259664945  -0.0282986105   0.0316998932   0.0462687174
       -0.0185487077   0.0018985347  -0.0220413728  -0.0138089978   0.0060242156
        0.0014973320   0.0019094001   0.0652359490  -0.0631825401  -0.1815903443
        0.0024614607  -0.0009431096   0.0050116260  -0.2256087622  -0.0019954998
        0.4592557269   0.0065600483  -0.0044476245  -0.0098387083   0.0149884271
       -0.0354860814  -0.0967318265   0.1165865672   0.1141971071  -0.1397706629
       -0.0285390447  -0.0012893659   0.0325399019  -0.0002299874  -0.0010147377
        0.0000930083   0.0008988884  -0.0025440497  -0.0021728884   0.0016682295
       -0.0013437074  -0.0032667322   0.0014781125  -0.0017085730  -0.0047821845
        0.0023204630  -0.0041510230   0.0045516875  -0.0043358536  -0.0182572327
       -0.0083553136  -0.0007746598   0.0011326500  -0.0001866732  -0.0009043142
        0.0004899248  -0.0007038465  -0.0395176564  -0.0294827219  -0.0039806079
       -0.0014814850   0.0007822359  -0.0023293222   0.0031830506   0.0128275141
        0.0065600483   0.0390826411   0.0382166114   0.0006432593   0.0028769716
       -0.0010085691   0.0056558824  -0.0001786990   0.0006903802  -0.0026017232
       -0.0005283757  -0.0000828422   0.0005092639   0.0004216138  -0.0013512992
        0.0001859991   0.0000976220   0.0000405104  -0.0000636645  -0.0002560414
        0.0002316574   0.0003154653  -0.0000052770  -0.0000777961  -0.0002004547
       -0.0047702309  -0.0001375732   0.0014352051  -0.0035150831  -0.0244538992
       -0.0098493366   0.0001940781  -0.0008025863   0.0001587452   0.0004234219
       -0.0003445352   0.0002796646  -0.0292537775  -0.2345756537  -0.0933761695
        0.0013307889   0.0007449858   0.0009776128  -0.0034352398  -0.0121652653
       -0.0044476245   0.0382166114   0.2676882116   0.1071604049  -0.0005041092
        0.0013377250  -0.0033143939   0.0017324344   0.0032657432   0.0013282774
        0.0001728499   0.0009767692   0.0004695228  -0.0008056624  -0.0013647508
       -0.0005625541   0.0000096203   0.0000514825  -0.0000003643   0.0002146438
       -0.0002078575  -0.0002110751  -0.0000103456  -0.0000127961  -0.0000479150
        0.0041868436   0.0006493462   0.0024032803   0.0011252927   0.0100386814
        0.0031417661  -0.0007910462  -0.0011136458  -0.0010991701  -0.0007497324
        0.0001836452  -0.0005296403  -0.0038185140  -0.0930599437  -0.0832819134
       -0.0019778397   0.0017325887   0.0002275740  -0.0039486987  -0.0265002929
       -0.0098387083   0.0006432593   0.1071604049   0.0896218435   0.0059735702
       -0.0026312381  -0.0022561543  -0.0019009455   0.0027734547   0.0019390025
        0.0006562959   0.0008273670  -0.0004674789   0.0005333592   0.0001707928
        0.0005928603  -0.0000815300  -0.0000411242   0.0001175852   0.0000293161
       -0.0000027381  -0.0000599082   0.0001203696  -0.0001872982  -0.0005109385
       -0.0272793126   0.0068748466   0.0415614700  -0.0083463059  -0.0195397324
       -0.0043788323  -0.0959694079   0.0129536317   0.0606741209  -0.0023032649
       -0.0067295560   0.0019158931   0.0114089327   0.0161774179  -0.0082869276
        0.0004583740  -0.0005791207  -0.0003947468  -0.0661976987  -0.0033789064
        0.0149884271   0.0028769716  -0.0005041092   0.0059735702   0.3696786705
        0.1730956450  -0.2226496053  -0.0083300605  -0.0416437072  -0.0004392494
       -0.1656439493  -0.1415673332   0.0807014953   0.0022402010  -0.0007673610
        0.0042097446  -0.0119127677  -0.0002926379   0.0173550713  -0.0115385865
        0.0080515945   0.0175953945   0.0108582040  -0.0021506718  -0.0088258255
       -0.0194159447   0.0324758911   0.0471869628  -0.0144281775  -0.0378264653
       -0.0034087563   0.0140497745  -0.0744520284  -0.0300460996  -0.0199658211
       -0.0269376801   0.0082435830   0.0333896382  -0.0024547686  -0.0452377077
       -0.0002277495  -0.0000396672  -0.0000291027  -0.0351312842  -0.1823800481
       -0.0354860814  -0.0010085691   0.0013377250  -0.0026312381   0.1730956450
        0.5466530535   0.0388522592  -0.0301273915  -0.0565279633  -0.0028640966
       -0.1057680703  -0.1975889342   0.0407511320   0.0001498401   0.0011456512
       -0.0031562952  -0.0115087078   0.0054372302   0.0184089035   0.0142343979
       -0.0070795632  -0.0212256420   0.0026624201  -0.0017624327  -0.0093578210
        0.0245711519   0.0115908496  -0.0257052433  -0.0010873394   0.0035045376
        0.0014632601   0.0613606805  -0.0285664236  -0.1589337071  -0.0066569998
       -0.0097379918   0.0050156346   0.0028265774  -0.0219361059  -0.0203814406
       -0.0001612601   0.0004693849   0.0009657376  -0.0055178631  -0.0785569323
       -0.0967318265   0.0056558824  -0.0033143939  -0.0022561543  -0.2226496053
        0.0388522592   0.4496086201   0.0069775425   0.0127520687   0.0099084917
        0.1038342367   0.0892688705  -0.1217412003   0.0048086336  -0.0019105546
       -0.0020213817   0.0101272010   0.0032274512  -0.0105955083   0.0052461398
       -0.0067084176  -0.0004561121   0.0106650221  -0.0089346018  -0.0281391699
       -0.0001692360  -0.0018081477  -0.0002346431   0.0036988021   0.0024688170
        0.0047045608  -0.0009026896   0.0015319406   0.0008884369  -0.0012645622
       -0.0014718745  -0.0006594067  -0.0261432782  -0.0264274596   0.0348488057
       -0.0024292730  -0.0004097371   0.0016389006  -0.2270889147  -0.1798680364
        0.1165865672  -0.0001786990   0.0017324344  -0.0019009455  -0.0083300605
       -0.0301273915   0.0069775425   0.2576494224   0.2365761894  -0.1597346740
        0.0037375936  -0.0016414163   0.0017723293  -0.0010847959  -0.0000723058
       -0.0003497832   0.0006517153   0.0000987636  -0.0029360613   0.0009325452
       -0.0009564869  -0.0005489765   0.0009214303   0.0003747106  -0.0010526525
       -0.0017488424   0.0025348185   0.0036287381  -0.0016944889  -0.0022045489
       -0.0029931322  -0.0019199890  -0.0022352953   0.0017937576  -0.0015478669
       -0.0034329289   0.0006424478  -0.0115886608   0.0041974140   0.0106258226
       -0.0004844630   0.0002039356   0.0013840971  -0.1799678668  -0.2564529576
        0.1141971071   0.0006903802   0.0032657432   0.0027734547  -0.0416437072
       -0.0565279633   0.0127520687   0.2365761894   0.3130883138  -0.1361492098
        0.0024473394  -0.0020937588  -0.0084736884  -0.0000830840  -0.0004078625
        0.0007086185   0.0010581774   0.0002932585  -0.0003360341   0.0002484990
       -0.0000322410  -0.0001390939  -0.0003416164  -0.0001959274  -0.0004149538
       -0.0001979823   0.0036807374   0.0031914618   0.0020660358  -0.0085264491
       -0.0023061027  -0.0013444320  -0.0028837342  -0.0010171767  -0.0007617389
        0.0004825188   0.0002214696   0.0443396137   0.0306467666  -0.0281980876
        0.0016303409   0.0013232974  -0.0023212947   0.1165623031   0.1141361005
       -0.1397706629  -0.0026017232   0.0013282774   0.0019390025  -0.0004392494
       -0.0028640966   0.0099084917  -0.1597346740  -0.1361492098   0.1558019720
        0.0044381932  -0.0029300162  -0.0020305057  -0.0003650808   0.0006797591
       -0.0003836273  -0.0022570435   0.0010391499   0.0022449299  -0.0010925429
       -0.0001892034   0.0011956417  -0.0002420196   0.0002261022   0.0015244884
       -0.1206529406  -0.0025407198   0.1089300403   0.0123613043   0.0395440985
        0.0089062139  -0.0157459842  -0.0079753066   0.0133037192  -0.0422683807
       -0.0269457271  -0.0052876252  -0.0192230008  -0.0096659519   0.0169867126
        0.0041876870  -0.0027272163   0.0017531148  -0.0011995887  -0.0355915197
       -0.0285390447  -0.0005283757   0.0001728499   0.0006562959  -0.1656439493
       -0.1057680703   0.1038342367   0.0037375936   0.0024473394   0.0044381932
        0.3583022315   0.1492954217  -0.2426589024  -0.0133499184   0.0030939526
        0.0168581000  -0.0019083351  -0.0000806860   0.0033460170   0.0016874813
       -0.0021479060  -0.0004146125   0.0002441758  -0.0011105584  -0.0021124588
        0.0348297078  -0.0911817962  -0.0808497302   0.0128745126  -0.0106305906
       -0.0243480645   0.0026467182   0.0040902278   0.0004116129  -0.0277743533
       -0.2240709053  -0.0855304872  -0.0028511425  -0.0015251645   0.0042155776
       -0.0019605564  -0.0040934875  -0.0043323287  -0.0145977171  -0.0378941005
       -0.0012893659  -0.0000828422   0.0009767692   0.0008273670  -0.1415673332
       -0.1975889342   0.0892688705  -0.0016414163  -0.0020937588  -0.0029300162
        0.1492954217   0.5629354373   0.0911839056  -0.0114622454   0.0021973407
        0.0185119205   0.0004837906  -0.0006590777  -0.0014756246   0.0016301757
       -0.0005039512  -0.0014653963   0.0001772799   0.0000419917  -0.0021982405
        0.1330588068  -0.0302368892  -0.2387800449  -0.0083043137  -0.0604434355
       -0.0276880569   0.0201744582   0.0148156699  -0.0198771417  -0.0057361607
       -0.0865974518  -0.0812941224   0.0213795118   0.0134328904  -0.0223478439
        0.0021987214  -0.0032981592   0.0015767615  -0.0148886141   0.0272174141
        0.0325399019   0.0005092639   0.0004695228  -0.0004674789   0.0807014953
        0.0407511320  -0.1217412003   0.0017723293  -0.0084736884  -0.0020305057
       -0.2426589024   0.0911839056   0.4956852530   0.0074415730  -0.0012292824
       -0.0132913046   0.0037003723  -0.0007036856  -0.0048898607  -0.0006115709
        0.0018910947   0.0008489415   0.0012630298   0.0012209626   0.0017567020
       -0.1231726274  -0.1027367452   0.0697246249  -0.0059483121  -0.0043441070
        0.0017619393  -0.0000306153  -0.0010721112   0.0007779204  -0.0008192766
        0.0010106917  -0.0015669754   0.0038016784  -0.0022263455   0.0013413333
       -0.0006245250   0.0012081216  -0.0016704553   0.0010407506   0.0009127172
       -0.0002299874   0.0004216138  -0.0008056624   0.0005333592   0.0022402010
        0.0001498401   0.0048086336  -0.0010847959  -0.0000830840  -0.0003650808
       -0.0133499184  -0.0114622454   0.0074415730   0.1377086803   0.1192415237
       -0.0828944962  -0.0001743559   0.0000719301   0.0002610113   0.0000127514
        0.0000942331  -0.0001041828  -0.0000212489   0.0000412431   0.0001807830
       -0.1027775656  -0.1455320530   0.0600528316  -0.0190731347  -0.0224423044
        0.0130288331  -0.0001113733   0.0001079488  -0.0004620240   0.0014373883
        0.0011773019   0.0004049082  -0.0013197017  -0.0035332592  -0.0042651667
        0.0008545383   0.0005554607   0.0007752662   0.0008833905   0.0007083358
       -0.0010147377  -0.0013512992  -0.0013647508   0.0001707928  -0.0007673610
        0.0011456512  -0.0019105546  -0.0000723058  -0.0004078625   0.0006797591
        0.0030939526   0.0021973407  -0.0012292824   0.1192415237   0.1671733190
       -0.0664420379   0.0000285957  -0.0000030021  -0.0000293225  -0.0001751103
        0.0001572546   0.0000906142   0.0001084623   0.0000606194   0.0001501205
        0.0696951347   0.0600011466  -0.0785020095  -0.0077526836  -0.0069348399
        0.0034470988   0.0013869714   0.0008453977  -0.0002927150  -0.0013007465
        0.0009719430  -0.0000801182   0.0019408807  -0.0030277751   0.0012680283
       -0.0019015936   0.0002924776   0.0003280639  -0.0002681543  -0.0010821492
        0.0000930083   0.0001859991  -0.0005625541   0.0005928603   0.0042097446
       -0.0031562952  -0.0020213817  -0.0003497832   0.0007086185  -0.0003836273
        0.0168581000   0.0185119205  -0.0132913046  -0.0828944962  -0.0664420379
        0.0891932957   0.0002337370  -0.0000864726  -0.0003914666   0.0000429049
       -0.0000265525  -0.0000488604  -0.0000860149  -0.0000128274   0.0000891280
       -0.0001713638  -0.0005381423   0.0000697344   0.0000317275  -0.0000931024
       -0.0001283753  -0.1169814037  -0.1042345105   0.0297414957   0.0001152380
        0.0004044388  -0.0000246823   0.0000108777  -0.0003516001  -0.0002506026
        0.0000120973   0.0000484759   0.0000128688  -0.0011114100  -0.0024546676
        0.0008988884   0.0000976220   0.0000096203  -0.0000815300  -0.0119127677
       -0.0115087078   0.0101272010   0.0006517153   0.0010581774  -0.0022570435
       -0.0019083351   0.0004837906   0.0037003723  -0.0001743559   0.0000285957
        0.0002337370   0.1366373331   0.1215304243  -0.0397670202   0.0098650494
        0.0155629592  -0.0049518081  -0.0151620240  -0.0199457516   0.0026767643
        0.0002983579  -0.0002831252  -0.0006743834   0.0004397183   0.0008183397
       -0.0000543050  -0.1033115681  -0.1905733105   0.0463286826   0.0002083367
        0.0001572068  -0.0001176679  -0.0012312187  -0.0003544386   0.0014411781
       -0.0000555010   0.0000053463   0.0000807102   0.0016770286   0.0003131432
       -0.0025440497   0.0000405104   0.0000514825  -0.0000411242  -0.0002926379
        0.0054372302   0.0032274512   0.0000987636   0.0002932585   0.0010391499
       -0.0000806860  -0.0006590777  -0.0007036856   0.0000719301  -0.0000030021
       -0.0000864726   0.1215304243   0.2180629840  -0.0558464258  -0.0133923401
       -0.0261610412   0.0074611850  -0.0060011182  -0.0071049959   0.0004897571
        0.0005858538   0.0003927636  -0.0004010194   0.0002686860   0.0007820474
        0.0001215904   0.0303296110   0.0475494869  -0.0558235964  -0.0001564482
       -0.0003891070  -0.0001372477  -0.0008667871   0.0002104633   0.0013025580
       -0.0000569580  -0.0000659333   0.0000347123   0.0036476888   0.0031683575
       -0.0021728884  -0.0000636645  -0.0000003643   0.0001175852   0.0173550713
        0.0184089035  -0.0105955083  -0.0029360613  -0.0003360341   0.0022449299
        0.0033460170  -0.0014756246  -0.0048898607   0.0002610113  -0.0000293225
       -0.0003914666  -0.0397670202  -0.0558464258   0.0672665828   0.0030383038
        0.0070312606  -0.0013191962  -0.0149853037  -0.0194004713   0.0046428252
        0.0003380083   0.0004830749   0.0012121504  -0.0003735105  -0.0009347488
       -0.0001615485  -0.1170780995   0.1009253697  -0.0252233877  -0.0006775983
       -0.0006479720  -0.0003720473   0.0014626742   0.0000833434   0.0001260252
       -0.0002386782   0.0000403521  -0.0000357050  -0.0031089713  -0.0010267441
        0.0016682295  -0.0002560414   0.0002146438   0.0000293161  -0.0115385865
        0.0142343979   0.0052461398   0.0009325452   0.0002484990  -0.0010925429
        0.0016874813   0.0016301757  -0.0006115709   0.0000127514  -0.0001751103
        0.0000429049   0.0098650494  -0.0133923401   0.0030383038   0.1362717962
       -0.1214869733   0.0251844955  -0.0172988203   0.0198040320  -0.0090507629
       -0.0001245670  -0.0006995849  -0.0012116217   0.0001635599   0.0009753428
        0.0001676912   0.1001624803  -0.1798098477   0.0329674965   0.0004795368
        0.0003725113   0.0003755292  -0.0008906348  -0.0000795026   0.0000882314
        0.0001875851  -0.0000519778  -0.0000598844   0.0022795123  -0.0000781731
       -0.0013437074   0.0002316574  -0.0002078575  -0.0000027381   0.0080515945
       -0.0070795632  -0.0067084176  -0.0009564869  -0.0000322410  -0.0001892034
       -0.0021479060  -0.0005039512   0.0018910947   0.0000942331   0.0001572546
       -0.0000265525   0.0155629592  -0.0261610412   0.0070312606  -0.1214869733
        0.2098235519  -0.0331759798  -0.0016065505   0.0033750797   0.0001968013
       -0.0005906305  -0.0002227877  -0.0010232807   0.0002749340   0.0004966885
        0.0000272757  -0.0216879007   0.0281099220  -0.0447752729   0.0002997588
        0.0000801933   0.0005218172  -0.0013749620  -0.0003018530  -0.0006101669
        0.0002013731  -0.0000714226   0.0001186661   0.0032353374   0.0005686061
       -0.0032667322   0.0003154653  -0.0002110751  -0.0000599082   0.0175953945
       -0.0212256420  -0.0004561121  -0.0005489765  -0.0001390939   0.0011956417
       -0.0004146125  -0.0014653963   0.0008489415  -0.0001041828   0.0000906142
       -0.0000488604  -0.0049518081   0.0074611850  -0.0013191962   0.0251844955
       -0.0331759798   0.0557881337  -0.0174336854   0.0200060412  -0.0069409463
       -0.0002239248   0.0000814633  -0.0003700527   0.0000108835   0.0000691270
        0.0002162696  -0.1313628408  -0.0291239549  -0.1028847386   0.0002656050
        0.0001385078  -0.0000495008  -0.0003476467   0.0006598890  -0.0001586072
        0.0001237231  -0.0000442688  -0.0000085311  -0.0016470569  -0.0002923763
        0.0014781125  -0.0000052770  -0.0000103456   0.0001203696   0.0108582040
        0.0026624201   0.0106650221   0.0009214303  -0.0003416164  -0.0002420196
        0.0002441758   0.0001772799   0.0012630298  -0.0000212489   0.0001084623
       -0.0000860149  -0.0151620240  -0.0060011182  -0.0149853037  -0.0172988203
       -0.0016065505  -0.0174336854   0.1536448175   0.0335230812   0.1224756503
        0.0003875844  -0.0005612154  -0.0002601689   0.0001496470   0.0002846203
        0.0001641931  -0.0315009196  -0.0519658058  -0.0322346228  -0.0002684445
        0.0001548214   0.0000096578   0.0001136704  -0.0003441809   0.0002206123
       -0.0000186225   0.0000111200  -0.0001044506   0.0006787957  -0.0002748322
       -0.0017085730  -0.0000777961  -0.0000127961  -0.0001872982  -0.0021506718
       -0.0017624327  -0.0089346018   0.0003747106  -0.0001959274   0.0002261022
       -0.0011105584   0.0000419917   0.0012209626   0.0000412431   0.0000606194
       -0.0000128274  -0.0199457516  -0.0071049959  -0.0194004713   0.0198040320
        0.0033750797   0.0200060412   0.0335230812   0.0582939337   0.0409954447
        0.0012276777  -0.0015625801  -0.0005296705   0.0004361604   0.0012510285
        0.0002309312  -0.1084144170  -0.0315631918  -0.1583130677  -0.0002693723
        0.0012394340  -0.0001774992   0.0004422445  -0.0013638757   0.0015374378
       -0.0001310892   0.0001534087  -0.0003059691   0.0026177527   0.0020325831
       -0.0047821845  -0.0002004547  -0.0000479150  -0.0005109385  -0.0088258255
       -0.0093578210  -0.0281391699  -0.0010526525  -0.0004149538   0.0015244884
       -0.0021124588  -0.0021982405   0.0017567020   0.0001807830   0.0001501205
        0.0000891280   0.0026767643   0.0004897571   0.0046428252  -0.0090507629
        0.0001968013  -0.0069409463   0.1224756503   0.0409954447   0.1899179332
