           1           2   1.4140264374754123     
           2           5   1.4700060789267106     
           2           6  0.97192680764397288     
           5           7   1.2590387959219855     
           5           8  0.97158218715384081     
           3           9   1.0171991653084660     
           7           9   1.2360706561622319     
           5          10  0.10281123598738912     
           7          10   1.3623640358065805     
           9          10  0.10197155118427886     
           1          11   1.4147077985141989     
           4          11  0.97115886073657420     
           9          11   1.4507930820025190     
           1          12  0.97151974034687183     
           3          13  0.98742506527753338     
           3          14  0.97909214433851854     
           3          15  0.97909136124861695     
