$hessian                                                                        
        0.6383583904   0.1711642075   0.2035397147  -0.0755949611   0.0214280224
       -0.0393390195  -0.0188481081   0.0083412076  -0.0228369584   0.0118633205
        0.0029617597   0.0141425364  -0.0374529463  -0.0170914147  -0.0088928606
       -0.1028934785  -0.0665576481   0.0405641419   0.0044470104   0.0044535773
       -0.0014065811  -0.4178562827  -0.1049333034  -0.1836962409   0.0040056217
       -0.0122258894   0.0156494044  -0.0002275159  -0.0045101003  -0.0043649447
       -0.0155711378  -0.0046747377  -0.0082704887   0.0007352982  -0.0036620366
       -0.0046223689   0.0031804060  -0.0025071534   0.0056796595   0.0058543832
        0.0078135089  -0.0061459944
        0.1711642075   0.3700066913  -0.1006013134  -0.0007332802  -0.1106252915
        0.0599931684   0.0278416268   0.0195463998  -0.0032863798   0.0028613065
       -0.0214547513   0.0174280941  -0.0366109508  -0.0046178401  -0.0297426108
       -0.0444315773  -0.1457187238   0.0643086182   0.0005705310   0.0003824446
       -0.0001290527  -0.1049103259  -0.0934520418  -0.0432329835   0.0035995119
       -0.0125723807   0.0205305591  -0.0058092934   0.0049502826   0.0022688561
       -0.0047111328  -0.0010046913  -0.0020520053  -0.0023562381   0.0061036684
        0.0038347746   0.0014169500  -0.0012601593   0.0025651806  -0.0078913354
       -0.0102836067   0.0081150945
        0.2035397147  -0.1006013134   0.4499961854  -0.0134666897   0.0787528135
       -0.1621523683  -0.0456982964  -0.0198719788  -0.0189783460   0.0140809757
        0.0174530756  -0.0170875007   0.0139708751  -0.0131192206   0.0237748720
        0.0145871457   0.0455352221  -0.0997671043   0.0032285526   0.0032463938
       -0.0011743613  -0.1836757236  -0.0432354521  -0.1591361839  -0.0027759040
        0.0071137555  -0.0083597999  -0.0028459041   0.0033785873   0.0047347334
       -0.0082650260  -0.0020480363  -0.0039527796  -0.0060720724   0.0027420449
        0.0026904658   0.0011411963  -0.0007935911   0.0017376462   0.0122511560
        0.0214476997  -0.0123254588
       -0.0755949611  -0.0007332802  -0.0134666897   0.5953329763   0.2118637982
        0.1765618010  -0.3200616466  -0.0705271130  -0.1588450443  -0.0466059506
       -0.0448728936   0.0120827847  -0.0126612112   0.0062303981  -0.0168725957
        0.0220505214   0.0035718818   0.0107753210  -0.0030095306  -0.0025462063
        0.0005334501  -0.0373072024   0.0100711343  -0.0552857544  -0.1206522117
       -0.1073500696   0.0489127361  -0.0100189665  -0.0023722471  -0.0083743483
        0.0096457788  -0.0016057697   0.0058121743  -0.0000490185   0.0008311577
       -0.0002967587  -0.0006033409   0.0019146284  -0.0020549475  -0.0004652363
       -0.0044754190   0.0005178714
        0.0214280224  -0.1106252915   0.0787528135   0.2118637982   0.3803820878
       -0.1527637579  -0.1027881990  -0.0854764385  -0.0295739253  -0.0233969264
       -0.0104188561  -0.0066671153   0.0012465550   0.0001157547  -0.0006404821
       -0.0032011403  -0.0175411200   0.0230547627  -0.0005230459   0.0005852421
       -0.0012467857  -0.0002220396   0.0149803672  -0.0010215801  -0.1072531894
       -0.1725095780   0.0747046573   0.0110278090   0.0046664009   0.0076562321
       -0.0060933279  -0.0024408811   0.0035409437   0.0003309060   0.0000624075
       -0.0007378856   0.0017506895  -0.0004473337   0.0010244761  -0.0041699117
       -0.0013327612   0.0039176467
       -0.0393390195   0.0599931684  -0.1621523683   0.1765618010  -0.1527637579
        0.4238438927  -0.1210969332  -0.0021812496  -0.1364670392  -0.0129521989
       -0.0248849677   0.0189545832  -0.0110918111   0.0036056100  -0.0149584750
        0.0187176903   0.0288181118  -0.0133492939  -0.0018741380  -0.0030020232
        0.0018195204  -0.0432811689   0.0076215950  -0.0312494369   0.0487743814
        0.0746365149  -0.0762599717  -0.0240967273  -0.0037464301  -0.0128813316
        0.0110398187   0.0074045622   0.0057433281   0.0002607417  -0.0003196034
       -0.0001996344  -0.0018335047   0.0011443709  -0.0037291537   0.0002110683
        0.0036740987   0.0008853803
       -0.0188481081   0.0278416268  -0.0456982964  -0.3200616466  -0.1027881990
       -0.1210969332   0.5793369431   0.1762858121   0.1907466140  -0.1164108947
       -0.0761980007   0.0278640764   0.0181773275  -0.0066254045   0.0226352511
       -0.0195742080  -0.0104825444  -0.0032336753  -0.0019691728  -0.0020146759
       -0.0049104379   0.0068416518  -0.0011766764   0.0033127861  -0.0192848412
       -0.0072262184  -0.0068426297  -0.0646922123   0.0344756984  -0.0655292481
       -0.0427302432  -0.0240722719  -0.0013937936   0.0004511601  -0.0002996330
       -0.0031627502  -0.0007097112  -0.0069851019   0.0067610569  -0.0005260443
       -0.0007344112   0.0005479799
        0.0083412076   0.0195463998  -0.0198719788  -0.0705271130  -0.0854764385
       -0.0021812496   0.1762858121   0.3935217596  -0.1791536927  -0.0969311169
       -0.1753512052   0.0711837348   0.0056791424  -0.0245120897   0.0341533544
       -0.0154269091  -0.0088917640  -0.0042915070  -0.0005540424   0.0054663100
        0.0006883517   0.0044602177  -0.0002650623   0.0093737174  -0.0212691409
       -0.0088690889  -0.0092272280   0.0350044372  -0.0970161597   0.1020598811
       -0.0251306185  -0.0147160204  -0.0134044609  -0.0006724679   0.0005794379
        0.0039781821   0.0012060540  -0.0038962647   0.0068264564  -0.0004654622
       -0.0001198140  -0.0001335609
       -0.0228369584  -0.0032863798  -0.0189783460  -0.1588450443  -0.0295739253
       -0.1364670392   0.1907466140  -0.1791536927   0.4833835575   0.0520109573
        0.0886856710  -0.1037235457   0.0082908076   0.0237450979  -0.0201937186
        0.0025835597  -0.0000558793   0.0009361295  -0.0065394583  -0.0004858226
        0.0014803307  -0.0032139755   0.0046156450  -0.0035878103   0.0095904133
        0.0027147450   0.0036722618  -0.0660746993   0.1016888386  -0.2097068283
       -0.0002295564  -0.0125891609   0.0066366894  -0.0026552762   0.0043389181
       -0.0028523963  -0.0029157377  -0.0001760823  -0.0012344349   0.0000883541
       -0.0004679727   0.0006351504
        0.0118633205   0.0028613065   0.0140809757  -0.0466059506  -0.0233969264
       -0.0129521989  -0.1164108947  -0.0969311169   0.0520109573   0.4964041555
        0.1702039897   0.1338827153  -0.0737834023   0.0265653616  -0.0562906470
       -0.0263495450   0.0040843424  -0.0279173804  -0.0446095415  -0.0408832512
       -0.0017401604  -0.0094127720  -0.0025986245  -0.0057337287  -0.0012815872
       -0.0040688875  -0.0044563432   0.0060268861   0.0048134407  -0.0021324286
       -0.1790014758  -0.0356699163  -0.0587808388   0.0054027353  -0.0086762730
        0.0131989246  -0.0206391251   0.0074135016  -0.0379380964  -0.0016028031
       -0.0037169467  -0.0052317506
        0.0029617597  -0.0214547513   0.0174530756  -0.0448728936  -0.0104188561
       -0.0248849677  -0.0761980007  -0.1753512052   0.0886856710   0.1702039897
        0.4167673750  -0.2203476961   0.0059602235  -0.1198256552   0.0937999281
        0.0254318879   0.0158823696   0.0040568615  -0.0504044932  -0.0223358880
       -0.0007006092  -0.0026882206   0.0017653746  -0.0031971140  -0.0031414974
        0.0051694931   0.0024854712  -0.0073881845  -0.0119621218   0.0101077910
       -0.0354961520  -0.0793225452  -0.0089263340   0.0034466133  -0.0126701276
        0.0201045409   0.0168608398   0.0089012046   0.0198936341  -0.0046758720
        0.0048553335   0.0014697475
        0.0141425364   0.0174280941  -0.0170875007   0.0120827847  -0.0066671153
        0.0189545832   0.0278640764   0.0711837348  -0.1037235457   0.1338827153
       -0.2203476961   0.4770115498  -0.0320974051   0.1112404577  -0.2018818150
       -0.0530169938  -0.0141282315  -0.0276236938   0.0093080756   0.0072347453
        0.0130548461  -0.0057711526  -0.0031707134  -0.0002108636  -0.0055459498
        0.0016697547   0.0028739625   0.0120497678   0.0203893338  -0.0116429188
       -0.0586772656  -0.0089777885  -0.1006031902  -0.0011511681   0.0098132269
       -0.0103748773  -0.0490555927   0.0119716319  -0.0421284589  -0.0040144283
        0.0023605656   0.0033819225
       -0.0374529463  -0.0366109508   0.0139708751  -0.0126612112   0.0012465550
       -0.0110918111   0.0181773275   0.0056791424   0.0082908076  -0.0737834023
        0.0059602235  -0.0320974051   0.5875867726   0.1960972119   0.1743289425
       -0.3201252575  -0.0706511446  -0.1587404385   0.0007901132   0.0048684038
       -0.0058669106   0.0046656965  -0.0007478723   0.0009917999  -0.0001372387
        0.0006084034  -0.0008211384  -0.0011168429  -0.0043463433   0.0003163873
       -0.0279546974   0.0104742691  -0.0292861449  -0.1238271638  -0.1077679905
        0.0508717447  -0.0032788184  -0.0036981911  -0.0040459722  -0.0108823312
       -0.0011117165  -0.0068207364
       -0.0170914147  -0.0046178401  -0.0131192206   0.0062303981   0.0001157547
        0.0036056100  -0.0066254045  -0.0245120897   0.0237450979   0.0265653616
       -0.1198256552   0.1112404577   0.1960972119   0.4032201567  -0.1747891486
       -0.1029004210  -0.0854767140  -0.0296162554  -0.0034108432  -0.0019702410
        0.0006143373  -0.0063170819  -0.0030027988   0.0034698555   0.0003864034
        0.0004790634  -0.0002237652  -0.0039338836  -0.0013991544   0.0035440853
        0.0115346223   0.0044600261  -0.0046953275  -0.1082832292  -0.1732561004
        0.0703554723  -0.0051596486   0.0037983047  -0.0012383901   0.0129079295
        0.0019872880   0.0071071915
       -0.0088928606  -0.0297426108   0.0237748720  -0.0168725957  -0.0006404821
       -0.0149584750   0.0226352511   0.0341533544  -0.0201937186  -0.0562906470
        0.0937999281  -0.2018818150   0.1743289425  -0.1747891486   0.4654236153
       -0.1209787299  -0.0021980373  -0.1363966976   0.0037686644   0.0076532263
       -0.0046914700   0.0075839131   0.0082257074   0.0013308739  -0.0005785991
       -0.0000256134  -0.0004239802  -0.0001683259   0.0032096909   0.0006213239
       -0.0305354937  -0.0055679292  -0.0273609111   0.0515761062   0.0707251159
       -0.0743078980  -0.0022975014   0.0000041366   0.0044836546  -0.0232781241
       -0.0048073382  -0.0154193741
       -0.1028934785  -0.0444315773   0.0145871457   0.0220505214  -0.0032011403
        0.0187176903  -0.0195742080  -0.0154269091   0.0025835597  -0.0263495450
        0.0254318879  -0.0530169938  -0.3201252575  -0.1029004210  -0.1209787299
        0.5756199720   0.1641326129   0.2153935551  -0.0024061524  -0.0026100738
        0.0017193169  -0.0570476015  -0.0478350973  -0.0042476491   0.0011997141
       -0.0002280051  -0.0029876504  -0.0002225514  -0.0001634199   0.0006837469
        0.0134189893   0.0030370368   0.0035943160  -0.0181165211  -0.0084125910
       -0.0081490869  -0.0020515983   0.0017951309  -0.0037394014  -0.0635022829
        0.0308125663  -0.0641598192
       -0.0665576481  -0.1457187238   0.0455352221   0.0035718818  -0.0175411200
        0.0288181118  -0.0104825444  -0.0088917640  -0.0000558793   0.0040843424
        0.0158823696  -0.0141282315  -0.0706511446  -0.0854767140  -0.0021980373
        0.1641326129   0.3536349323  -0.1632472440  -0.0023916478  -0.0027305446
        0.0002010911  -0.0375543029  -0.0104737482  -0.0028286597  -0.0005449364
        0.0007635440   0.0045408678   0.0003494491  -0.0002080713  -0.0004207129
        0.0074574743   0.0024232672   0.0093781336  -0.0218492660  -0.0058030797
       -0.0080079092  -0.0002342899   0.0018286503  -0.0024663716   0.0306700198
       -0.0976889979   0.1048796191
        0.0405641419   0.0643086182  -0.0997671043   0.0107753210   0.0230547627
       -0.0133492939  -0.0032336753  -0.0042915070   0.0009361295  -0.0279173804
        0.0040568615  -0.0276236938  -0.1587404385  -0.0296162554  -0.1363966976
        0.2153935551  -0.1632472440   0.4703101936   0.0014971592   0.0000450723
        0.0003751316  -0.0162888767  -0.0114929629   0.0139453409  -0.0026225697
        0.0048036792  -0.0027978351   0.0000934222  -0.0008465718   0.0002613986
       -0.0016492772   0.0055642999  -0.0029200563   0.0075150080   0.0033807652
        0.0056474247  -0.0013803725  -0.0007321449  -0.0003963450  -0.0640060173
        0.1050126268  -0.2082245930
        0.0044470104   0.0005705310   0.0032285526  -0.0030095306  -0.0005230459
       -0.0018741380  -0.0019691728  -0.0005540424  -0.0065394583  -0.0446095415
       -0.0504044932   0.0093080756   0.0007901132  -0.0034108432   0.0037686644
       -0.0024061524  -0.0023916478   0.0014971592   0.2412988348   0.2238816772
       -0.0776944380  -0.0036252439  -0.0009364127  -0.0022874853  -0.0010327969
        0.0000033806   0.0001893553   0.0002711581   0.0002987712   0.0000892903
       -0.2098804375  -0.1709686337   0.0766349063  -0.0014076568   0.0005139705
       -0.0018464298   0.0209948266   0.0036307733  -0.0041958705   0.0001385893
        0.0002900153  -0.0002781838
        0.0044535773   0.0003824446   0.0032463938  -0.0025462063   0.0005852421
       -0.0030020232  -0.0020146759   0.0054663100  -0.0004858226  -0.0408832512
       -0.0223358880   0.0072347453   0.0048684038  -0.0019702410   0.0076532263
       -0.0026100738  -0.0027305446   0.0000450723   0.2238816772   0.3300707243
       -0.1674101691  -0.0035335369  -0.0003780101  -0.0021319537   0.0000981143
       -0.0007420991  -0.0006103174   0.0007029595   0.0003465344  -0.0000497028
       -0.1579874966  -0.2807836815   0.1186550410   0.0004459820   0.0023950609
       -0.0020636048  -0.0249962543  -0.0306318855   0.0392487387   0.0001207811
        0.0003260337  -0.0003296238
       -0.0014065811  -0.0001290527  -0.0011743613   0.0005334501  -0.0012467857
        0.0018195204  -0.0049104379   0.0006883517   0.0014803307  -0.0017401604
       -0.0007006092   0.0130548461  -0.0058669106   0.0006143373  -0.0046914700
        0.0017193169   0.0002010911   0.0003751316  -0.0776944380  -0.1674101691
        0.1545782275   0.0007769371   0.0000804172   0.0009250868   0.0000950507
       -0.0006638465  -0.0004128471  -0.0003979181  -0.0004311305  -0.0000502234
        0.0614777640   0.1077463031  -0.1385806089  -0.0018912080  -0.0021516826
        0.0010373424   0.0293396129   0.0635270768  -0.0285135864  -0.0000344775
       -0.0001243008   0.0001526116
       -0.4178562827  -0.1049103259  -0.1836757236  -0.0373072024  -0.0002220396
       -0.0432811689   0.0068416518   0.0044602177  -0.0032139755  -0.0094127720
       -0.0026882206  -0.0057711526   0.0046656965  -0.0063170819   0.0075839131
       -0.0570476015  -0.0375543029  -0.0162888767  -0.0036252439  -0.0035335369
        0.0007769371   0.5063473063   0.1419866692   0.2405121986   0.0011537236
        0.0020352251   0.0002892766  -0.0017782629   0.0004150277  -0.0005789252
        0.0119795872   0.0039863282   0.0069461295  -0.0024983666  -0.0003788471
       -0.0001804381  -0.0025507138   0.0016506714  -0.0043869899   0.0010884806
        0.0010702156   0.0012687956
       -0.1049333034  -0.0934520418  -0.0432354521   0.0100711343   0.0149803672
        0.0076215950  -0.0011766764  -0.0002650623   0.0046156450  -0.0025986245
        0.0017653746  -0.0031707134  -0.0007478723  -0.0030027988   0.0082257074
       -0.0478350973  -0.0104737482  -0.0114929629  -0.0009364127  -0.0003780101
        0.0000804172   0.1419866692   0.0892096770   0.0442100841   0.0010199693
        0.0013658022  -0.0030785865   0.0012010012  -0.0005709931  -0.0002668396
        0.0039772034  -0.0001765553   0.0015799455  -0.0011437179  -0.0014026777
       -0.0012759668  -0.0009268460   0.0010062544  -0.0015362080   0.0020425732
        0.0013944119  -0.0022766649
       -0.1836962409  -0.0432329835  -0.1591361839  -0.0552857544  -0.0010215801
       -0.0312494369   0.0033127861   0.0093737174  -0.0035878103  -0.0057337287
       -0.0031971140  -0.0002108636   0.0009917999   0.0034698555   0.0013308739
       -0.0042476491  -0.0028286597   0.0139453409  -0.0022874853  -0.0021319537
        0.0009250868   0.2405121986   0.0442100841   0.1758132584   0.0014563346
       -0.0022461208   0.0018487646  -0.0014697612  -0.0009508738  -0.0018225388
        0.0069551840   0.0015856247   0.0023317928   0.0006695977  -0.0006144407
       -0.0003392321  -0.0013911572   0.0006494657  -0.0015622399   0.0002138757
       -0.0030650210   0.0017131881
        0.0040056217   0.0035995119  -0.0027759040  -0.1206522117  -0.1072531894
        0.0487743814  -0.0192848412  -0.0212691409   0.0095904133  -0.0012815872
       -0.0031414974  -0.0055459498  -0.0001372387   0.0003864034  -0.0005785991
        0.0011997141  -0.0005449364  -0.0026225697  -0.0010327969   0.0000981143
        0.0000950507   0.0011537236   0.0010199693   0.0014563346   0.1362582573
        0.1266024393  -0.0512486906  -0.0002012879   0.0013227687   0.0019510211
        0.0001898105  -0.0017798803   0.0004582545  -0.0002778931   0.0003940866
        0.0002984536   0.0000573959  -0.0000372773   0.0000841812   0.0000033336
        0.0006026283   0.0000636229
       -0.0122258894  -0.0125723807   0.0071137555  -0.1073500696  -0.1725095780
        0.0746365149  -0.0072262184  -0.0088690889   0.0027147450  -0.0040688875
        0.0051694931   0.0016697547   0.0006084034   0.0004790634  -0.0000256134
       -0.0002280051   0.0007635440   0.0048036792   0.0000033806  -0.0007420991
       -0.0006638465   0.0020352251   0.0013658022  -0.0022461208   0.1266024393
        0.1892059878  -0.0872713484   0.0021512831  -0.0011538260  -0.0018664369
       -0.0002734105   0.0004863429   0.0016787611   0.0003620276  -0.0004934060
       -0.0004831428  -0.0001252814   0.0001352505  -0.0002665974  -0.0002649973
       -0.0012651053   0.0002058959
        0.0156494044   0.0205305591  -0.0083597999   0.0489127361   0.0747046573
       -0.0762599717  -0.0068426297  -0.0092272280   0.0036722618  -0.0044563432
        0.0024854712   0.0028739625  -0.0008211384  -0.0002237652  -0.0004239802
       -0.0029876504   0.0045408678  -0.0027978351   0.0001893553  -0.0006103174
       -0.0004128471   0.0002892766  -0.0030785865   0.0018487646  -0.0512486906
       -0.0872713484   0.0808811095   0.0009806039  -0.0025721128  -0.0004840942
       -0.0012677148   0.0004460370   0.0005002707   0.0003332593  -0.0004577418
       -0.0003476921   0.0001923790  -0.0001946867   0.0003970149   0.0010771525
        0.0009281944  -0.0010871639
       -0.0002275159  -0.0058092934  -0.0028459041  -0.0100189665   0.0110278090
       -0.0240967273  -0.0646922123   0.0350044372  -0.0660746993   0.0060268861
       -0.0073881845   0.0120497678  -0.0011168429  -0.0039338836  -0.0001683259
       -0.0002225514   0.0003494491   0.0000934222   0.0002711581   0.0007029595
       -0.0003979181  -0.0017782629   0.0012010012  -0.0014697612  -0.0002012879
        0.0021512831   0.0009806039   0.0733623742  -0.0324639564   0.0800728622
        0.0004052916   0.0002012351   0.0018072204   0.0003300652  -0.0007300640
        0.0006787235  -0.0018626535  -0.0007138652  -0.0009125989  -0.0002754819
        0.0004010731   0.0002833349
       -0.0045101003   0.0049502826   0.0033785873  -0.0023722471   0.0046664009
       -0.0037464301   0.0344756984  -0.0970161597   0.1016888386   0.0048134407
       -0.0119621218   0.0203893338  -0.0043463433  -0.0013991544   0.0032096909
       -0.0001634199  -0.0002080713  -0.0008465718   0.0002987712   0.0003465344
       -0.0004311305   0.0004150277  -0.0005709931  -0.0009508738   0.0013227687
       -0.0011538260  -0.0025721128  -0.0324639564   0.1036848239  -0.1209970470
        0.0026821308  -0.0019999191   0.0022937369   0.0001619979  -0.0005488052
        0.0014242870  -0.0006774733   0.0017004613  -0.0023530699   0.0003637049
       -0.0004894526  -0.0004872386
       -0.0043649447   0.0022688561   0.0047347334  -0.0083743483   0.0076562321
       -0.0128813316  -0.0655292481   0.1020598811  -0.2097068283  -0.0021324286
        0.0101077910  -0.0116429188   0.0003163873   0.0035440853   0.0006213239
        0.0006837469  -0.0004207129   0.0002613986   0.0000892903  -0.0000497028
       -0.0000502234  -0.0005789252  -0.0002668396  -0.0018225388   0.0019510211
       -0.0018664369  -0.0004840942   0.0800728622  -0.1209970470   0.2328937181
       -0.0011847170   0.0002035704  -0.0032831007  -0.0003717251   0.0006544708
       -0.0005407409  -0.0009081762  -0.0024400390   0.0022613114   0.0003312056
       -0.0004541086  -0.0003607088
       -0.0155711378  -0.0047111328  -0.0082650260   0.0096457788  -0.0060933279
        0.0110398187  -0.0427302432  -0.0251306185  -0.0002295564  -0.1790014758
       -0.0354961520  -0.0586772656  -0.0279546974   0.0115346223  -0.0305354937
        0.0134189893   0.0074574743  -0.0016492772  -0.2098804375  -0.1579874966
        0.0614777640   0.0119795872   0.0039772034   0.0069551840   0.0001898105
       -0.0002734105  -0.0012677148   0.0004052916   0.0026821308  -0.0011847170
        0.5631745845   0.1710673530   0.1114332240  -0.0003715253  -0.0019304897
        0.0034308416  -0.1237885526   0.0362366417  -0.0928341414   0.0004840277
       -0.0013327976   0.0003063599
       -0.0046747377  -0.0010046913  -0.0020480363  -0.0016057697  -0.0024408811
        0.0074045622  -0.0240722719  -0.0147160204  -0.0125891609  -0.0356699163
       -0.0793225452  -0.0089777885   0.0104742691   0.0044600261  -0.0055679292
        0.0030370368   0.0024232672   0.0055642999  -0.1709686337  -0.2807836815
        0.1077463031   0.0039863282  -0.0001765553   0.0015856247  -0.0017798803
        0.0004863429   0.0004460370   0.0002012351  -0.0019999191   0.0002035704
        0.1710673530   0.5444247611  -0.2612293525   0.0006454141  -0.0032008152
        0.0018190411   0.0491495008  -0.1688179418   0.1637894302   0.0002100723
        0.0006686536   0.0018533986
       -0.0082704887  -0.0020520053  -0.0039527796   0.0058121743   0.0035409437
        0.0057433281  -0.0013937936  -0.0134044609   0.0066366894  -0.0587808388
       -0.0089263340  -0.1006031902  -0.0292861449  -0.0046953275  -0.0273609111
        0.0035943160   0.0093781336  -0.0029200563   0.0766349063   0.1186550410
       -0.1385806089   0.0069461295   0.0015799455   0.0023317928   0.0004582545
        0.0016787611   0.0005002707   0.0018072204   0.0022937369  -0.0032831007
        0.1114332240  -0.2612293525   0.5984381080   0.0006335351  -0.0002774360
       -0.0012232532  -0.1079748050   0.1529287421  -0.3359204373  -0.0016136891
        0.0005296124   0.0001941482
        0.0007352982  -0.0023562381  -0.0060720724  -0.0000490185   0.0003309060
        0.0002607417   0.0004511601  -0.0006724679  -0.0026552762   0.0054027353
        0.0034466133  -0.0011511681  -0.1238271638  -0.1082832292   0.0515761062
       -0.0181165211  -0.0218492660   0.0075150080  -0.0014076568   0.0004459820
       -0.0018912080  -0.0024983666  -0.0011437179   0.0006695977  -0.0002778931
        0.0003620276   0.0003332593   0.0003300652   0.0001619979  -0.0003717251
       -0.0003715253   0.0006454141   0.0006335351   0.1398187335   0.1278214237
       -0.0512770574  -0.0000091348  -0.0002939264   0.0005368429  -0.0001807124
        0.0013844809   0.0018934164
       -0.0036620366   0.0061036684   0.0027420449   0.0008311577   0.0000624075
       -0.0003196034  -0.0002996330   0.0005794379   0.0043389181  -0.0086762730
       -0.0126701276   0.0098132269  -0.1077679905  -0.1732561004   0.0707251159
       -0.0084125910  -0.0058030797   0.0033807652   0.0005139705   0.0023950609
       -0.0021516826  -0.0003788471  -0.0014026777  -0.0006144407   0.0003940866
       -0.0004934060  -0.0004577418  -0.0007300640  -0.0005488052   0.0006544708
       -0.0019304897  -0.0032008152  -0.0002774360   0.1278214237   0.1893419478
       -0.0858012293   0.0000815420   0.0000304915  -0.0001877975   0.0022157443
       -0.0011380022  -0.0018446105
       -0.0046223689   0.0038347746   0.0026904658  -0.0002967587  -0.0007378856
       -0.0001996344  -0.0031627502   0.0039781821  -0.0028523963   0.0131989246
        0.0201045409  -0.0103748773   0.0508717447   0.0703554723  -0.0743078980
       -0.0081490869  -0.0080079092   0.0056474247  -0.0018464298  -0.0020636048
        0.0010373424  -0.0001804381  -0.0012759668  -0.0003392321   0.0002984536
       -0.0004831428  -0.0003476921   0.0006787235   0.0014242870  -0.0005407409
        0.0034308416   0.0018190411  -0.0012232532  -0.0512770574  -0.0858012293
        0.0807728473   0.0001313282  -0.0005866693   0.0005682699   0.0009248740
       -0.0025598903  -0.0005306259
        0.0031804060   0.0014169500   0.0011411963  -0.0006033409   0.0017506895
       -0.0018335047  -0.0007097112   0.0012060540  -0.0029157377  -0.0206391251
        0.0168608398  -0.0490555927  -0.0032788184  -0.0051596486  -0.0022975014
       -0.0020515983  -0.0002342899  -0.0013803725   0.0209948266  -0.0249962543
        0.0293396129  -0.0025507138  -0.0009268460  -0.0013911572   0.0000573959
       -0.0001252814   0.0001923790  -0.0018626535  -0.0006774733  -0.0009081762
       -0.1237885526   0.0491495008  -0.1079748050  -0.0000091348   0.0000815420
        0.0001313282   0.1321775654  -0.0387864035   0.1371870252  -0.0009165452
        0.0004406209  -0.0002346943
       -0.0025071534  -0.0012601593  -0.0007935911   0.0019146284  -0.0004473337
        0.0011443709  -0.0069851019  -0.0038962647  -0.0001760823   0.0074135016
        0.0089012046   0.0119716319  -0.0036981911   0.0037983047   0.0000041366
        0.0017951309   0.0018286503  -0.0007321449   0.0036307733  -0.0306318855
        0.0635270768   0.0016506714   0.0010062544   0.0006494657  -0.0000372773
        0.0001352505  -0.0001946867  -0.0007138652   0.0017004613  -0.0024400390
        0.0362366417  -0.1688179418   0.1529287421  -0.0002939264   0.0000304915
       -0.0005866693  -0.0387864035   0.1881680291  -0.2247806551   0.0003805716
       -0.0005150614  -0.0005215557
        0.0056796595   0.0025651806   0.0017376462  -0.0020549475   0.0010244761
       -0.0037291537   0.0067610569   0.0068264564  -0.0012344349  -0.0379380964
        0.0198936341  -0.0421284589  -0.0040459722  -0.0012383901   0.0044836546
       -0.0037394014  -0.0024663716  -0.0003963450  -0.0041958705   0.0392487387
       -0.0285135864  -0.0043869899  -0.0015362080  -0.0015622399   0.0000841812
       -0.0002665974   0.0003970149  -0.0009125989  -0.0023530699   0.0022613114
       -0.0928341414   0.1637894302  -0.3359204373   0.0005368429  -0.0001877975
        0.0005682699   0.1371870252  -0.2247806551   0.4049380585  -0.0001407476
       -0.0005188265  -0.0009012994
        0.0058543832  -0.0078913354   0.0122511560  -0.0004652363  -0.0041699117
        0.0002110683  -0.0005260443  -0.0004654622   0.0000883541  -0.0016028031
       -0.0046758720  -0.0040144283  -0.0108823312   0.0129079295  -0.0232781241
       -0.0635022829   0.0306700198  -0.0640060173   0.0001385893   0.0001207811
       -0.0000344775   0.0010884806   0.0020425732   0.0002138757   0.0000033336
       -0.0002649973   0.0010771525  -0.0002754819   0.0003637049   0.0003312056
        0.0004840277   0.0002100723  -0.0016136891  -0.0001807124   0.0022157443
        0.0009248740  -0.0009165452   0.0003805716  -0.0001407476   0.0707826230
       -0.0314438182   0.0779897978
        0.0078135089  -0.0102836067   0.0214476997  -0.0044754190  -0.0013327612
        0.0036740987  -0.0007344112  -0.0001198140  -0.0004679727  -0.0037169467
        0.0048553335   0.0023605656  -0.0011117165   0.0019872880  -0.0048073382
        0.0308125663  -0.0976889979   0.1050126268   0.0002900153   0.0003260337
       -0.0001243008   0.0010702156   0.0013944119  -0.0030650210   0.0006026283
       -0.0012651053   0.0009281944   0.0004010731  -0.0004894526  -0.0004541086
       -0.0013327976   0.0006686536   0.0005296124   0.0013844809  -0.0011380022
       -0.0025598903   0.0004406209  -0.0005150614  -0.0005188265  -0.0314438182
        0.1036010806  -0.1219553394
       -0.0061459944   0.0081150945  -0.0123254588   0.0005178714   0.0039176467
        0.0008853803   0.0005479799  -0.0001335609   0.0006351504  -0.0052317506
        0.0014697475   0.0033819225  -0.0068207364   0.0071071915  -0.0154193741
       -0.0641598192   0.1048796191  -0.2082245930  -0.0002781838  -0.0003296238
        0.0001526116   0.0012687956  -0.0022766649   0.0017131881   0.0000636229
        0.0002058959  -0.0010871639   0.0002833349  -0.0004872386  -0.0003607088
        0.0003063599   0.0018533986   0.0001941482   0.0018934164  -0.0018446105
       -0.0005306259  -0.0002346943  -0.0005215557  -0.0009012994   0.0779897978
       -0.1219553394   0.2318868227
