           1           2   1.1510766329581159     
           2           3   1.5985231160192044     
           3           4   1.2540140461632918     
           4           5   1.2540377971992034     
           1           6   1.1510229664403704     
           5           6   1.5985337612783510     
           1           8   1.5447030819283210     
           2           9  0.96569766953494784     
           3          10  0.96829575330071260     
           4          11   1.1564397268094655     
           7          11   1.1802939162060395     
           5          12  0.96829018559331048     
           7          13  0.18086734723631667     
          11          13   1.1802313602094210     
           6          14  0.96568763493894361     
