# Atoms array:
     x           y            z                   Z     indx
   -7.044827    -4.557760     1.575720            6      0
   -8.048166    -3.406298     1.578073            6      1
   -7.537536    -5.764313     1.037441            8      2
   -6.126851    -4.253234     1.028083            1      3
   -6.754879    -4.805256     2.615832            1      4
   -7.704286    -5.590809    -0.434834            8      5
   -8.350020    -3.168812     0.549043            1      6
   -8.947244    -3.675585     2.153996            1      7
   -7.605409    -2.505202     2.030167            1      8

# Gridpoints array:
     x           y            z                   Z     indx
   -5.004827    -4.557760     1.575720            6      0
   -7.044827    -4.557760     3.615720            6      0
   -5.867032    -3.379966     2.753515            6      0
   -5.867032    -5.735555     2.753515            6      0
   -8.222621    -5.735555     2.753515            6      0
   -5.867032    -3.379966     0.397926            6      0
   -5.867032    -5.735555     0.397926            6      0
   -6.667191    -4.180124     3.544573            6      0
   -7.422463    -4.180124     3.544573            6      0
   -6.667191    -4.935396     3.544573            6      0
   -7.422463    -4.935396     3.544573            6      0
   -6.667191    -4.180124    -0.393133            6      0
   -7.422463    -4.180124    -0.393133            6      0
   -6.667191    -6.526613     1.953356            6      0
   -6.667191    -2.588907     1.198084            6      0
   -5.075974    -4.180124     1.953356            6      0
   -5.075974    -4.935396     1.953356            6      0
   -9.013680    -4.935396     1.953356            6      0
   -5.075974    -4.180124     1.198084            6      0
   -5.075974    -4.935396     1.198084            6      0
   -9.013680    -4.935396     1.198084            6      0
   -5.636368    -3.149301     2.016273            6      0
   -5.636368    -5.966219     2.016273            6      0
   -8.453286    -5.966219     2.016273            6      0
   -5.636368    -3.149301     1.135167            6      0
   -5.636368    -5.966219     1.135167            6      0
   -5.636368    -4.117207     2.984179            6      0
   -8.453286    -4.117207     2.984179            6      0
   -5.636368    -4.998313     2.984179            6      0
   -8.453286    -4.998313     2.984179            6      0
   -5.636368    -4.117207     0.167261            6      0
   -5.636368    -4.998313     0.167261            6      0
   -6.604274    -3.149301     2.984179            6      0
   -6.604274    -5.966219     2.984179            6      0
   -7.485380    -5.966219     2.984179            6      0
   -6.604274    -3.149301     0.167261            6      0
   -6.237620    -3.750554     3.266411            6      0
   -7.852033    -3.750554     3.266411            6      0
   -6.237620    -5.364967     3.266411            6      0
   -7.852033    -5.364967     3.266411            6      0
   -6.237620    -3.750554    -0.114970            6      0
   -7.852033    -3.750554    -0.114970            6      0
   -6.237620    -5.364967    -0.114970            6      0
   -6.237620    -2.867070     2.382927            6      0
   -6.237620    -6.248451     2.382927            6      0
   -7.852033    -6.248451     2.382927            6      0
   -6.237620    -2.867070     0.768514            6      0
   -6.237620    -6.248451     0.768514            6      0
   -5.354136    -3.750554     2.382927            6      0
   -5.354136    -5.364967     2.382927            6      0
   -8.735518    -5.364967     2.382927            6      0
   -5.354136    -3.750554     0.768514            6      0
   -5.354136    -5.364967     0.768514            6      0
   -6.068954    -2.766316     1.575720            6      0
   -6.068954    -6.349205     1.575720            6      0
   -5.253383    -3.581888     1.575720            6      0
   -5.253383    -5.533633     1.575720            6      0
   -8.836271    -5.533633     1.575720            6      0
   -6.068954    -4.557760     3.367165            6      0
   -8.020700    -4.557760     3.367165            6      0
   -6.068954    -4.557760    -0.215724            6      0
   -5.253383    -4.557760     2.551593            6      0
   -8.836271    -4.557760     2.551593            6      0
   -5.253383    -4.557760     0.599847            6      0
   -8.836271    -4.557760     0.599847            6      0
   -7.044827    -3.581888     3.367165            6      0
   -7.044827    -5.533633     3.367165            6      0
   -7.044827    -3.581888    -0.215724            6      0
   -7.044827    -6.349205     2.551593            6      0
   -7.044827    -2.766316     0.599847            6      0
  -10.088166    -3.406298     1.578073            6      1
   -8.048166    -1.366298     1.578073            6      1
   -8.048166    -3.406298     3.618073            6      1
   -8.048166    -3.406298    -0.461927            6      1
   -6.870371    -2.228504     2.755867            6      1
   -9.225960    -2.228504     2.755867            6      1
   -9.225960    -4.584093     2.755867            6      1
   -6.870371    -2.228504     0.400278            6      1
   -9.225960    -2.228504     0.400278            6      1
   -9.225960    -4.584093     0.400278            6      1
   -7.670530    -3.028662     3.546926            6      1
   -8.425802    -3.028662     3.546926            6      1
   -7.670530    -3.783934     3.546926            6      1
   -8.425802    -3.783934     3.546926            6      1
   -7.670530    -3.028662    -0.390780            6      1
   -8.425802    -3.028662    -0.390780            6      1
   -7.670530    -3.783934    -0.390780            6      1
   -8.425802    -3.783934    -0.390780            6      1
   -7.670530    -1.437445     1.955709            6      1
   -8.425802    -1.437445     1.955709            6      1
   -7.670530    -1.437445     1.200437            6      1
   -8.425802    -1.437445     1.200437            6      1
   -6.079313    -3.028662     1.955709            6      1
  -10.017019    -3.028662     1.955709            6      1
  -10.017019    -3.783934     1.955709            6      1
   -6.079313    -3.028662     1.200437            6      1
  -10.017019    -3.028662     1.200437            6      1
  -10.017019    -3.783934     1.200437            6      1
   -6.639707    -1.997839     2.018626            6      1
   -9.456625    -1.997839     2.018626            6      1
   -9.456625    -4.814757     2.018626            6      1
   -6.639707    -1.997839     1.137520            6      1
   -9.456625    -1.997839     1.137520            6      1
   -9.456625    -4.814757     1.137520            6      1
   -6.639707    -2.965745     2.986532            6      1
   -9.456625    -2.965745     2.986532            6      1
   -6.639707    -3.846851     2.986532            6      1
   -9.456625    -3.846851     2.986532            6      1
   -6.639707    -2.965745     0.169614            6      1
   -9.456625    -2.965745     0.169614            6      1
   -6.639707    -3.846851     0.169614            6      1
   -9.456625    -3.846851     0.169614            6      1
   -7.607613    -1.997839     2.986532            6      1
   -8.488719    -1.997839     2.986532            6      1
   -8.488719    -4.814757     2.986532            6      1
   -7.607613    -1.997839     0.169614            6      1
   -8.488719    -1.997839     0.169614            6      1
   -7.240959    -2.599092     3.268764            6      1
   -8.855372    -2.599092     3.268764            6      1
   -7.240959    -4.213505     3.268764            6      1
   -8.855372    -4.213505     3.268764            6      1
   -7.240959    -2.599092    -0.112618            6      1
   -8.855372    -2.599092    -0.112618            6      1
   -7.240959    -4.213505    -0.112618            6      1
   -8.855372    -4.213505    -0.112618            6      1
   -7.240959    -1.715607     2.385279            6      1
   -8.855372    -1.715607     2.385279            6      1
   -8.855372    -5.096989     2.385279            6      1
   -7.240959    -1.715607     0.770866            6      1
   -8.855372    -1.715607     0.770866            6      1
   -8.855372    -5.096989     0.770866            6      1
   -6.357475    -2.599092     2.385279            6      1
   -9.738856    -2.599092     2.385279            6      1
   -9.738856    -4.213505     2.385279            6      1
   -6.357475    -2.599092     0.770866            6      1
   -9.738856    -2.599092     0.770866            6      1
   -9.738856    -4.213505     0.770866            6      1
   -7.072293    -1.614854     1.578073            6      1
   -9.024038    -1.614854     1.578073            6      1
   -9.024038    -5.197742     1.578073            6      1
   -6.256721    -2.430425     1.578073            6      1
   -9.839610    -2.430425     1.578073            6      1
   -9.839610    -4.382171     1.578073            6      1
   -7.072293    -3.406298     3.369517            6      1
   -9.024038    -3.406298     3.369517            6      1
   -7.072293    -3.406298    -0.213371            6      1
   -9.024038    -3.406298    -0.213371            6      1
   -6.256721    -3.406298     2.553946            6      1
   -9.839610    -3.406298     2.553946            6      1
   -9.839610    -3.406298     0.602200            6      1
   -8.048166    -2.430425     3.369517            6      1
   -8.048166    -4.382171     3.369517            6      1
   -8.048166    -2.430425    -0.213371            6      1
   -8.048166    -1.614854     2.553946            6      1
   -8.048166    -1.614854     0.602200            6      1
   -5.713536    -5.764313     1.037441            8      2
   -9.361536    -5.764313     1.037441            8      2
   -7.537536    -7.588313     1.037441            8      2
   -7.537536    -5.764313     2.861441            8      2
   -6.484449    -6.817400     2.090528            8      2
   -8.590623    -6.817400     2.090528            8      2
   -6.484449    -6.817400    -0.015646            8      2
   -8.590623    -6.817400    -0.015646            8      2
   -7.875187    -5.426662     2.797827            8      2
   -7.199885    -6.101964     2.797827            8      2
   -7.875187    -6.101964     2.797827            8      2
   -7.199885    -7.524699     1.375092            8      2
   -7.875187    -7.524699     1.375092            8      2
   -7.199885    -7.524699     0.699790            8      2
   -7.875187    -7.524699     0.699790            8      2
   -9.297922    -5.426662     1.375092            8      2
   -5.777150    -6.101964     1.375092            8      2
   -9.297922    -6.101964     1.375092            8      2
   -5.777150    -5.426662     0.699790            8      2
   -9.297922    -5.426662     0.699790            8      2
   -5.777150    -6.101964     0.699790            8      2
   -9.297922    -6.101964     0.699790            8      2
   -6.278208    -7.023641     1.431347            8      2
   -8.796864    -7.023641     1.431347            8      2
   -8.796864    -4.504985     0.643535            8      2
   -6.278208    -7.023641     0.643535            8      2
   -8.796864    -7.023641     0.643535            8      2
   -8.796864    -5.370407     2.296769            8      2
   -6.278208    -6.158219     2.296769            8      2
   -8.796864    -6.158219     2.296769            8      2
   -6.278208    -5.370407    -0.221887            8      2
   -6.278208    -6.158219    -0.221887            8      2
   -7.143630    -7.023641     2.296769            8      2
   -7.931442    -7.023641     2.296769            8      2
   -7.143630    -7.023641    -0.221887            8      2
   -7.931442    -7.023641    -0.221887            8      2
   -8.259274    -5.042575     2.549118            8      2
   -6.815798    -6.486051     2.549118            8      2
   -8.259274    -6.486051     2.549118            8      2
   -6.815798    -7.275989     1.759179            8      2
   -8.259274    -7.275989     1.759179            8      2
   -6.815798    -7.275989     0.315704            8      2
   -8.259274    -7.275989     0.315704            8      2
   -9.049212    -5.042575     1.759179            8      2
   -6.025860    -6.486051     1.759179            8      2
   -9.049212    -6.486051     1.759179            8      2
   -6.025860    -5.042575     0.315704            8      2
   -9.049212    -5.042575     0.315704            8      2
   -6.025860    -6.486051     0.315704            8      2
   -9.049212    -6.486051     0.315704            8      2
   -6.664991    -7.366075     1.037441            8      2
   -8.410081    -7.366075     1.037441            8      2
   -9.139298    -4.891768     1.037441            8      2
   -5.935774    -6.636858     1.037441            8      2
   -9.139298    -6.636858     1.037441            8      2
   -8.410081    -5.764313     2.639203            8      2
   -5.935774    -5.764313     1.909986            8      2
   -9.139298    -5.764313     1.909986            8      2
   -5.935774    -5.764313     0.164896            8      2
   -9.139298    -5.764313     0.164896            8      2
   -7.537536    -6.636858     2.639203            8      2
   -7.537536    -7.366075     1.909986            8      2
   -7.537536    -7.366075     0.164896            8      2
   -4.806851    -4.253234     1.028083            1      3
   -6.126851    -2.933234     1.028083            1      3
   -6.126851    -4.253234    -0.291917            1      3
   -5.364749    -3.491131     1.790185            1      3
   -5.364749    -5.015336     1.790185            1      3
   -5.364749    -3.491131     0.265981            1      3
   -5.364749    -5.015336     0.265981            1      3
   -5.882499    -4.008881    -0.245881            1      3
   -6.371204    -4.008881    -0.245881            1      3
   -5.882499    -4.497586    -0.245881            1      3
   -6.371204    -4.497586    -0.245881            1      3
   -5.882499    -2.979270     1.272436            1      3
   -5.882499    -2.979270     0.783730            1      3
   -6.371204    -2.979270     0.783730            1      3
   -4.852888    -4.008881     1.272436            1      3
   -4.852888    -4.497586     1.272436            1      3
   -4.852888    -4.008881     0.783730            1      3
   -4.852888    -4.497586     0.783730            1      3
   -5.215496    -3.341878     1.313147            1      3
   -5.215496    -5.164590     1.313147            1      3
   -5.215496    -3.341878     0.743019            1      3
   -5.215496    -5.164590     0.743019            1      3
   -5.215496    -3.968170     1.939439            1      3
   -5.215496    -4.538297     1.939439            1      3
   -5.215496    -3.968170     0.116727            1      3
   -5.215496    -4.538297     0.116727            1      3
   -5.841788    -3.341878     1.939439            1      3
   -5.841788    -3.341878     0.116727            1      3
   -6.411915    -3.341878     0.116727            1      3
   -5.841788    -5.164590     0.116727            1      3
   -5.604541    -3.730924     2.122059            1      3
   -5.604541    -3.730924    -0.065893            1      3
   -6.649162    -3.730924    -0.065893            1      3
   -5.604541    -4.775544    -0.065893            1      3
   -5.604541    -3.159257     1.550393            1      3
   -5.604541    -3.159257     0.505773            1      3
   -5.604541    -5.347210     0.505773            1      3
   -5.032875    -3.730924     1.550393            1      3
   -5.032875    -4.775544     1.550393            1      3
   -5.032875    -3.730924     0.505773            1      3
   -5.032875    -4.775544     0.505773            1      3
   -5.495404    -3.094064     1.028083            1      3
   -5.495404    -5.412404     1.028083            1      3
   -4.967682    -3.621787     1.028083            1      3
   -4.967682    -4.884681     1.028083            1      3
   -5.495404    -4.253234    -0.131087            1      3
   -4.967682    -4.253234     1.659530            1      3
   -4.967682    -4.253234     0.396636            1      3
   -6.126851    -3.621787    -0.131087            1      3
   -6.126851    -4.884681    -0.131087            1      3
   -6.126851    -3.094064     1.659530            1      3
   -6.126851    -3.094064     0.396636            1      3
   -5.434879    -4.805256     2.615832            1      4
   -6.754879    -6.125256     2.615832            1      4
   -6.754879    -4.805256     3.935832            1      4
   -5.992776    -4.043153     3.377934            1      4
   -7.516981    -4.043153     3.377934            1      4
   -5.992776    -5.567358     3.377934            1      4
   -7.516981    -5.567358     3.377934            1      4
   -6.510526    -4.560903     3.889796            1      4
   -6.999231    -4.560903     3.889796            1      4
   -6.510526    -5.049608     3.889796            1      4
   -6.999231    -5.049608     3.889796            1      4
   -6.510526    -6.079220     2.860184            1      4
   -6.999231    -6.079220     2.860184            1      4
   -6.510526    -6.079220     2.371479            1      4
   -5.480915    -4.560903     2.860184            1      4
   -5.480915    -5.049608     2.860184            1      4
   -5.480915    -4.560903     2.371479            1      4
   -5.480915    -5.049608     2.371479            1      4
   -5.843523    -3.893900     2.900895            1      4
   -5.843523    -5.716612     2.900895            1      4
   -7.666235    -5.716612     2.900895            1      4
   -5.843523    -5.716612     2.330768            1      4
   -5.843523    -4.520192     3.527188            1      4
   -7.666235    -4.520192     3.527188            1      4
   -5.843523    -5.090319     3.527188            1      4
   -7.666235    -5.090319     3.527188            1      4
   -6.469815    -3.893900     3.527188            1      4
   -7.039942    -3.893900     3.527188            1      4
   -6.469815    -5.716612     3.527188            1      4
   -7.039942    -5.716612     3.527188            1      4
   -6.232569    -4.282946     3.709808            1      4
   -7.277189    -4.282946     3.709808            1      4
   -6.232569    -5.327566     3.709808            1      4
   -7.277189    -5.327566     3.709808            1      4
   -6.232569    -3.711279     3.138142            1      4
   -6.232569    -5.899232     3.138142            1      4
   -7.277189    -5.899232     3.138142            1      4
   -5.660902    -4.282946     3.138142            1      4
   -5.660902    -5.327566     3.138142            1      4
   -7.848855    -5.327566     3.138142            1      4
   -6.123432    -5.964426     2.615832            1      4
   -5.595709    -4.173809     2.615832            1      4
   -5.595709    -5.436703     2.615832            1      4
   -6.123432    -4.805256     3.775002            1      4
   -7.386326    -4.805256     3.775002            1      4
   -5.595709    -4.805256     3.247279            1      4
   -7.914048    -4.805256     3.247279            1      4
   -6.754879    -4.173809     3.775002            1      4
   -6.754879    -5.436703     3.775002            1      4
   -6.754879    -3.646086     3.247279            1      4
   -6.754879    -5.964426     3.247279            1      4
   -5.880286    -5.590809    -0.434834            8      5
   -9.528286    -5.590809    -0.434834            8      5
   -7.704286    -3.766809    -0.434834            8      5
   -7.704286    -7.414809    -0.434834            8      5
   -7.704286    -5.590809    -2.258834            8      5
   -8.757373    -4.537722     0.618252            8      5
   -8.757373    -6.643896     0.618252            8      5
   -6.651199    -4.537722    -1.487921            8      5
   -8.757373    -4.537722    -1.487921            8      5
   -6.651199    -6.643896    -1.487921            8      5
   -8.757373    -6.643896    -1.487921            8      5
   -7.366635    -5.253158    -2.195221            8      5
   -8.041937    -5.253158    -2.195221            8      5
   -7.366635    -5.928460    -2.195221            8      5
   -8.041937    -5.928460    -2.195221            8      5
   -7.366635    -3.830422    -0.097184            8      5
   -7.366635    -7.351195    -0.097184            8      5
   -8.041937    -7.351195    -0.097184            8      5
   -7.366635    -3.830422    -0.772485            8      5
   -8.041937    -3.830422    -0.772485            8      5
   -7.366635    -7.351195    -0.772485            8      5
   -8.041937    -7.351195    -0.772485            8      5
   -5.943900    -5.253158    -0.097184            8      5
   -9.464672    -5.253158    -0.097184            8      5
   -5.943900    -5.928460    -0.097184            8      5
   -9.464672    -5.928460    -0.097184            8      5
   -5.943900    -5.253158    -0.772485            8      5
   -9.464672    -5.253158    -0.772485            8      5
   -5.943900    -5.928460    -0.772485            8      5
   -9.464672    -5.928460    -0.772485            8      5
   -6.444958    -4.331481    -0.040928            8      5
   -8.963614    -4.331481    -0.040928            8      5
   -6.444958    -6.850137    -0.040928            8      5
   -8.963614    -6.850137    -0.040928            8      5
   -6.444958    -4.331481    -0.828741            8      5
   -8.963614    -4.331481    -0.828741            8      5
   -6.444958    -6.850137    -0.828741            8      5
   -8.963614    -6.850137    -0.828741            8      5
   -8.963614    -5.196903     0.824494            8      5
   -8.963614    -5.984715     0.824494            8      5
   -6.444958    -5.196903    -1.694162            8      5
   -8.963614    -5.196903    -1.694162            8      5
   -6.444958    -5.984715    -1.694162            8      5
   -8.963614    -5.984715    -1.694162            8      5
   -7.310380    -4.331481    -1.694162            8      5
   -8.098192    -4.331481    -1.694162            8      5
   -7.310380    -6.850137    -1.694162            8      5
   -8.098192    -6.850137    -1.694162            8      5
   -6.982549    -4.869071    -1.946511            8      5
   -8.426024    -4.869071    -1.946511            8      5
   -6.982549    -6.312546    -1.946511            8      5
   -8.426024    -6.312546    -1.946511            8      5
   -6.982549    -7.102485     0.286903            8      5
   -8.426024    -7.102485     0.286903            8      5
   -6.982549    -4.079132    -1.156572            8      5
   -8.426024    -4.079132    -1.156572            8      5
   -6.982549    -7.102485    -1.156572            8      5
   -8.426024    -7.102485    -1.156572            8      5
   -9.215963    -4.869071     0.286903            8      5
   -6.192610    -6.312546     0.286903            8      5
   -9.215963    -6.312546     0.286903            8      5
   -6.192610    -4.869071    -1.156572            8      5
   -9.215963    -4.869071    -1.156572            8      5
   -6.192610    -6.312546    -1.156572            8      5
   -9.215963    -6.312546    -1.156572            8      5
   -6.831741    -3.989047    -0.434834            8      5
   -8.576831    -3.989047    -0.434834            8      5
   -6.831741    -7.192571    -0.434834            8      5
   -8.576831    -7.192571    -0.434834            8      5
   -6.102524    -4.718264    -0.434834            8      5
   -9.306048    -4.718264    -0.434834            8      5
   -6.102524    -6.463354    -0.434834            8      5
   -9.306048    -6.463354    -0.434834            8      5
   -6.831741    -5.590809    -2.036596            8      5
   -8.576831    -5.590809    -2.036596            8      5
   -6.102524    -5.590809     0.437711            8      5
   -9.306048    -5.590809     0.437711            8      5
   -6.102524    -5.590809    -1.307380            8      5
   -9.306048    -5.590809    -1.307380            8      5
   -7.704286    -4.718264    -2.036596            8      5
   -7.704286    -6.463354    -2.036596            8      5
   -7.704286    -7.192571     0.437711            8      5
   -7.704286    -3.989047    -1.307380            8      5
   -7.704286    -7.192571    -1.307380            8      5
   -9.670020    -3.168812     0.549043            1      6
   -8.350020    -1.848812     0.549043            1      6
   -8.350020    -3.168812    -0.770957            1      6
   -7.587917    -2.406710    -0.213060            1      6
   -9.112122    -2.406710    -0.213060            1      6
   -7.587917    -3.930914    -0.213060            1      6
   -9.112122    -3.930914    -0.213060            1      6
   -8.105667    -2.924459    -0.724921            1      6
   -8.594372    -2.924459    -0.724921            1      6
   -8.105667    -3.413165    -0.724921            1      6
   -8.594372    -3.413165    -0.724921            1      6
   -8.594372    -1.894848     0.793395            1      6
   -8.105667    -1.894848     0.304690            1      6
   -8.594372    -1.894848     0.304690            1      6
   -9.623983    -2.924459     0.793395            1      6
   -9.623983    -3.413165     0.793395            1      6
   -9.623983    -2.924459     0.304690            1      6
   -9.623983    -3.413165     0.304690            1      6
   -9.261376    -2.257456     0.834106            1      6
   -7.438664    -2.257456     0.263979            1      6
   -9.261376    -2.257456     0.263979            1      6
   -9.261376    -4.080168     0.263979            1      6
   -7.438664    -2.883748    -0.362313            1      6
   -9.261376    -2.883748    -0.362313            1      6
   -7.438664    -3.453876    -0.362313            1      6
   -9.261376    -3.453876    -0.362313            1      6
   -8.064956    -2.257456    -0.362313            1      6
   -8.635083    -2.257456    -0.362313            1      6
   -8.064956    -4.080168    -0.362313            1      6
   -8.635083    -4.080168    -0.362313            1      6
   -7.827710    -2.646502    -0.544934            1      6
   -8.872330    -2.646502    -0.544934            1      6
   -7.827710    -3.691122    -0.544934            1      6
   -8.872330    -3.691122    -0.544934            1      6
   -7.827710    -2.074836     0.026732            1      6
   -8.872330    -2.074836     0.026732            1      6
   -8.872330    -4.262788     0.026732            1      6
   -7.256043    -2.646502     0.026732            1      6
   -9.443996    -2.646502     0.026732            1      6
   -9.443996    -3.691122     0.026732            1      6
   -7.718573    -2.009642     0.549043            1      6
   -8.981467    -2.009642     0.549043            1      6
   -9.509189    -2.537365     0.549043            1      6
   -9.509189    -3.800259     0.549043            1      6
   -7.718573    -3.168812    -0.610127            1      6
   -8.981467    -3.168812    -0.610127            1      6
   -7.190850    -3.168812    -0.082405            1      6
   -9.509189    -3.168812    -0.082405            1      6
   -8.350020    -2.537365    -0.610127            1      6
   -8.350020    -3.800259    -0.610127            1      6
   -8.350020    -2.009642    -0.082405            1      6
  -10.267244    -3.675585     2.153996            1      7
   -8.947244    -4.995586     2.153996            1      7
   -8.947244    -3.675585     3.473996            1      7
   -9.709347    -2.913483     2.916098            1      7
   -9.709347    -4.437688     2.916098            1      7
   -9.709347    -2.913483     1.391894            1      7
   -9.709347    -4.437688     1.391894            1      7
   -8.702892    -3.431233     3.427960            1      7
   -9.191597    -3.431233     3.427960            1      7
   -8.702892    -3.919938     3.427960            1      7
   -9.191597    -3.919938     3.427960            1      7
   -9.191597    -2.401622     2.398349            1      7
   -8.702892    -4.949549     2.398349            1      7
   -9.191597    -4.949549     2.398349            1      7
   -9.191597    -4.949549     1.909643            1      7
  -10.221208    -3.431233     2.398349            1      7
  -10.221208    -3.919938     2.398349            1      7
  -10.221208    -3.431233     1.909643            1      7
  -10.221208    -3.919938     1.909643            1      7
   -9.858600    -2.764230     2.439060            1      7
   -9.858600    -4.586941     2.439060            1      7
   -9.858600    -2.764230     1.868932            1      7
   -9.858600    -4.586941     1.868932            1      7
   -9.858600    -3.390522     3.065352            1      7
   -9.858600    -3.960649     3.065352            1      7
   -9.858600    -3.390522     1.242640            1      7
   -9.858600    -3.960649     1.242640            1      7
   -8.662181    -2.764230     3.065352            1      7
   -9.232308    -2.764230     3.065352            1      7
   -8.662181    -4.586941     3.065352            1      7
   -9.232308    -4.586941     3.065352            1      7
   -9.232308    -4.586941     1.242640            1      7
   -8.424934    -3.153275     3.247972            1      7
   -9.469555    -3.153275     3.247972            1      7
   -8.424934    -4.197896     3.247972            1      7
   -9.469555    -4.197896     3.247972            1      7
   -9.469555    -4.197896     1.060020            1      7
   -9.469555    -2.581609     2.676306            1      7
   -9.469555    -4.769562     2.676306            1      7
   -9.469555    -4.769562     1.631686            1      7
  -10.041221    -3.153275     2.676306            1      7
  -10.041221    -4.197896     2.676306            1      7
  -10.041221    -3.153275     1.631686            1      7
  -10.041221    -4.197896     1.631686            1      7
   -9.578692    -2.516416     2.153996            1      7
   -9.578692    -4.834755     2.153996            1      7
  -10.106414    -3.044138     2.153996            1      7
  -10.106414    -4.307033     2.153996            1      7
   -8.315797    -3.675585     3.313166            1      7
   -9.578692    -3.675585     3.313166            1      7
  -10.106414    -3.675585     2.785443            1      7
  -10.106414    -3.675585     1.522549            1      7
   -8.947244    -3.044138     3.313166            1      7
   -8.947244    -4.307033     3.313166            1      7
   -8.947244    -2.516416     2.785443            1      7
   -8.947244    -4.834755     2.785443            1      7
   -6.285409    -2.505202     2.030167            1      8
   -7.605409    -1.185202     2.030167            1      8
   -7.605409    -2.505202     3.350167            1      8
   -6.843307    -1.743099     2.792269            1      8
   -8.367512    -1.743099     2.792269            1      8
   -6.843307    -1.743099     1.268064            1      8
   -8.367512    -1.743099     1.268064            1      8
   -7.361057    -2.260849     3.304131            1      8
   -7.849762    -2.260849     3.304131            1      8
   -7.361057    -2.749554     3.304131            1      8
   -7.849762    -2.749554     3.304131            1      8
   -7.361057    -1.231238     2.274519            1      8
   -7.849762    -1.231238     2.274519            1      8
   -7.361057    -1.231238     1.785814            1      8
   -7.849762    -1.231238     1.785814            1      8
   -6.331446    -2.260849     2.274519            1      8
   -6.331446    -2.749554     2.274519            1      8
   -6.331446    -2.260849     1.785814            1      8
   -6.331446    -2.749554     1.785814            1      8
   -6.694054    -1.593846     2.315230            1      8
   -8.516765    -1.593846     2.315230            1      8
   -6.694054    -1.593846     1.745103            1      8
   -8.516765    -1.593846     1.745103            1      8
   -6.694054    -2.220138     2.941523            1      8
   -8.516765    -2.220138     2.941523            1      8
   -6.694054    -2.790265     2.941523            1      8
   -6.694054    -2.220138     1.118811            1      8
   -7.320346    -1.593846     2.941523            1      8
   -7.890473    -1.593846     2.941523            1      8
   -7.320346    -1.593846     1.118811            1      8
   -7.890473    -1.593846     1.118811            1      8
   -7.083099    -1.982892     3.124143            1      8
   -8.127719    -1.982892     3.124143            1      8
   -7.083099    -3.027512     3.124143            1      8
   -7.083099    -1.982892     0.936190            1      8
   -7.083099    -1.411225     2.552477            1      8
   -8.127719    -1.411225     2.552477            1      8
   -7.083099    -1.411225     1.507857            1      8
   -8.127719    -1.411225     1.507857            1      8
   -6.511433    -1.982892     2.552477            1      8
   -8.699386    -1.982892     2.552477            1      8
   -6.511433    -3.027512     2.552477            1      8
   -6.511433    -1.982892     1.507857            1      8
   -6.973962    -1.346032     2.030167            1      8
   -8.236856    -1.346032     2.030167            1      8
   -6.446240    -1.873755     2.030167            1      8
   -8.764579    -1.873755     2.030167            1      8
   -6.973962    -2.505202     3.189337            1      8
   -8.236856    -2.505202     3.189337            1      8
   -6.446240    -2.505202     2.661614            1      8
   -6.446240    -2.505202     1.398720            1      8
   -7.605409    -1.873755     3.189337            1      8
   -7.605409    -1.873755     0.870997            1      8
   -7.605409    -1.346032     2.661614            1      8
   -7.605409    -1.346032     1.398720            1      8
