$hessian                                                                        
        0.1418238136   0.0881798197  -0.0357981344  -0.1418238136  -0.0881798198
        0.0357981344
        0.0881798197   0.0547741088  -0.0223697813  -0.0881798197  -0.0547741088
        0.0223697813
       -0.0357981344  -0.0223697813   0.0090548398   0.0357981344   0.0223697813
       -0.0090548398
       -0.1418238136  -0.0881798197   0.0357981344   0.1418238136   0.0881798198
       -0.0357981344
       -0.0881798198  -0.0547741088   0.0223697813   0.0881798198   0.0547741088
       -0.0223697813
        0.0357981344   0.0223697813  -0.0090548398  -0.0357981344  -0.0223697813
        0.0090548397
