$hessian                                                                        
        0.7780482382   0.5273013691   0.0357475738  -0.7546238088  -0.4916263002
       -0.0368192563  -0.0246595258  -0.0384482124   0.0035267379   0.0012350964
        0.0027731436  -0.0024550554
        0.5273013691   0.3891034886   0.0255404057  -0.4926315208  -0.3830145180
       -0.0244882066  -0.0304274617  -0.0068810435  -0.0008077487  -0.0042423867
        0.0007920729  -0.0002444504
        0.0357475738   0.0255404057   0.0237098326  -0.0362957222  -0.0240764872
       -0.0439376485  -0.0006699364  -0.0041100403   0.0174392579   0.0012180847
        0.0026461218   0.0027885581
       -0.7546238088  -0.4926315208  -0.0362957222   1.1716162732   0.7783709041
        0.0439877129  -0.3807403770  -0.2464601338  -0.0161095577  -0.0362520873
       -0.0392792496   0.0084175670
       -0.4916263002  -0.3830145180  -0.0240764872   0.7783709041   0.6694121993
        0.0112077935  -0.2916000143  -0.2790284177   0.0105843712   0.0048554104
       -0.0073692636   0.0022843226
       -0.0368192563  -0.0244882066  -0.0439376485   0.0439877129   0.0112077935
        0.0896457557   0.0075071102   0.0291890852  -0.0411470459  -0.0146755668
       -0.0159086720  -0.0045610613
       -0.0246595258  -0.0304274617  -0.0006699364  -0.3807403770  -0.2916000143
        0.0075071102   0.6420247821   0.2170350356   0.1467041018  -0.2366248792
        0.1049924403  -0.1535412756
       -0.0384482124  -0.0068810435  -0.0041100403  -0.2464601338  -0.2790284177
        0.0291890852   0.2170350356   0.3317239888  -0.0783686391   0.0678733107
       -0.0458145275   0.0532895942
        0.0035267379  -0.0008077487   0.0174392579  -0.0161095577   0.0105843712
       -0.0411470459   0.1467041018  -0.0783686391   0.1123309636  -0.1341212820
        0.0685920166  -0.0886231756
        0.0012350964  -0.0042423867   0.0012180847  -0.0362520873   0.0048554104
       -0.0146755668  -0.2366248792   0.0678733107  -0.1341212820   0.2716418701
       -0.0684863344   0.1475787640
        0.0027731436   0.0007920729   0.0026461218  -0.0392792496  -0.0073692636
       -0.0159086720   0.1049924403  -0.0458145275   0.0685920166  -0.0684863344
        0.0523917182  -0.0553294664
       -0.0024550554  -0.0002444504   0.0027885581   0.0084175670   0.0022843226
       -0.0045610613  -0.1535412756   0.0532895942  -0.0886231756   0.1475787640
       -0.0553294664   0.0903956789
