$hessian                                                                        
        0.3873166136   0.2204162665   0.0593002410  -0.3873166136  -0.2204162664
       -0.0593002410
        0.2204162665   0.1254111147   0.0337462696  -0.2204162664  -0.1254111147
       -0.0337462696
        0.0593002410   0.0337462696   0.0090560835  -0.0593002410  -0.0337462695
       -0.0090560836
       -0.3873166136  -0.2204162664  -0.0593002410   0.3873166135   0.2204162664
        0.0593002409
       -0.2204162664  -0.1254111147  -0.0337462695   0.2204162664   0.1254111148
        0.0337462695
       -0.0593002410  -0.0337462696  -0.0090560836   0.0593002409   0.0337462695
        0.0090560837
