$hessian                                                                        
        0.4768045896  -0.0324450699   0.0122176979  -0.1448148399  -0.0282588842
        0.0583170694   0.0000305368  -0.0000533699   0.0001788412  -0.0008127527
       -0.0010259112  -0.0005718422  -0.0001516744  -0.0000234518   0.0000227466
       -0.0143430934  -0.0095104767   0.0030381922   0.0052107859   0.0009771357
       -0.0026726340  -0.0193030874  -0.0045640316   0.0120409273  -0.0011841110
        0.0007353390   0.0028327948  -0.0033052651  -0.0043226296  -0.0011138237
       -0.0962654120  -0.0403113075  -0.0392707271  -0.0172860581  -0.0172089657
       -0.0089952515   0.0075824887   0.0096137877   0.0080505439  -0.0075565975
       -0.0077284432  -0.0096366247  -0.0033562454  -0.0016124048   0.0022207343
        0.0004848982  -0.0008018501  -0.0007800357   0.0006983788   0.0003804950
       -0.0005975597  -0.1129366205   0.1014917404   0.0296066453  -0.0694959207
        0.0346682986  -0.0648876943
       -0.0324450699   0.5014657745  -0.0049187844  -0.0295247683  -0.0780802602
        0.0251667670  -0.0000523221  -0.0001166679   0.0001260272  -0.0003958256
       -0.0002185153  -0.0003224830  -0.0000983095   0.0002383662   0.0001277377
       -0.0128552886  -0.0064495814   0.0065055753  -0.0109162862  -0.0055642013
        0.0093464754   0.0175037349   0.0059261422  -0.0118536644  -0.0018509405
       -0.0005689567   0.0021122159  -0.0072566010  -0.0048194730  -0.0010006331
       -0.0407759562  -0.1220006386  -0.0470460466  -0.0100823633  -0.0094697920
       -0.0037073841  -0.0115444884  -0.0212984111  -0.0158389246   0.0045396728
        0.0071635491   0.0049698549  -0.0014939148  -0.0004803784   0.0009139207
        0.0009744134   0.0009745636  -0.0000979065   0.0000431880   0.0002259431
       -0.0005949459   0.1010231540  -0.1831528226  -0.0421799864   0.0352079713
       -0.0837746402   0.0782921848
        0.0122176979  -0.0049187844   0.5007293867   0.0563056099   0.0235089231
       -0.1065506044   0.0001454569  -0.0000368497   0.0002466616   0.0007511514
        0.0006375248   0.0004377753  -0.0000963243   0.0001711618   0.0000705025
       -0.0031284834   0.0017131544   0.0077099829   0.0201216962   0.0108854672
       -0.0175870149   0.0081390650   0.0011887796  -0.0045207917  -0.0022868750
       -0.0017989989  -0.0003463243  -0.0068135996  -0.0055078626   0.0013060264
       -0.0398312179  -0.0473997198  -0.1038552748   0.0056105834   0.0072612022
        0.0061365368  -0.0034434662  -0.0082982864  -0.0048968299  -0.0160735088
       -0.0160463606  -0.0183596699   0.0023177857   0.0010083980  -0.0012877986
        0.0003088440   0.0007558552   0.0005104811   0.0010590220   0.0006155800
        0.0009425942   0.0295567819  -0.0417297634  -0.0587960499  -0.0648602191
        0.0779905796  -0.2018895891
       -0.1448148399  -0.0295247683   0.0563056099   0.4737383291  -0.0280131841
       -0.0302915409   0.0000291992  -0.0000030804   0.0000188194  -0.0002248293
       -0.0002549988  -0.0001505270   0.0000066772  -0.0000464188  -0.0000352648
       -0.0781789118  -0.0138969476  -0.0173225568  -0.0637641367   0.0282651174
       -0.0587845538  -0.1261091676   0.1081988359   0.0342368932   0.0115076780
       -0.0059746612  -0.0002503825  -0.0381874103  -0.0438216982  -0.0023133507
       -0.0191079234  -0.0106736440   0.0073139342  -0.0015609740  -0.0022882964
       -0.0018147154   0.0011798669   0.0007677827   0.0002727325   0.0005230548
        0.0002666049   0.0008064541  -0.0007264279  -0.0003165382   0.0006123775
        0.0001339300  -0.0001372064  -0.0001390360  -0.0001053292  -0.0000786852
       -0.0000437024  -0.0199405778  -0.0034414291   0.0131681446   0.0056017928
        0.0009732159  -0.0015893352
       -0.0282588842  -0.0780802602   0.0235089231  -0.0280131841   0.4523199818
       -0.0282229881   0.0000096187   0.0000325058  -0.0000363755  -0.0003470075
       -0.0002953903  -0.0001373050   0.0000367428   0.0000885783   0.0000312387
       -0.0149548454  -0.0923778846  -0.0160573686   0.0320769215  -0.0795662429
        0.0875167186   0.1033490247  -0.1706370686  -0.0382292880  -0.0112476914
       -0.0062426066  -0.0315988336  -0.0364548106  -0.0150626810  -0.0039387976
       -0.0191105654  -0.0099545797   0.0090595851  -0.0021966398  -0.0025104946
       -0.0023218605  -0.0007012094   0.0006815533   0.0007147827   0.0006187797
        0.0007391433   0.0003315327  -0.0009996264  -0.0003329696   0.0006622611
       -0.0002045287   0.0000397853   0.0000461129   0.0000493191  -0.0000033152
       -0.0000768494   0.0175053376   0.0068838748  -0.0119717292  -0.0111567513
       -0.0057219292   0.0107202407
        0.0583170694   0.0251667670  -0.1065506044  -0.0302915409  -0.0282229881
        0.4808939357   0.0000896117   0.0000749765   0.0000781118  -0.0003080585
       -0.0002492631  -0.0000313122   0.0000749749   0.0000555945   0.0000420206
       -0.0197577012  -0.0181066429  -0.0769462190  -0.0573643320   0.0812431900
       -0.2030254784   0.0313311725  -0.0332273395  -0.0497103778  -0.0102819268
       -0.0395228578  -0.0409269679   0.0118840085   0.0072296324   0.0114978780
       -0.0094740561  -0.0035840750   0.0068991304  -0.0016460580  -0.0021454591
       -0.0016098070  -0.0006198953   0.0000386036   0.0004682104  -0.0007683097
       -0.0008262738   0.0010723054  -0.0007539278  -0.0003797761   0.0004625530
       -0.0001337077   0.0002025470   0.0000511183   0.0000267356  -0.0001772083
        0.0003254871   0.0088842673   0.0014423047  -0.0050281972   0.0207916741
        0.0109882679  -0.0179617868
        0.0000305368  -0.0000523221   0.0001454569   0.0000291992   0.0000096187
        0.0000896117   0.0800392943  -0.0411343831   0.0785663008   0.0069837191
       -0.0119372325   0.0214586852  -0.0079884196   0.0125669180  -0.0163939153
       -0.0000247349  -0.0000556648  -0.0000824661  -0.0000157862  -0.0000432657
        0.0000303619  -0.0000170396   0.0000190988  -0.0000151271   0.0000012930
        0.0000423324   0.0000617008   0.0000546387   0.0000596404   0.0000260137
        0.0004571418   0.0006488891  -0.0008782536  -0.0075977952   0.0053445881
       -0.0162944334  -0.0001469739   0.0001638483  -0.0000332962  -0.0002774411
       -0.0006682335   0.0002915497  -0.0704223335   0.0371811059  -0.0649615287
        0.0004788740   0.0003694623   0.0006340523  -0.0017188798  -0.0026250081
       -0.0027607444   0.0000274852   0.0000696744   0.0000146615   0.0001072215
        0.0000409335   0.0001013703
       -0.0000533699  -0.0001166679  -0.0000368497  -0.0000030804   0.0000325058
        0.0000749765  -0.0411343831   0.1059554530  -0.1030397118   0.0026436320
       -0.0056239549   0.0106565223   0.0110305730  -0.0153651890   0.0219119336
       -0.0000754188  -0.0000632912  -0.0000119156  -0.0000122479   0.0000059058
       -0.0000041722   0.0000300820  -0.0000191893  -0.0000058314   0.0000245613
        0.0000132112   0.0000192862   0.0000844478   0.0000382301  -0.0000293813
        0.0001849662   0.0006467688  -0.0008692242  -0.0072108229   0.0080926157
       -0.0158504061   0.0001383017  -0.0002221489   0.0001283818  -0.0000708211
       -0.0000149698   0.0001058622   0.0374898120  -0.0925717162   0.0902185242
       -0.0002078329   0.0008391844  -0.0003532103  -0.0028874303  -0.0016272823
       -0.0029381738  -0.0000149265   0.0000318714  -0.0000320725   0.0000439579
       -0.0000313367   0.0000554620
        0.0001788412   0.0001260272   0.0002466616   0.0000188194  -0.0000363755
        0.0000781118   0.0785663008  -0.1030397118   0.2409505139  -0.0041059587
        0.0118278017  -0.0195110017   0.0014533709  -0.0014306476   0.0049512293
        0.0000592325   0.0001161087   0.0000623788  -0.0000103402  -0.0000288507
        0.0000238720  -0.0000099701   0.0000104861  -0.0000219863   0.0000231804
       -0.0000473780  -0.0000717891  -0.0000185638  -0.0000102016   0.0000033325
        0.0007970904   0.0004137242   0.0010526054  -0.0095637812   0.0049609255
       -0.0183582074  -0.0000596239   0.0000146202  -0.0001322752  -0.0002711486
       -0.0003089388   0.0003319603  -0.0648618443   0.0900518334  -0.2069898921
        0.0003129796   0.0004067703   0.0000737301  -0.0026777576  -0.0030869491
       -0.0025849764   0.0000334914  -0.0000146389  -0.0000659057   0.0001356819
        0.0000753947  -0.0000383619
       -0.0008127527  -0.0003958256   0.0007511514  -0.0002248293  -0.0003470075
       -0.0003080585   0.0069837191   0.0026436320  -0.0041059587   0.2176969643
        0.0695213542  -0.1188489176  -0.0187898482  -0.0035623766   0.0139089234
        0.0000848807   0.0001636975   0.0001912255   0.0000367934   0.0000299406
       -0.0000038156   0.0000391050   0.0000365065   0.0000050367  -0.0000206825
       -0.0000584364  -0.0000889295  -0.0001175250  -0.0000934273  -0.0000295462
       -0.0017563484  -0.0031305451  -0.0029196381  -0.0160429890  -0.0083369074
        0.0079749283   0.0003522361   0.0000096842  -0.0000959343   0.0000642716
        0.0001593716  -0.0001923882  -0.1879909061  -0.0572504606   0.1033188096
        0.0005828573   0.0002754238   0.0002542956  -0.0000967622   0.0003222724
        0.0002042138   0.0000275501  -0.0000414086   0.0000049580  -0.0000157341
        0.0000545122  -0.0000203554
       -0.0010259112  -0.0002185153   0.0006375248  -0.0002549988  -0.0002953903
       -0.0002492631  -0.0119372325  -0.0056239549   0.0118278017   0.0695213542
        0.0763565282  -0.0475453226   0.0205327127   0.0063902240  -0.0143761760
        0.0000174962   0.0000997111   0.0001437082   0.0000361524   0.0000215811
       -0.0000034495   0.0000258403   0.0000125119  -0.0000096017  -0.0000045354
       -0.0000306909  -0.0000445665  -0.0000523839  -0.0000751504  -0.0000248130
       -0.0024798228  -0.0025135600  -0.0027493918  -0.0176690584  -0.0082531380
        0.0092886991   0.0000157050  -0.0000607056  -0.0000658493   0.0001594954
        0.0000978341  -0.0001575620  -0.0571309714  -0.0664047475   0.0425293450
       -0.0001748193  -0.0000394078   0.0004808438   0.0003659813   0.0004831465
        0.0002789008   0.0000514946   0.0000273818   0.0000406628   0.0000035017
        0.0000263421  -0.0000014905
       -0.0005718422  -0.0003224830   0.0004377753  -0.0001505270  -0.0001373050
       -0.0000313122   0.0214586852   0.0106565223  -0.0195110017  -0.1188489176
       -0.0475453226   0.1326013005   0.0087379234   0.0017599336  -0.0057572732
       -0.0000913240  -0.0000708078   0.0000046162   0.0000011819  -0.0000089362
       -0.0000176364   0.0000011712   0.0000000557  -0.0000152662   0.0000191292
        0.0000412718   0.0000393640   0.0000307178   0.0000221446  -0.0000222563
       -0.0015634722  -0.0017701283  -0.0007328480  -0.0120165971  -0.0053914350
        0.0077050601  -0.0001723340   0.0000467888  -0.0000629680  -0.0000754455
       -0.0002394948   0.0000782426   0.1035761165   0.0427374279  -0.1157241526
       -0.0001718356   0.0003013124   0.0003400272  -0.0002500846  -0.0001904023
        0.0005831078   0.0000190006   0.0000717476   0.0000230649   0.0000684538
        0.0000391103   0.0000621564
       -0.0001516744  -0.0000983095  -0.0000963243   0.0000066772   0.0000367428
        0.0000749749  -0.0079884196   0.0110305730   0.0014533709  -0.0187898482
        0.0205327127   0.0087379234   0.1395157062  -0.1237018736  -0.0395116621
       -0.0001069583  -0.0001168504  -0.0000790638  -0.0000014565   0.0000177113
       -0.0000178245   0.0000011082  -0.0000101165   0.0000025622   0.0000168086
        0.0000450793   0.0000677374   0.0000888697   0.0000701264  -0.0000188476
        0.0011091282  -0.0008299058  -0.0007426755   0.0086028031  -0.0119095773
       -0.0036239559  -0.0001722826   0.0000257652  -0.0000180618  -0.0001222715
        0.0001617518   0.0000063534  -0.1217568005   0.1077864019   0.0350646865
       -0.0007788995  -0.0028789103  -0.0017336920   0.0005491607  -0.0002248611
        0.0003494721  -0.0000650277   0.0000805300   0.0000420194   0.0000433771
       -0.0000169899   0.0000430072
       -0.0000234518   0.0002383662   0.0001711618  -0.0000464188   0.0000885783
        0.0000555945   0.0125669180  -0.0153651890  -0.0014306476  -0.0035623766
        0.0063902240   0.0017599336  -0.1237018736   0.2203586768   0.0568303413
        0.0000465674   0.0000056597  -0.0000147354   0.0000198639  -0.0000422790
        0.0000101319  -0.0000671789   0.0000139943   0.0000025384   0.0000025032
        0.0000130046   0.0000063700   0.0000270767   0.0000317222   0.0000283911
        0.0008712550   0.0005433310   0.0000304526   0.0092396089  -0.0207844249
       -0.0086824027  -0.0008744986   0.0000125983   0.0000291570   0.0001255023
       -0.0002590298   0.0000958196   0.1075689891  -0.1888842773  -0.0459231338
       -0.0026861882  -0.0032916087  -0.0034270645   0.0003281616   0.0007534166
        0.0004456243   0.0001020550   0.0001507717   0.0000180111   0.0000634856
        0.0000264649  -0.0000055431
        0.0000227466   0.0001277377   0.0000705025  -0.0000352648   0.0000312387
        0.0000420206  -0.0163939153   0.0219119336   0.0049512293   0.0139089234
       -0.0143761760  -0.0057572732  -0.0395116621   0.0568303413   0.0670521712
        0.0000359948   0.0000403120   0.0000688554   0.0000054657   0.0000098298
       -0.0000217835  -0.0000066007  -0.0000044971   0.0000114140  -0.0000035154
       -0.0000054858  -0.0000786152   0.0000065648  -0.0000006834  -0.0000185277
        0.0002887132   0.0007196425   0.0005084884   0.0080638363  -0.0159556363
       -0.0056089952  -0.0001273232  -0.0000259503   0.0001974685  -0.0001074706
        0.0000887157  -0.0001381349   0.0351183717  -0.0457063028  -0.0593843985
       -0.0019709330  -0.0033807192  -0.0018369776   0.0006284692  -0.0003274609
        0.0000555547   0.0000635249   0.0000520452  -0.0000483346   0.0000140746
       -0.0000288847  -0.0000646642
       -0.0143430934  -0.0128552886  -0.0031284834  -0.0781789118  -0.0149548454
       -0.0197577012  -0.0000247349  -0.0000754188   0.0000592325   0.0000848807
        0.0000174962  -0.0000913240  -0.0001069583   0.0000465674   0.0000359948
        0.5281263147   0.1261112521  -0.2486118932  -0.0037045848  -0.0074329632
       -0.0071855799   0.0076473689   0.0146305676   0.0085590217  -0.1019216503
        0.0271628500   0.1090494100  -0.3356179903  -0.1312665802   0.1604086109
       -0.0007617806  -0.0005881147   0.0004800648  -0.0001553415  -0.0001332602
        0.0003266064  -0.0003936217   0.0002455071   0.0001392897   0.0000036464
       -0.0002267523   0.0003269628   0.0001472648   0.0001390274   0.0000529529
       -0.0001358917  -0.0001860153  -0.0000864822  -0.0001713430  -0.0000916201
       -0.0001374210  -0.0008039224  -0.0002341984  -0.0003276085   0.0003103492
       -0.0003082104  -0.0001116532
       -0.0095104767  -0.0064495814   0.0017131544  -0.0138969476  -0.0923778846
       -0.0181066429  -0.0000556648  -0.0000632912   0.0001161087   0.0001636975
        0.0000997111  -0.0000708078  -0.0001168504   0.0000056597   0.0000403120
        0.1261112521   0.3369984763   0.0639707516   0.0073452573   0.0076968581
        0.0073127253  -0.0095568211  -0.0176088489  -0.0143636892   0.0283108457
       -0.1006521611  -0.1127975006  -0.1305927564  -0.1287161771   0.0732562714
        0.0012290783   0.0003366007  -0.0016711457   0.0002483326   0.0006153467
        0.0004601507  -0.0004306055   0.0000232940   0.0001296924  -0.0002377406
       -0.0003147114   0.0003780814   0.0003238476   0.0001324682  -0.0002206886
        0.0000073009  -0.0002099230   0.0000257378  -0.0001798776   0.0000086347
       -0.0000836196   0.0012066236   0.0000936250   0.0000511523  -0.0003684948
        0.0003819042  -0.0001400434
        0.0030381922   0.0065055753   0.0077099829  -0.0173225568  -0.0160573686
       -0.0769462190  -0.0000824661  -0.0000119156   0.0000623788   0.0001912255
        0.0001437082   0.0000046162  -0.0000790638  -0.0000147354   0.0000688554
       -0.2486118932   0.0639707516   0.7014132006  -0.0145064224  -0.0148383437
       -0.0168648469  -0.0018792988  -0.0059978293  -0.0028061070   0.1113262575
       -0.1111858961  -0.4438193631   0.1615015528   0.0742218524  -0.1662103742
        0.0036623934   0.0008564348  -0.0034942049   0.0009902099   0.0008959821
        0.0005648484  -0.0003898213  -0.0002547268   0.0001091027  -0.0004123354
       -0.0001946298   0.0000683750   0.0003700125   0.0000390401  -0.0004925282
        0.0001440891  -0.0000876753   0.0001846593  -0.0000869006   0.0002279595
        0.0000129985   0.0018764876  -0.0005490192   0.0009420323   0.0002703380
        0.0023308357  -0.0005074067
        0.0052107859  -0.0109162862   0.0201216962  -0.0637641367   0.0320769215
       -0.0573643320  -0.0000157862  -0.0000122479  -0.0000103402   0.0000367934
        0.0000361524   0.0000011819  -0.0000014565   0.0000198639   0.0000054657
       -0.0037045848   0.0073452573  -0.0145064224   0.0728124026  -0.0339080229
        0.0650684579  -0.0081879342   0.0120791617  -0.0175408549  -0.0006084834
       -0.0030321376  -0.0017526769   0.0001792252  -0.0012875692   0.0018971002
        0.0008253096   0.0000550425   0.0011684660  -0.0001254435   0.0000076244
        0.0000180429  -0.0000852883   0.0001322182  -0.0001360854  -0.0002509765
       -0.0000583824  -0.0002419348  -0.0000042543  -0.0000257026  -0.0000725899
        0.0000484587  -0.0000113318   0.0000228430   0.0000144737   0.0000779620
       -0.0000862951   0.0007982453  -0.0001835619   0.0001070005  -0.0031773498
       -0.0023949614   0.0033012773
        0.0009771357  -0.0055642013   0.0108854672   0.0282651174  -0.0795662429
        0.0812431900  -0.0000432657   0.0000059058  -0.0000288507   0.0000299406
        0.0000215811  -0.0000089362   0.0000177113  -0.0000422790   0.0000098298
       -0.0074329632   0.0076968581  -0.0148383437  -0.0339080229   0.0956588659
       -0.0988247293   0.0126830000  -0.0143776256   0.0228532103  -0.0002447160
       -0.0038258567  -0.0023713612   0.0017409975  -0.0003292114  -0.0000548289
        0.0004576494   0.0003077366   0.0006828516   0.0000278165   0.0000286160
       -0.0001871927   0.0001706894  -0.0002773236   0.0000622941  -0.0006550763
       -0.0000350347  -0.0002824725  -0.0000109398   0.0000161309  -0.0000422162
        0.0000734656   0.0000218740  -0.0000252063   0.0000828264   0.0000803285
       -0.0000734804   0.0002702211   0.0004966338  -0.0006415269  -0.0025015869
       -0.0003167555   0.0016423020
       -0.0026726340   0.0093464754  -0.0175870149  -0.0587845538   0.0875167186
       -0.2030254784   0.0000303619  -0.0000041722   0.0000238720  -0.0000038156
       -0.0000034495  -0.0000176364  -0.0000178245   0.0000101319  -0.0000217835
       -0.0071855799   0.0073127253  -0.0168648469   0.0650684579  -0.0988247293
        0.2365347546   0.0001932596  -0.0003138983   0.0039019483  -0.0002589005
       -0.0050001516  -0.0034887132   0.0008288564  -0.0008759661   0.0020909889
       -0.0005762341  -0.0006344411   0.0008822567  -0.0002000921  -0.0000791674
        0.0003443348   0.0000104874   0.0000625410  -0.0001649952   0.0004216009
        0.0001737708   0.0002966193   0.0000016203  -0.0000418481   0.0000874611
       -0.0000045370  -0.0000424344  -0.0000722602  -0.0001060162  -0.0001251474
       -0.0000333720  -0.0003794921  -0.0001195588   0.0000899274   0.0036350352
        0.0016426013  -0.0029760624
       -0.0193030874   0.0175037349   0.0081390650  -0.1261091676   0.1033490247
        0.0313311725  -0.0000170396   0.0000300820  -0.0000099701   0.0000391050
        0.0000258403   0.0000011712   0.0000011082  -0.0000671789  -0.0000066007
        0.0076473689  -0.0095568211  -0.0018792988  -0.0081879342   0.0126830000
        0.0001932596   0.1504424861  -0.1228373769  -0.0382564649  -0.0013533654
       -0.0006774985  -0.0017279722   0.0002363724   0.0008465325  -0.0008859841
        0.0004845555   0.0009811656   0.0003702067   0.0001753804  -0.0001376065
       -0.0002100057  -0.0002012975  -0.0008634109  -0.0000775115  -0.0001296962
        0.0001409573  -0.0000880410   0.0000516249  -0.0000727819  -0.0000505420
        0.0001985975   0.0000357565  -0.0000348299   0.0000464860   0.0000621034
        0.0000047290  -0.0049139784  -0.0016975503   0.0036701668   0.0008924812
        0.0002520277  -0.0004825500
       -0.0045640316   0.0059261422   0.0011887796   0.1081988359  -0.1706370686
       -0.0332273395   0.0000190988  -0.0000191893   0.0000104861   0.0000365065
        0.0000125119   0.0000000557  -0.0000101165   0.0000139943  -0.0000044971
        0.0146305676  -0.0176088489  -0.0059978293   0.0120791617  -0.0143776256
       -0.0003138983  -0.1228373769   0.1950965059   0.0415186347  -0.0029642821
       -0.0019616743  -0.0048003320  -0.0023880700   0.0019820005   0.0008426956
       -0.0006391278   0.0009871494   0.0006465564  -0.0001985542  -0.0000607788
        0.0002166661   0.0001026596   0.0000695582  -0.0000316026   0.0001681707
       -0.0001979417  -0.0000330091  -0.0000368593  -0.0000045957  -0.0000340557
        0.0000061703  -0.0000873488  -0.0000395584  -0.0000096104   0.0000244248
       -0.0000430344  -0.0014193348   0.0002664801   0.0002818199  -0.0001738074
        0.0005763045  -0.0001805379
        0.0120409273  -0.0118536644  -0.0045207917   0.0342368932  -0.0382292880
       -0.0497103778  -0.0000151271  -0.0000058314  -0.0000219863   0.0000050367
       -0.0000096017  -0.0000152662   0.0000025622   0.0000025384   0.0000114140
        0.0085590217  -0.0143636892  -0.0028061070  -0.0175408549   0.0228532103
        0.0039019483  -0.0382564649   0.0415186347   0.0593193630  -0.0022645224
       -0.0013764082  -0.0044751507  -0.0000277488   0.0015360295  -0.0003430029
       -0.0005946135  -0.0000728592   0.0003736351  -0.0000922937   0.0000295632
        0.0001086681   0.0000415515   0.0000639452   0.0001563249  -0.0000614612
        0.0001148684  -0.0001724147  -0.0000348181   0.0000400794   0.0000435880
       -0.0000623744  -0.0000402154  -0.0000536076   0.0000237226  -0.0000233995
       -0.0000647215   0.0038075333   0.0004708613  -0.0018708973   0.0002330304
       -0.0006547734   0.0001393824
       -0.0011841110  -0.0018509405  -0.0022868750   0.0115076780  -0.0112476914
       -0.0102819268   0.0000012930   0.0000245613   0.0000231804  -0.0000206825
       -0.0000045354   0.0000191292   0.0000168086   0.0000025032  -0.0000035154
       -0.1019216503   0.0283108457   0.1113262575  -0.0006084834  -0.0002447160
       -0.0002589005  -0.0013533654  -0.0029642821  -0.0022645224   0.1171025657
       -0.0111475229  -0.1648590769  -0.0251496764  -0.0009969341   0.0697698889
        0.0005982201   0.0000538851  -0.0006527321   0.0001341424   0.0000746365
       -0.0001074773  -0.0000947458  -0.0001463883  -0.0000149930  -0.0000952900
       -0.0000326026   0.0000373737  -0.0000342190  -0.0001085696  -0.0000738447
        0.0001443795   0.0000270921   0.0000789701   0.0000112892   0.0000957192
        0.0000127950   0.0012493034  -0.0004487410   0.0000373383  -0.0003034561
        0.0006036808  -0.0005010692
        0.0007353390  -0.0005689567  -0.0017989989  -0.0059746612  -0.0062426066
       -0.0395228578   0.0000423324   0.0000132112  -0.0000473780  -0.0000584364
       -0.0000306909   0.0000412718   0.0000450793   0.0000130046  -0.0000054858
        0.0271628500  -0.1006521611  -0.1111858961  -0.0030321376  -0.0038258567
       -0.0050001516  -0.0006774985  -0.0019616743  -0.0013764082  -0.0111475229
        0.0903517945   0.1479474090  -0.0071096437   0.0225149424   0.0111963783
       -0.0000108606   0.0001854164   0.0003115353  -0.0000418869  -0.0000795279
       -0.0000468183   0.0001116396   0.0000590088  -0.0000702611   0.0000695988
        0.0000071229  -0.0001607202  -0.0001236032   0.0000029246   0.0000769355
       -0.0000151889   0.0000346167  -0.0000206302   0.0000753455   0.0000380568
        0.0000155088  -0.0003268326  -0.0002381263  -0.0001015410   0.0002760878
        0.0003795014  -0.0002518915
        0.0028327948   0.0021122159  -0.0003463243  -0.0002503825  -0.0315988336
       -0.0409269679   0.0000617008   0.0000192862  -0.0000717891  -0.0000889295
       -0.0000445665   0.0000393640   0.0000677374   0.0000063700  -0.0000786152
        0.1090494100  -0.1127975006  -0.4438193631  -0.0017526769  -0.0023713612
       -0.0034887132  -0.0017279722  -0.0048003320  -0.0044751507  -0.1648590769
        0.1479474090   0.5531650178   0.0581583545   0.0019637587  -0.0617579063
       -0.0008052662   0.0001805323   0.0016255438  -0.0003216069  -0.0001976413
        0.0000363093   0.0003232093   0.0001437225  -0.0002351033   0.0003806014
        0.0001376520  -0.0001848432  -0.0001010174   0.0000511052   0.0003215538
       -0.0001151650   0.0000901734  -0.0001208241   0.0000597142  -0.0001988859
        0.0000071431  -0.0010388870   0.0007617783  -0.0003522895   0.0001274582
       -0.0014048826   0.0006629582
       -0.0033052651  -0.0072566010  -0.0068135996  -0.0381874103  -0.0364548106
        0.0118840085   0.0000546387   0.0000844478  -0.0000185638  -0.0001175250
       -0.0000523839   0.0000307178   0.0000888697   0.0000270767   0.0000065648
       -0.3356179903  -0.1305927564   0.1615015528   0.0001792252   0.0017409975
        0.0008288564   0.0002363724  -0.0023880700  -0.0000277488  -0.0251496764
       -0.0071096437   0.0581583545   0.4041081470   0.1828932100  -0.2272293100
       -0.0028993300  -0.0011256017   0.0022654965  -0.0005710968  -0.0008424378
       -0.0008787218   0.0002779268  -0.0000342625   0.0000259059   0.0001251509
        0.0002775052  -0.0000986307  -0.0004363822  -0.0002994598   0.0000916362
        0.0001470905   0.0001828720   0.0000345458   0.0001541917   0.0001142914
        0.0000659826   0.0006037256   0.0004495065   0.0000505283   0.0003093378
        0.0003861203   0.0001224247
       -0.0043226296  -0.0048194730  -0.0055078626  -0.0438216982  -0.0150626810
        0.0072296324   0.0000596404   0.0000382301  -0.0000102016  -0.0000934273
       -0.0000751504   0.0000221446   0.0000701264   0.0000317222  -0.0000006834
       -0.1312665802  -0.1287161771   0.0742218524  -0.0012875692  -0.0003292114
       -0.0008759661   0.0008465325   0.0019820005   0.0015360295  -0.0009969341
        0.0225149424   0.0019637587   0.1828932100   0.1254089038  -0.0798073177
       -0.0022619286  -0.0007531201   0.0017782063  -0.0005001513  -0.0006496328
       -0.0005806500   0.0002220539   0.0001235067   0.0000232972   0.0001177675
        0.0001345370  -0.0000221583  -0.0003424866  -0.0001704109   0.0001108510
        0.0000603723   0.0000710593   0.0000003257   0.0001193429   0.0000413611
        0.0000244631   0.0000901182   0.0001490006  -0.0000289981   0.0004142409
        0.0000805929  -0.0000767231
       -0.0011138237  -0.0010006331   0.0013060264  -0.0023133507  -0.0039387976
        0.0114978780   0.0000260137  -0.0000293813   0.0000033325  -0.0000295462
       -0.0000248130  -0.0000222563  -0.0000188476   0.0000283911  -0.0000185277
        0.1604086109   0.0732562714  -0.1662103742   0.0018971002  -0.0000548289
        0.0020909889  -0.0008859841   0.0008426956  -0.0003430029   0.0697698889
        0.0111963783  -0.0617579063  -0.2272293100  -0.0798073177   0.2136669430
        0.0002145417   0.0001392455   0.0000166501  -0.0000875300   0.0000460561
        0.0002308866  -0.0000911971   0.0001882367  -0.0000070218   0.0001630728
       -0.0000789823   0.0001382560   0.0000484583   0.0000685467   0.0001039649
       -0.0000838947  -0.0000675735  -0.0000805107  -0.0000769430  -0.0000973653
       -0.0000569405  -0.0003991594  -0.0001016095  -0.0004416956  -0.0001981001
       -0.0005645190  -0.0001166903
       -0.0962654120  -0.0407759562  -0.0398312179  -0.0191079234  -0.0191105654
       -0.0094740561   0.0004571418   0.0001849662   0.0007970904  -0.0017563484
       -0.0024798228  -0.0015634722   0.0011091282   0.0008712550   0.0002887132
       -0.0007617806   0.0012290783   0.0036623934   0.0008253096   0.0004576494
       -0.0005762341   0.0004845555  -0.0006391278  -0.0005946135   0.0005982201
       -0.0000108606  -0.0008052662  -0.0028993300  -0.0022619286   0.0002145417
        0.4808332778  -0.0379701943   0.0055080944  -0.1427928379  -0.0277491198
        0.0555914699  -0.1210867636   0.1044204120   0.0303125474  -0.0663640025
        0.0351278602  -0.0596881368  -0.0184173904  -0.0106016508   0.0062247396
       -0.0197365723  -0.0035648808   0.0131068893   0.0051586966   0.0008394977
       -0.0020396572   0.0073245134   0.0097849899   0.0081380371  -0.0076024817
       -0.0077516016  -0.0092718626
       -0.0403113075  -0.1220006386  -0.0473997198  -0.0106736440  -0.0099545797
       -0.0035840750   0.0006488891   0.0006467688   0.0004137242  -0.0031305451
       -0.0025135600  -0.0017701283  -0.0008299058   0.0005433310   0.0007196425
       -0.0005881147   0.0003366007   0.0008564348   0.0000550425   0.0003077366
       -0.0006344411   0.0009811656   0.0009871494  -0.0000728592   0.0000538851
        0.0001854164   0.0001805323  -0.0011256017  -0.0007531201   0.0001392455
       -0.0379701943   0.4998766791  -0.0138173801  -0.0272915574  -0.0779022513
        0.0240803516   0.1042319670  -0.1767214014  -0.0388344634   0.0351221416
       -0.0894033923   0.0838480890  -0.0180501624  -0.0096736518   0.0075762159
        0.0176823901   0.0059223109  -0.0123557025  -0.0118615760  -0.0058173654
        0.0109839956  -0.0117476120  -0.0210205950  -0.0156952846   0.0048047399
        0.0069545626   0.0053658226
       -0.0392707271  -0.0470460466  -0.1038552748   0.0073139342   0.0090595851
        0.0068991304  -0.0008782536  -0.0008692242   0.0010526054  -0.0029196381
       -0.0027493918  -0.0007328480  -0.0007426755   0.0000304526   0.0005084884
        0.0004800648  -0.0016711457  -0.0034942049   0.0011684660   0.0006828516
        0.0008822567   0.0003702067   0.0006465564   0.0003736351  -0.0006527321
        0.0003115353   0.0016255438   0.0022654965   0.0017782063   0.0000166501
        0.0055080944  -0.0138173801   0.4981778064   0.0564949607   0.0247362180
       -0.1048614760   0.0301673012  -0.0388324197  -0.0573128546  -0.0597855667
        0.0835833736  -0.1992307756  -0.0095529345  -0.0039751821   0.0063335367
        0.0093352258   0.0011063022  -0.0051992749   0.0201127752   0.0110573853
       -0.0183150236  -0.0036337901  -0.0077749113  -0.0049714892  -0.0157802077
       -0.0162567648  -0.0178964314
       -0.0172860581  -0.0100823633   0.0056105834  -0.0015609740  -0.0021966398
       -0.0016460580  -0.0075977952  -0.0072108229  -0.0095637812  -0.0160429890
       -0.0176690584  -0.0120165971   0.0086028031   0.0092396089   0.0080638363
       -0.0001553415   0.0002483326   0.0009902099  -0.0001254435   0.0000278165
       -0.0002000921   0.0001753804  -0.0001985542  -0.0000922937   0.0001341424
       -0.0000418869  -0.0003216069  -0.0005710968  -0.0005001513  -0.0000875300
       -0.1427928379  -0.0272915574   0.0564949607   0.4779786846  -0.0368284924
        0.0129465958  -0.0194466865  -0.0038424141   0.0129106476   0.0051286627
        0.0010442094  -0.0025183956  -0.1037800096  -0.0451210111  -0.0406078813
       -0.1155253990   0.1028001112   0.0311815813  -0.0683122679   0.0367459775
       -0.0622704826   0.0008662808   0.0008554468   0.0003364457   0.0003109452
        0.0000214488   0.0007898577
       -0.0172089657  -0.0094697920   0.0072612022  -0.0022882964  -0.0025104946
       -0.0021454591   0.0053445881   0.0080926157   0.0049609255  -0.0083369074
       -0.0082531380  -0.0053914350  -0.0119095773  -0.0207844249  -0.0159556363
       -0.0001332602   0.0006153467   0.0008959821   0.0000076244   0.0000286160
       -0.0000791674  -0.0001376065  -0.0000607788   0.0000295632   0.0000746365
       -0.0000795279  -0.0001976413  -0.0008424378  -0.0006496328   0.0000460561
       -0.0277491198  -0.0779022513   0.0247362180  -0.0368284924   0.5066544933
       -0.0066056429   0.0178704056   0.0056318976  -0.0123162515  -0.0115440591
       -0.0057024423   0.0106532599  -0.0455862538  -0.1239451853  -0.0480790753
        0.1028965288  -0.1823576799  -0.0426729062   0.0369473699  -0.0901863474
        0.0837761844  -0.0010076401   0.0003432788   0.0006370878   0.0004314632
        0.0005354471   0.0004467358
       -0.0089952515  -0.0037073841   0.0061365368  -0.0018147154  -0.0023218605
       -0.0016098070  -0.0162944334  -0.0158504061  -0.0183582074   0.0079749283
        0.0092886991   0.0077050601  -0.0036239559  -0.0086824027  -0.0056089952
        0.0003266064   0.0004601507   0.0005648484   0.0000180429  -0.0001871927
        0.0003443348  -0.0002100057   0.0002166661   0.0001086681  -0.0001074773
       -0.0000468183   0.0000363093  -0.0008787218  -0.0005806500   0.0002308866
        0.0555914699   0.0240803516  -0.1048614760   0.0129465958  -0.0066056429
        0.5028753863   0.0087586477   0.0011562257  -0.0050395158   0.0199824579
        0.0108791012  -0.0183162588  -0.0414130584  -0.0486322445  -0.1071199044
        0.0317159357  -0.0428126738  -0.0594656166  -0.0622637476   0.0844034137
       -0.1988393928  -0.0007546925  -0.0002055534   0.0004175727  -0.0009586254
       -0.0008517792   0.0007995710
        0.0075824887  -0.0115444884  -0.0034434662   0.0011798669  -0.0007012094
       -0.0006198953  -0.0001469739   0.0001383017  -0.0000596239   0.0003522361
        0.0000157050  -0.0001723340  -0.0001722826  -0.0008744986  -0.0001273232
       -0.0003936217  -0.0004306055  -0.0003898213  -0.0000852883   0.0001706894
        0.0000104874  -0.0002012975   0.0001026596   0.0000415515  -0.0000947458
        0.0001116396   0.0003232093   0.0002779268   0.0002220539  -0.0000911971
       -0.1210867636   0.1042319670   0.0301673012  -0.0194466865   0.0178704056
        0.0087586477   0.1437406178  -0.1182321811  -0.0372785430  -0.0079883531
        0.0120933784   0.0005141754   0.0005929193   0.0007633819   0.0001877746
       -0.0046570766  -0.0015435119   0.0037677629   0.0009048186   0.0002995367
       -0.0005265455  -0.0009158628  -0.0025418915  -0.0013986094   0.0005580782
       -0.0001513323   0.0003364489
        0.0096137877  -0.0212984111  -0.0082982864   0.0007677827   0.0006815533
        0.0000386036   0.0001638483  -0.0002221489   0.0000146202   0.0000096842
       -0.0000607056   0.0000467888   0.0000257652   0.0000125983  -0.0000259503
        0.0002455071   0.0000232940  -0.0002547268   0.0001322182  -0.0002773236
        0.0000625410  -0.0008634109   0.0000695582   0.0000639452  -0.0001463883
        0.0000590088   0.0001437225  -0.0000342625   0.0001235067   0.0001882367
        0.1044204120  -0.1767214014  -0.0388324197  -0.0038424141   0.0056318976
        0.0011562257  -0.1182321811   0.2080477883   0.0485037336   0.0123938572
       -0.0152241605  -0.0007493464  -0.0007887301   0.0009705926   0.0006782758
       -0.0014940048   0.0002348037   0.0004008617  -0.0002827686   0.0005473114
       -0.0001606922  -0.0024554336  -0.0033869869  -0.0034384138   0.0003667315
        0.0007892250   0.0004622810
        0.0080505439  -0.0158389246  -0.0048968299   0.0002727325   0.0007147827
        0.0004682104  -0.0000332962   0.0001283818  -0.0001322752  -0.0000959343
       -0.0000658493  -0.0000629680  -0.0000180618   0.0000291570   0.0001974685
        0.0001392897   0.0001296924   0.0001091027  -0.0001360854   0.0000622941
       -0.0001649952  -0.0000775115  -0.0000316026   0.0001563249  -0.0000149930
       -0.0000702611  -0.0002351033   0.0000259059   0.0000232972  -0.0000070218
        0.0303125474  -0.0388344634  -0.0573128546   0.0129106476  -0.0123162515
       -0.0050395158  -0.0372785430   0.0485037336   0.0661814098  -0.0164970504
        0.0217430648   0.0038835199  -0.0008101289  -0.0000422421   0.0004712855
        0.0037844238   0.0003933334  -0.0019260557   0.0001853676  -0.0007536158
        0.0000669013  -0.0013718997  -0.0034437918  -0.0018662189   0.0006520457
       -0.0003307348   0.0001096154
       -0.0075565975   0.0045396728  -0.0160735088   0.0005230548   0.0006187797
       -0.0007683097  -0.0002774411  -0.0000708211  -0.0002711486   0.0000642716
        0.0001594954  -0.0000754455  -0.0001222715   0.0001255023  -0.0001074706
        0.0000036464  -0.0002377406  -0.0004123354  -0.0002509765  -0.0006550763
        0.0004216009  -0.0001296962   0.0001681707  -0.0000614612  -0.0000952900
        0.0000695988   0.0003806014   0.0001251509   0.0001177675   0.0001630728
       -0.0663640025   0.0351221416  -0.0597855667   0.0051286627  -0.0115440591
        0.0199824579  -0.0079883531   0.0123938572  -0.0164970504   0.0796313501
       -0.0359185837   0.0703259861   0.0007618968  -0.0000131203   0.0010290167
        0.0008314084  -0.0002496811   0.0001531781  -0.0032220514  -0.0023166097
        0.0033996380   0.0005193836   0.0003801057   0.0006386126  -0.0015821457
       -0.0026893999  -0.0024418676
       -0.0077284432   0.0071635491  -0.0160463606   0.0002666049   0.0007391433
       -0.0008262738  -0.0006682335  -0.0000149698  -0.0003089388   0.0001593716
        0.0000978341  -0.0002394948   0.0001617518  -0.0002590298   0.0000887157
       -0.0002267523  -0.0003147114  -0.0001946298  -0.0000583824  -0.0000350347
        0.0001737708   0.0001409573  -0.0001979417   0.0001148684  -0.0000326026
        0.0000071229   0.0001376520   0.0002775052   0.0001345370  -0.0000789823
        0.0351278602  -0.0894033923   0.0835833736   0.0010442094  -0.0057024423
        0.0108791012   0.0120933784  -0.0152241605   0.0217430648  -0.0359185837
        0.1031748312  -0.0972897920   0.0003576101   0.0002534386   0.0004626708
        0.0002937921   0.0005072343  -0.0007167087  -0.0023818537  -0.0001312582
        0.0016332785  -0.0001531765   0.0008499220  -0.0003245560  -0.0027550131
       -0.0016446717  -0.0027907590
       -0.0096366247   0.0049698549  -0.0183596699   0.0008064541   0.0003315327
        0.0010723054   0.0002915497   0.0001058622   0.0003319603  -0.0001923882
       -0.0001575620   0.0000782426   0.0000063534   0.0000958196  -0.0001381349
        0.0003269628   0.0003780814   0.0000683750  -0.0002419348  -0.0002824725
        0.0002966193  -0.0000880410  -0.0000330091  -0.0001724147   0.0000373737
       -0.0001607202  -0.0001848432  -0.0000986307  -0.0000221583   0.0001382560
       -0.0596881368   0.0838480890  -0.1992307756  -0.0025183956   0.0106532599
       -0.0183162588   0.0005141754  -0.0007493464   0.0038835199   0.0703259861
       -0.0972897920   0.2352238485  -0.0006442982  -0.0007749883   0.0011348962
       -0.0005157798  -0.0001779399   0.0000529980   0.0034458826   0.0015620682
       -0.0029980564   0.0002938922   0.0004588167   0.0000931785  -0.0024244003
       -0.0027553959  -0.0029740462
       -0.0033562454  -0.0014939148   0.0023177857  -0.0007264279  -0.0009996264
       -0.0007539278  -0.0704223335   0.0374898120  -0.0648618443  -0.1879909061
       -0.0571309714   0.1035761165  -0.1217568005   0.1075689891   0.0351183717
        0.0001472648   0.0003238476   0.0003700125  -0.0000042543  -0.0000109398
        0.0000016203   0.0000516249  -0.0000368593  -0.0000348181  -0.0000342190
       -0.0001236032  -0.0001010174  -0.0004363822  -0.0003424866   0.0000484583
       -0.0184173904  -0.0180501624  -0.0095529345  -0.1037800096  -0.0455862538
       -0.0414130584   0.0005929193  -0.0007887301  -0.0008101289   0.0007618968
        0.0003576101  -0.0006442982   0.5050145890  -0.0229008134  -0.0221141891
        0.0077944931   0.0094272923   0.0078586337  -0.0073492289  -0.0075910359
       -0.0091719773  -0.0001383940  -0.0000570915  -0.0000030952   0.0000498040
       -0.0000550627   0.0001702907
       -0.0016124048  -0.0004803784   0.0010083980  -0.0003165382  -0.0003329696
       -0.0003797761   0.0371811059  -0.0925717162   0.0900518334  -0.0572504606
       -0.0664047475   0.0427374279   0.1077864019  -0.1888842773  -0.0457063028
        0.0001390274   0.0001324682   0.0000390401  -0.0000257026   0.0000161309
       -0.0000418481  -0.0000727819  -0.0000045957   0.0000400794  -0.0001085696
        0.0000029246   0.0000511052  -0.0002994598  -0.0001704109   0.0000685467
       -0.0106016508  -0.0096736518  -0.0039751821  -0.0451210111  -0.1239451853
       -0.0486322445   0.0007633819   0.0009705926  -0.0000422421  -0.0000131203
        0.0002534386  -0.0007749883  -0.0229008134   0.4940406581  -0.0244214293
       -0.0125037604  -0.0202514453  -0.0158138222   0.0051088386   0.0071253574
        0.0055612290  -0.0001125587   0.0003063401   0.0001253379  -0.0000399235
       -0.0001285328   0.0001048378
        0.0022207343   0.0009139207  -0.0012877986   0.0006123775   0.0006622611
        0.0004625530  -0.0649615287   0.0902185242  -0.2069898921   0.1033188096
        0.0425293450  -0.1157241526   0.0350646865  -0.0459231338  -0.0593843985
        0.0000529529  -0.0002206886  -0.0004925282  -0.0000725899  -0.0000422162
        0.0000874611  -0.0000505420  -0.0000340557   0.0000435880  -0.0000738447
        0.0000769355   0.0003215538   0.0000916362   0.0001108510   0.0001039649
        0.0062247396   0.0075762159   0.0063335367  -0.0406078813  -0.0480790753
       -0.1071199044   0.0001877746   0.0006782758   0.0004712855   0.0010290167
        0.0004626708   0.0011348962  -0.0221141891  -0.0244214293   0.5042980152
       -0.0046254330  -0.0083271896  -0.0052400074  -0.0163811033  -0.0163542427
       -0.0174368369  -0.0001224748   0.0002123744   0.0000811477   0.0002068589
       -0.0000393430   0.0003375166
        0.0004848982   0.0009744134   0.0003088440   0.0001339300  -0.0002045287
       -0.0001337077   0.0004788740  -0.0002078329   0.0003129796   0.0005828573
       -0.0001748193  -0.0001718356  -0.0007788995  -0.0026861882  -0.0019709330
       -0.0001358917   0.0000073009   0.0001440891   0.0000484587   0.0000734656
       -0.0000045370   0.0001985975   0.0000061703  -0.0000623744   0.0001443795
       -0.0000151889  -0.0001151650   0.0001470905   0.0000603723  -0.0000838947
       -0.0197365723   0.0176823901   0.0093352258  -0.1155253990   0.1028965288
        0.0317159357  -0.0046570766  -0.0014940048   0.0037844238   0.0008314084
        0.0002937921  -0.0005157798   0.0077944931  -0.0125037604  -0.0046254330
        0.1382387180  -0.1162913144  -0.0384485296  -0.0078512507   0.0123919233
        0.0007130421  -0.0002426288  -0.0009561990  -0.0000703518  -0.0001559868
        0.0001474799  -0.0001119985
       -0.0008018501   0.0009745636   0.0007558552  -0.0001372064   0.0000397853
        0.0002025470   0.0003694623   0.0008391844   0.0004067703   0.0002754238
       -0.0000394078   0.0003013124  -0.0028789103  -0.0032916087  -0.0033807192
       -0.0001860153  -0.0002099230  -0.0000876753  -0.0000113318   0.0000218740
       -0.0000424344   0.0000357565  -0.0000873488  -0.0000402154   0.0000270921
        0.0000346167   0.0000901734   0.0001828720   0.0000710593  -0.0000675735
       -0.0035648808   0.0059223109   0.0011063022   0.1028001112  -0.1823576799
       -0.0428126738  -0.0015435119   0.0002348037   0.0003933334  -0.0002496811
        0.0005072343  -0.0001779399   0.0094272923  -0.0202514453  -0.0083271896
       -0.1162913144   0.2134284906   0.0526577651   0.0123335659  -0.0156720787
       -0.0009969130   0.0000129196   0.0000348961  -0.0000067304   0.0002002064
       -0.0001993266   0.0000260054
       -0.0007800357  -0.0000979065   0.0005104811  -0.0001390360   0.0000461129
        0.0000511183   0.0006340523  -0.0003532103   0.0000737301   0.0002542956
        0.0004808438   0.0003400272  -0.0017336920  -0.0034270645  -0.0018369776
       -0.0000864822   0.0000257378   0.0001846593   0.0000228430  -0.0000252063
       -0.0000722602  -0.0000348299  -0.0000395584  -0.0000536076   0.0000789701
       -0.0000206302  -0.0001208241   0.0000345458   0.0000003257  -0.0000805107
        0.0131068893  -0.0123557025  -0.0051992749   0.0311815813  -0.0426729062
       -0.0594656166   0.0037677629   0.0004008617  -0.0019260557   0.0001531781
       -0.0007167087   0.0000529980   0.0078586337  -0.0158138222  -0.0052400074
       -0.0384485296   0.0526577651   0.0683982573  -0.0158913382   0.0217127240
        0.0043322334   0.0000562691   0.0000698313   0.0001809122  -0.0000350774
        0.0001285135  -0.0001292821
        0.0006983788   0.0000431880   0.0010590220  -0.0001053292   0.0000493191
        0.0000267356  -0.0017188798  -0.0028874303  -0.0026777576  -0.0000967622
        0.0003659813  -0.0002500846   0.0005491607   0.0003281616   0.0006284692
       -0.0001713430  -0.0001798776  -0.0000869006   0.0000144737   0.0000828264
       -0.0001060162   0.0000464860  -0.0000096104   0.0000237226   0.0000112892
        0.0000753455   0.0000597142   0.0001541917   0.0001193429  -0.0000769430
        0.0051586966  -0.0118615760   0.0201127752  -0.0683122679   0.0369473699
       -0.0622637476   0.0009048186  -0.0002827686   0.0001853676  -0.0032220514
       -0.0023818537   0.0034458826  -0.0073492289   0.0051088386  -0.0163811033
       -0.0078512507   0.0123335659  -0.0158913382   0.0816607597  -0.0378833657
        0.0725261970  -0.0001085285   0.0001304336  -0.0001066401  -0.0002626133
       -0.0000978904  -0.0002273549
        0.0003804950   0.0002259431   0.0006155800  -0.0000786852  -0.0000033152
       -0.0001772083  -0.0026250081  -0.0016272823  -0.0030869491   0.0003222724
        0.0004831465  -0.0001904023  -0.0002248611   0.0007534166  -0.0003274609
       -0.0000916201   0.0000086347   0.0002279595   0.0000779620   0.0000803285
       -0.0001251474   0.0000621034   0.0000244248  -0.0000233995   0.0000957192
        0.0000380568  -0.0001988859   0.0001142914   0.0000413611  -0.0000973653
        0.0008394977  -0.0058173654   0.0110573853   0.0367459775  -0.0901863474
        0.0844034137   0.0002995367   0.0005473114  -0.0007536158  -0.0023166097
       -0.0001312582   0.0015620682  -0.0075910359   0.0071253574  -0.0163542427
        0.0123919233  -0.0156720787   0.0217127240  -0.0378833657   0.1043918294
       -0.0979870636   0.0001819104  -0.0002280364   0.0000648039  -0.0007005034
       -0.0000541265  -0.0003221939
       -0.0005975597  -0.0005949459   0.0009425942  -0.0000437024  -0.0000768494
        0.0003254871  -0.0027607444  -0.0029381738  -0.0025849764   0.0002042138
        0.0002789008   0.0005831078   0.0003494721   0.0004456243   0.0000555547
       -0.0001374210  -0.0000836196   0.0000129985  -0.0000862951  -0.0000734804
       -0.0000333720   0.0000047290  -0.0000430344  -0.0000647215   0.0000127950
        0.0000155088   0.0000071431   0.0000659826   0.0000244631  -0.0000569405
       -0.0020396572   0.0109839956  -0.0183150236  -0.0622704826   0.0837761844
       -0.1988393928  -0.0005265455  -0.0001606922   0.0000669013   0.0033996380
        0.0016332785  -0.0029980564  -0.0091719773   0.0055612290  -0.0174368369
        0.0007130421  -0.0009969130   0.0043322334   0.0725261970  -0.0979870636
        0.2338484908   0.0000113119   0.0000963512  -0.0001273192   0.0003470037
        0.0001392364   0.0002821286
       -0.1129366205   0.1010231540   0.0295567819  -0.0199405778   0.0175053376
        0.0088842673   0.0000274852  -0.0000149265   0.0000334914   0.0000275501
        0.0000514946   0.0000190006  -0.0000650277   0.0001020550   0.0000635249
       -0.0008039224   0.0012066236   0.0018764876   0.0007982453   0.0002702211
       -0.0003794921  -0.0049139784  -0.0014193348   0.0038075333   0.0012493034
       -0.0003268326  -0.0010388870   0.0006037256   0.0000901182  -0.0003991594
        0.0073245134  -0.0117476120  -0.0036337901   0.0008662808  -0.0010076401
       -0.0007546925  -0.0009158628  -0.0024554336  -0.0013718997   0.0005193836
       -0.0001531765   0.0002938922  -0.0001383940  -0.0001125587  -0.0001224748
       -0.0002426288   0.0000129196   0.0000562691  -0.0001085285   0.0001819104
        0.0000113119   0.1370424884  -0.1160595737  -0.0373642968  -0.0083934350
        0.0128532544   0.0004621323
        0.1014917404  -0.1831528226  -0.0417297634  -0.0034414291   0.0068838748
        0.0014423047   0.0000696744   0.0000318714  -0.0000146389  -0.0000414086
        0.0000273818   0.0000717476   0.0000805300   0.0001507717   0.0000520452
       -0.0002341984   0.0000936250  -0.0005490192  -0.0001835619   0.0004966338
       -0.0001195588  -0.0016975503   0.0002664801   0.0004708613  -0.0004487410
       -0.0002381263   0.0007617783   0.0004495065   0.0001490006  -0.0001016095
        0.0097849899  -0.0210205950  -0.0077749113   0.0008554468   0.0003432788
       -0.0002055534  -0.0025418915  -0.0033869869  -0.0034437918   0.0003801057
        0.0008499220   0.0004588167  -0.0000570915   0.0003063401   0.0002123744
       -0.0009561990   0.0000348961   0.0000698313   0.0001304336  -0.0002280364
        0.0000963512  -0.1160595737   0.2139255291   0.0507214418   0.0124192178
       -0.0155330380  -0.0004187064
        0.0296066453  -0.0421799864  -0.0587960499   0.0131681446  -0.0119717292
       -0.0050281972   0.0000146615  -0.0000320725  -0.0000659057   0.0000049580
        0.0000406628   0.0000230649   0.0000420194   0.0000180111  -0.0000483346
       -0.0003276085   0.0000511523   0.0009420323   0.0001070005  -0.0006415269
        0.0000899274   0.0036701668   0.0002818199  -0.0018708973   0.0000373383
       -0.0001015410  -0.0003522895   0.0000505283  -0.0000289981  -0.0004416956
        0.0081380371  -0.0156952846  -0.0049714892   0.0003364457   0.0006370878
        0.0004175727  -0.0013986094  -0.0034384138  -0.0018662189   0.0006386126
       -0.0003245560   0.0000931785  -0.0000030952   0.0001253379   0.0000811477
       -0.0000703518  -0.0000067304   0.0001809122  -0.0001066401   0.0000648039
       -0.0001273192  -0.0373642968   0.0507214418   0.0676946111  -0.0165439563
        0.0224805213   0.0040459503
       -0.0694959207   0.0352079713  -0.0648602191   0.0056017928  -0.0111567513
        0.0207916741   0.0001072215   0.0000439579   0.0001356819  -0.0000157341
        0.0000035017   0.0000684538   0.0000433771   0.0000634856   0.0000140746
        0.0003103492  -0.0003684948   0.0002703380  -0.0031773498  -0.0025015869
        0.0036350352   0.0008924812  -0.0001738074   0.0002330304  -0.0003034561
        0.0002760878   0.0001274582   0.0003093378   0.0004142409  -0.0001981001
       -0.0076024817   0.0048047399  -0.0157802077   0.0003109452   0.0004314632
       -0.0009586254   0.0005580782   0.0003667315   0.0006520457  -0.0015821457
       -0.0027550131  -0.0024244003   0.0000498040  -0.0000399235   0.0002068589
       -0.0001559868   0.0002002064  -0.0000350774  -0.0002626133  -0.0007005034
        0.0003470037  -0.0083934350   0.0124192178  -0.0165439563   0.0828057363
       -0.0365355236   0.0743189318
        0.0346682986  -0.0837746402   0.0779905796   0.0009732159  -0.0057219292
        0.0109882679   0.0000409335  -0.0000313367   0.0000753947   0.0000545122
        0.0000263421   0.0000391103  -0.0000169899   0.0000264649  -0.0000288847
       -0.0003082104   0.0003819042   0.0023308357  -0.0023949614  -0.0003167555
        0.0016426013   0.0002520277   0.0005763045  -0.0006547734   0.0006036808
        0.0003795014  -0.0014048826   0.0003861203   0.0000805929  -0.0005645190
       -0.0077516016   0.0069545626  -0.0162567648   0.0000214488   0.0005354471
       -0.0008517792  -0.0001513323   0.0007892250  -0.0003307348  -0.0026893999
       -0.0016446717  -0.0027553959  -0.0000550627  -0.0001285328  -0.0000393430
        0.0001474799  -0.0001993266   0.0001285135  -0.0000978904  -0.0000541265
        0.0001392364   0.0128532544  -0.0155330380   0.0224805213  -0.0365355236
        0.0976540125  -0.0929279832
       -0.0648876943   0.0782921848  -0.2018895891  -0.0015893352   0.0107202407
       -0.0179617868   0.0001013703   0.0000554620  -0.0000383619  -0.0000203554
       -0.0000014905   0.0000621564   0.0000430072  -0.0000055431  -0.0000646642
       -0.0001116532  -0.0001400434  -0.0005074067   0.0033012773   0.0016423020
       -0.0029760624  -0.0004825500  -0.0001805379   0.0001393824  -0.0005010692
       -0.0002518915   0.0006629582   0.0001224247  -0.0000767231  -0.0001166903
       -0.0092718626   0.0053658226  -0.0178964314   0.0007898577   0.0004467358
        0.0007995710   0.0003364489   0.0004622810   0.0001096154  -0.0024418676
       -0.0027907590  -0.0029740462   0.0001702907   0.0001048378   0.0003375166
       -0.0001119985   0.0000260054  -0.0001292821  -0.0002273549  -0.0003221939
        0.0002821286   0.0004621323  -0.0004187064   0.0040459503   0.0743189318
       -0.0929279832   0.2381150421
