           1           2   1.01184324175580     
           2           6  0.924563152992150     
           2           7  0.968922850412346     
           2           8  0.968875793040756     
           6           9   1.49961821474902     
           6          10   1.48014155579271     
           9          10  0.211391389240475     
           1          11   1.00529161863143     
          11          12   1.00717379408096     
          11          13  0.977510914577399     
          11          14  0.977342919516330     
           3          15  0.987596253499217     
           4          15  0.986582018960780     
           5          15  0.987595455399310     
          12          15   1.01899498078839     
          12          16  0.978462962185393     
          12          17  0.978559111635617     
           1          18  0.977350900657000     
           1          19  0.977656468274056     
