$hessian                                                                        
        0.0870637545   0.0801028264  -0.0630320571  -0.0887904578  -0.0383586147
        0.0295030643  -0.0165604811  -0.0358808451   0.0250204149   0.0158175016
       -0.0012074277  -0.0093053831   0.0059969524  -0.0010232661   0.0162852927
        0.0024076275   0.0012629638   0.0003978496  -0.0092770197  -0.0054574137
        0.0012820065   0.0033421226   0.0005617770  -0.0001511878
        0.0801028264   0.2522122184  -0.1597874149  -0.0575858401  -0.1719534440
        0.0743158964  -0.0249428860  -0.0192428356   0.0154888662   0.0050521830
       -0.0654778839   0.0292651439  -0.0000332077   0.0043822219   0.0403829111
        0.0021621833   0.0002031341  -0.0001707880  -0.0049612819  -0.0014035414
        0.0001266815   0.0002060229   0.0012801305   0.0003787039
       -0.0630320571  -0.1597874149   0.1806955216   0.0479340502   0.0819015558
       -0.1303614041   0.0145494153   0.0111794404   0.0021992829  -0.0114799283
        0.0312684566   0.0028396430   0.0115029358   0.0355540389  -0.0571660879
        0.0003751681   0.0006573217   0.0013021281   0.0007998096  -0.0000716600
        0.0011688206  -0.0006493937  -0.0007017385  -0.0006779042
       -0.0887904578  -0.0575858401   0.0479340502   0.3714093273   0.0350524879
       -0.0168154388  -0.1332341630  -0.0119794158  -0.0160487786  -0.0750475799
        0.0430296861   0.0122790262  -0.0453194238  -0.0035177730  -0.0222523310
       -0.0055865131  -0.0024453292  -0.0035468392  -0.0036120319  -0.0014671416
       -0.0002377606  -0.0198191580  -0.0010866743  -0.0013119281
       -0.0383586147  -0.1719534440   0.0819015558   0.0350524879   0.3581294732
       -0.0139284629  -0.0101648608  -0.0629406587  -0.0044390309   0.0244692429
       -0.0626004263  -0.0176434940  -0.0041466346  -0.0554941700  -0.0442616329
       -0.0087249956  -0.0017836156  -0.0031045658  -0.0201446820  -0.0077618417
       -0.0000090795   0.0220180569   0.0044046831   0.0014847102
        0.0295030643   0.0743158964  -0.1303614041  -0.0168154388  -0.0139284629
        0.3358868944  -0.0177835807  -0.0051466032  -0.0654474584   0.0174319360
       -0.0265857663  -0.0494517325  -0.0090498769  -0.0278179879  -0.0861420840
       -0.0258825902  -0.0089112370  -0.0064567688   0.0176571396   0.0073334981
        0.0003642543   0.0049393467   0.0007406628   0.0016082992
       -0.0165604811  -0.0249428860   0.0145494153  -0.1332341630  -0.0101648608
       -0.0177835807   0.4037740435  -0.0317697680  -0.0129030995  -0.0296236368
        0.0028881044  -0.0037771449  -0.0114267462  -0.0034575303  -0.0078978185
       -0.0449747361  -0.0080058920  -0.0271756282  -0.0485572206  -0.0325067967
        0.0289821491  -0.1193970597   0.1079596294   0.0260057075
       -0.0358808451  -0.0192428356   0.0111794404  -0.0119794158  -0.0629406587
       -0.0051466032  -0.0317697680   0.5124620553  -0.0112860595   0.0241892029
        0.0022067704   0.0026389360  -0.0120316114  -0.0019260137  -0.0077349773
       -0.0085348606  -0.0646016890  -0.0648426524  -0.0337961861  -0.1717021925
        0.1101052194   0.1098034840  -0.1942554362  -0.0349133035
        0.0250204149   0.0154888662   0.0021992829  -0.0160487786  -0.0044390309
       -0.0654474584  -0.0129030995  -0.0112860595   0.5196544703   0.0063319735
       -0.0013614318   0.0021710603  -0.0302101294  -0.0087561478  -0.0119492839
       -0.0289552488  -0.0652465695  -0.2568077241   0.0302176990   0.1106252253
       -0.1370695362   0.0265471689  -0.0350248520  -0.0527508109
        0.0158175016   0.0050521830  -0.0114799283  -0.0750475799   0.0244692429
        0.0174319360  -0.0296236368   0.0241892029   0.0063319735   0.0966691545
       -0.0553959717  -0.0160852593   0.0003211143   0.0018117701   0.0042954013
        0.0011554944   0.0006227448   0.0001878219   0.0000040082   0.0002171699
        0.0004551396  -0.0092960562  -0.0009663419  -0.0011370847
       -0.0012074277  -0.0654778839   0.0312684566   0.0430296861  -0.0626004263
       -0.0265857663   0.0028881044   0.0022067704  -0.0013614318  -0.0553959717
        0.1402717141   0.0142963860   0.0106482302  -0.0162221250  -0.0178591160
       -0.0004911422  -0.0000085631   0.0006917382   0.0003855964   0.0008038877
       -0.0007323815   0.0001429245   0.0010266260   0.0002821148
       -0.0093053831   0.0292651439   0.0028396430   0.0122790262  -0.0176434940
       -0.0494517325  -0.0037771449   0.0026389360   0.0021710603  -0.0160852593
        0.0142963860   0.0598756784   0.0182406007  -0.0292475180  -0.0164075270
       -0.0006420699   0.0005239716   0.0003047722   0.0004142771  -0.0001555999
       -0.0001240794  -0.0011240468   0.0003221745   0.0007921851
        0.0059969524  -0.0000332077   0.0115029358  -0.0453194238  -0.0041466346
       -0.0090498769  -0.0114267462  -0.0120316114  -0.0302101294   0.0003211143
        0.0106482302   0.0182406007   0.0563488878   0.0081780256   0.0130341611
       -0.0073378985  -0.0025369878  -0.0028623684   0.0004596299   0.0000862368
       -0.0002446231   0.0009574840  -0.0001640511  -0.0004106998
       -0.0010232661   0.0043822219   0.0355540389  -0.0035177730  -0.0554941700
       -0.0278179879  -0.0034575303  -0.0019260137  -0.0087561478   0.0018117701
       -0.0162221250  -0.0292475180   0.0081780256   0.0689322680   0.0304821450
       -0.0026082699   0.0001155374  -0.0004285370  -0.0000745346  -0.0002575356
       -0.0003981541   0.0006915783   0.0004698171   0.0006121609
        0.0162852927   0.0403829111  -0.0571660879  -0.0222523310  -0.0442616329
       -0.0861420840  -0.0078978185  -0.0077349773  -0.0119492839   0.0042954013
       -0.0178591160  -0.0164075270   0.0130341611   0.0304821450   0.1712606184
       -0.0038871908  -0.0008797146  -0.0002213348  -0.0001999514  -0.0009946673
        0.0005708176   0.0006224366   0.0008650520   0.0000548816
        0.0024076275   0.0021621833   0.0003751681  -0.0055865131  -0.0087249956
       -0.0258825902  -0.0449747361  -0.0085348606  -0.0289552488   0.0011554944
       -0.0004911422  -0.0006420699  -0.0073378985  -0.0026082699  -0.0038871908
        0.0517383333   0.0094263268   0.0345853682   0.0009249636   0.0017149138
        0.0060301576   0.0016727288   0.0070558445   0.0183764058
        0.0012629638   0.0002031341   0.0006573217  -0.0024453292  -0.0017836156
       -0.0089112370  -0.0080058920  -0.0646016890  -0.0652465695   0.0006227448
       -0.0000085631   0.0005239716  -0.0025369878   0.0001155374  -0.0008797146
        0.0094263268   0.0714531377   0.0775190280   0.0028200917   0.0057076784
        0.0241053750  -0.0011439182  -0.0110856197  -0.0277681752
        0.0003978496  -0.0001707880   0.0013021281  -0.0035468392  -0.0031045658
       -0.0064567688  -0.0271756282  -0.0648426524  -0.2568077241   0.0001878219
        0.0006917382   0.0003047722  -0.0028623684  -0.0004285370  -0.0002213348
        0.0345853682   0.0775190280   0.2970829048  -0.0020502800  -0.0046075433
       -0.0251924335   0.0004640761  -0.0050566796  -0.0100115439
       -0.0092770197  -0.0049612819   0.0007998096  -0.0036120319  -0.0201446820
        0.0176571396  -0.0485572206  -0.0337961861   0.0302176990   0.0000040082
        0.0003855964   0.0004142771   0.0004596299  -0.0000745346  -0.0001999514
        0.0009249636   0.0028200917  -0.0020502800   0.0568795615   0.0408435251
       -0.0351607936   0.0031781090   0.0149274713  -0.0116779004
       -0.0054574137  -0.0014035414  -0.0000716600  -0.0014671416  -0.0077618417
        0.0073334981  -0.0325067967  -0.1717021925   0.1106252253   0.0002171699
        0.0008038877  -0.0001555999   0.0000862368  -0.0002575356  -0.0009946673
        0.0017149138   0.0057076784  -0.0046075433   0.0408435251   0.1991386144
       -0.1300285729  -0.0034304936  -0.0245250693   0.0178993199
        0.0012820065   0.0001266815   0.0011688206  -0.0002377606  -0.0000090795
        0.0003642543   0.0289821491   0.1101052194  -0.1370695362   0.0004551396
       -0.0007323815  -0.0001240794  -0.0002446231  -0.0003981541   0.0005708176
        0.0060301576   0.0241053750  -0.0251924335  -0.0351607936  -0.1300285729
        0.1574550744  -0.0011062754  -0.0031690880   0.0028270822
        0.0033421226   0.0002060229  -0.0006493937  -0.0198191580   0.0220180569
        0.0049393467  -0.1193970597   0.1098034840   0.0265471689  -0.0092960562
        0.0001429245  -0.0011240468   0.0009574840   0.0006915783   0.0006224366
        0.0016727288  -0.0011439182   0.0004640761   0.0031781090  -0.0034304936
       -0.0011062754   0.1393618294  -0.1282876549  -0.0296933124
        0.0005617770   0.0012801305  -0.0007017385  -0.0010866743   0.0044046831
        0.0007406628   0.1079596294  -0.1942554362  -0.0350248520  -0.0009663419
        0.0010266260   0.0003221745  -0.0001640511   0.0004698171   0.0008650520
        0.0070558445  -0.0110856197  -0.0050566796   0.0149274713  -0.0245250693
       -0.0031690880  -0.1282876549   0.2226848684   0.0420244689
       -0.0001511878   0.0003787039  -0.0006779042  -0.0013119281   0.0014847102
        0.0016082992   0.0260057075  -0.0349133035  -0.0527508109  -0.0011370847
        0.0002821148   0.0007921851  -0.0004106998   0.0006121609   0.0000548816
        0.0183764058  -0.0277681752  -0.0100115439  -0.0116779004   0.0178993199
        0.0028270822  -0.0296933124   0.0420244689   0.0581578110
