$hessian                                                                        
        0.4865810309   0.1108525754  -0.1858965891  -0.1131392572   0.0261428187
        0.0682442075   0.0341000981   0.0213473451  -0.0076795333  -0.0244893432
        0.0073340372   0.0193818907  -0.0260928850  -0.0472859669  -0.0153275115
       -0.0145105930   0.0157046162   0.0215395216  -0.2264214414  -0.0314031781
        0.0997392830   0.0005181019  -0.0046530438   0.0007579859  -0.1021099184
       -0.1052145169  -0.0244805202   0.0006742745  -0.0040952458   0.0015932966
       -0.0153713017   0.0106169507   0.0218213434   0.0002612345   0.0006536083
        0.0003066255
        0.1108525754   0.5278299920   0.2191565283   0.0747871367  -0.1812937578
       -0.1491271241  -0.0156115410  -0.0469586176  -0.0226748246   0.0150659858
       -0.0022748835  -0.0094054141  -0.0232167537  -0.0007852844   0.0157275413
       -0.0019585310   0.0036399250   0.0031044452  -0.0646893501  -0.0834991411
        0.0199487039  -0.0037691421  -0.0023153649  -0.0034373931  -0.1044334571
       -0.2126291674  -0.0542335540  -0.0047735884  -0.0025262301  -0.0034813037
        0.0170465350   0.0000380537  -0.0156297639   0.0007001304   0.0007744762
        0.0000521589
       -0.1858965891   0.2191565283   0.3805838696   0.1019343725  -0.1159201536
       -0.1895135340  -0.0332770912  -0.0479028670  -0.0092440316   0.0247312052
       -0.0041158443  -0.0233049452   0.0013420722   0.0321457306   0.0207590892
        0.0092919364  -0.0089492490  -0.0114758750   0.0766975380  -0.0027900583
       -0.1028019248   0.0013900740  -0.0028380267   0.0034751313  -0.0239347398
       -0.0537001115  -0.0521112031   0.0011359391  -0.0039180042   0.0036772530
        0.0262596104  -0.0112393510  -0.0199004964   0.0003256723   0.0000714067
       -0.0001433330
       -0.1131392572   0.0747871367   0.1019343725   0.5137833769   0.1236713746
       -0.1906240638  -0.1340234893  -0.1341921036  -0.0299755952  -0.0351316065
       -0.0237651582   0.0076546386   0.0012017943  -0.0045330517  -0.0063870213
       -0.2177869009  -0.0459932260   0.0943584689  -0.0193732393   0.0158250740
        0.0239641114   0.0044112948   0.0101809352   0.0030611586   0.0039034870
       -0.0103696729  -0.0103106350   0.0007902500   0.0001922317  -0.0004624171
       -0.0017336635  -0.0026454039   0.0021131228  -0.0029020463  -0.0031581359
        0.0046738597
        0.0261428187  -0.1812937578  -0.1159201536   0.1236713746   0.5211117711
        0.2006954080  -0.0802157599  -0.2382817765  -0.0811718782  -0.0628224352
       -0.0052453008   0.0392123318   0.0031663817  -0.0353722966  -0.0242115894
       -0.0467266220  -0.0535090782   0.0177073024   0.0458172398   0.0292459578
       -0.0108203193  -0.0084316900  -0.0194344413  -0.0067372755   0.0076231760
       -0.0204213493  -0.0188726974   0.0000561713  -0.0005051861  -0.0003030337
       -0.0060093994   0.0011690440   0.0021116998  -0.0022712555   0.0025364138
       -0.0016897948
        0.0682442075  -0.1491271241  -0.1895135340  -0.1906240638   0.2006954080
        0.3783347416   0.0074102891  -0.0443225251  -0.0776210528  -0.0194175066
        0.0124818801   0.0220771306  -0.0010556975  -0.0189037594  -0.0159399522
        0.0938431792   0.0171881725  -0.0851499944   0.0447386963   0.0096359461
       -0.0242045309  -0.0098192411  -0.0194257018  -0.0081691770   0.0021571388
       -0.0065799067  -0.0067000863  -0.0005494501  -0.0004308523   0.0000282690
       -0.0002244803  -0.0001725572   0.0040631465   0.0052969285  -0.0010389801
        0.0027950399
        0.0341000981  -0.0156115410  -0.0332770912  -0.1340234893  -0.0802157599
        0.0074102891   0.5075833832   0.1270164963  -0.1929138824  -0.2519991548
       -0.0796257394   0.0883229180  -0.0244180800   0.0484101707   0.0510104082
       -0.0173400477  -0.0235983617  -0.0043589413  -0.0324866988  -0.0240954314
        0.0015455796  -0.0731604572   0.0506140124   0.0674140600   0.0021468798
        0.0006221223   0.0044512044   0.0025870668  -0.0002517065   0.0035070311
        0.0024853936   0.0027001436   0.0002537334  -0.0154748938  -0.0059644055
        0.0066346911
        0.0213473451  -0.0469586176  -0.0479028670  -0.1341921036  -0.2382817765
       -0.0443225251   0.1270164963   0.5080127837   0.1983187589  -0.0256971894
       -0.0865004394  -0.0133840636   0.0114628145   0.0283563829   0.0109866623
       -0.0050975151  -0.0063071435  -0.0010780335  -0.0241146071  -0.0178203835
        0.0081434463   0.0506168720  -0.1335864996  -0.1092128184  -0.0000435286
        0.0008578338  -0.0049233725   0.0004201184   0.0002912649  -0.0056496520
        0.0027169635   0.0006405498  -0.0014890781  -0.0244356659  -0.0087039550
        0.0105135426
       -0.0076795333  -0.0226748246  -0.0092440316  -0.0299755952  -0.0811718782
       -0.0776210528  -0.1929138824   0.1983187589   0.3652412038   0.1256434917
        0.0234889234  -0.1114277213   0.0254351088  -0.0142636935  -0.0260379773
        0.0084838675   0.0115725734   0.0024785444   0.0015120170   0.0081505679
       -0.0011857183   0.0674262731  -0.1092273561  -0.1473697896   0.0039791017
       -0.0053854302   0.0015691703   0.0039957711  -0.0051804957   0.0017135573
        0.0002718197  -0.0014980993  -0.0011125632  -0.0061784396  -0.0021290461
        0.0029963782
       -0.0244893432   0.0150659858   0.0247312052  -0.0351316065  -0.0628224352
       -0.0194175066  -0.2519991548  -0.0256971894   0.1256434917   0.5175558735
        0.1219149675  -0.1944059206  -0.1134024204   0.0262636495   0.0685289255
        0.0009897463  -0.0040267816   0.0014611372   0.0356440221   0.0203745764
       -0.0104590502  -0.0120508168  -0.0008125800   0.0067120514  -0.0001631499
        0.0004893216   0.0003835912  -0.0140355903   0.0159186022   0.0201748200
       -0.0013570835  -0.0061914941  -0.0006091525  -0.1015604765  -0.1004766226
       -0.0227435922
        0.0073340372  -0.0022748835  -0.0041158443  -0.0237651582  -0.0052453008
        0.0124818801  -0.0796257394  -0.0865004394   0.0234889234   0.1219149675
        0.5162485344   0.1985367091   0.0749378158  -0.1809458974  -0.1489659944
       -0.0049474264  -0.0024467377  -0.0032794270  -0.0096309191  -0.0416047217
       -0.0219983077   0.0178015159   0.0017534371  -0.0099515310   0.0006345952
        0.0007164595   0.0001131027  -0.0020809316   0.0026481070   0.0037137174
       -0.0028188046   0.0006974865  -0.0003854477  -0.0997539523  -0.2030460439
       -0.0496377807
        0.0193818907  -0.0094054141  -0.0233049452   0.0076546386   0.0392123318
        0.0220771306   0.0883229180  -0.0133840636  -0.1114277213  -0.1944059206
        0.1985367091   0.3794215674   0.1022233036  -0.1157493891  -0.1895910231
        0.0007809013  -0.0039006600   0.0038887848  -0.0312262664  -0.0424668080
       -0.0083936327   0.0195847466   0.0027521999  -0.0128866674   0.0004975004
        0.0002085786  -0.0002610327   0.0076769372  -0.0085696397  -0.0118795295
        0.0017394255   0.0019050568   0.0041734661  -0.0222300750  -0.0491389017
       -0.0518163968
       -0.0260928850  -0.0232167537   0.0013420722   0.0012017943   0.0031663817
       -0.0010556975  -0.0244180800   0.0114628145   0.0254351088  -0.1134024204
        0.0749378158   0.1022233036   0.5088918056   0.1005337193  -0.2082762333
        0.0009759846   0.0003606385  -0.0004178479  -0.1267991690  -0.1107813504
       -0.0232273351  -0.0028376557  -0.0022101735   0.0047705500  -0.0029462602
       -0.0030927254   0.0047786083  -0.2268300688  -0.0467464963   0.1011572208
        0.0074669958   0.0064819121   0.0033536761   0.0047899590  -0.0108957827
       -0.0100834259
       -0.0472859669  -0.0007852844   0.0321457306  -0.0045330517  -0.0353722966
       -0.0189037594   0.0484101707   0.0283563829  -0.0142636935   0.0262636495
       -0.1809458974  -0.1157493891   0.1005337193   0.4991237085   0.2063181804
        0.0003140128  -0.0001482899  -0.0003537365  -0.0774822995  -0.2116890036
       -0.0600653547  -0.0030875037   0.0020240783  -0.0008885709  -0.0024233965
        0.0021405891  -0.0018209649  -0.0475213816  -0.0521391754   0.0180327533
        0.0000456211  -0.0293533775  -0.0243865708   0.0067664265  -0.0212114340
       -0.0200646243
       -0.0153275115   0.0157275413   0.0207590892  -0.0063870213  -0.0242115894
       -0.0159399522   0.0510104082   0.0109866623  -0.0260379773   0.0685289255
       -0.1489659944  -0.1895910231  -0.2082762333   0.2063181804   0.3869698698
       -0.0004299919  -0.0003679370   0.0000701683  -0.0001825281  -0.0373366788
       -0.0742338081   0.0041534451  -0.0015018157   0.0024997672   0.0052337765
       -0.0013734995   0.0026519549   0.1006249764   0.0174821908  -0.0878682191
       -0.0011001714  -0.0287644408  -0.0133564563   0.0021519258  -0.0079926191
       -0.0059234133
       -0.0145105930  -0.0019585310   0.0092919364  -0.2177869009  -0.0467266220
        0.0938431792  -0.0173400477  -0.0050975151   0.0084838675   0.0009897463
       -0.0049474264   0.0007809013   0.0009759846   0.0003140128  -0.0004299919
        0.2464166937   0.0563242974  -0.1132252953   0.0030188617  -0.0002268987
        0.0038265201   0.0004480033   0.0010326596  -0.0012768055   0.0003551261
        0.0008574246  -0.0018744698  -0.0004615783   0.0003892792  -0.0006188863
       -0.0009569199   0.0006664948   0.0007523726  -0.0011483759  -0.0006271752
        0.0004466717
        0.0157046162   0.0036399250  -0.0089492490  -0.0459932260  -0.0535090782
        0.0171881725  -0.0235983617  -0.0063071435   0.0115725734  -0.0040267816
       -0.0024467377  -0.0039006600   0.0003606385  -0.0001482899  -0.0003679370
        0.0563242974   0.0592521741  -0.0137077020  -0.0005580903   0.0001673657
       -0.0056306775   0.0004016949   0.0001275710   0.0015301249   0.0017221191
        0.0000876831   0.0011448387   0.0004479982  -0.0003941881   0.0006410911
        0.0006548687   0.0000922784  -0.0000174921  -0.0014397734  -0.0005615597
        0.0004969169
        0.0215395216   0.0031044452  -0.0114758750   0.0943584689   0.0177073024
       -0.0851499944  -0.0043589413  -0.0010780335   0.0024785444   0.0014611372
       -0.0032794270   0.0038887848  -0.0004178479  -0.0003537365   0.0000701683
       -0.1132252953  -0.0137077020   0.0913244299   0.0035897580  -0.0058191703
        0.0023716895  -0.0017205774   0.0011019182  -0.0005402455  -0.0012839453
        0.0017316606  -0.0011915336  -0.0005768324   0.0006851321  -0.0008970587
        0.0007511945  -0.0000337478  -0.0010629662  -0.0001166406  -0.0000586415
        0.0001840565
       -0.2264214414  -0.0646893501   0.0766975380  -0.0193732393   0.0458172398
        0.0447386963  -0.0324866988  -0.0241146071   0.0015120170   0.0356440221
       -0.0096309191  -0.0312262664  -0.1267991690  -0.0774822995  -0.0001825281
        0.0030188617  -0.0005580903   0.0035897580   0.4506319233   0.1198053801
       -0.1504795887  -0.0002273603  -0.0007028815  -0.0005355273  -0.0145712321
       -0.0056343465   0.0068878333  -0.0169517680  -0.0238132033  -0.0040526491
       -0.0544596909   0.0407540170   0.0482129945   0.0019957928   0.0002490605
        0.0048377225
       -0.0314031781  -0.0834991411  -0.0027900583   0.0158250740   0.0292459578
        0.0096359461  -0.0240954314  -0.0178203835   0.0081505679   0.0203745764
       -0.0416047217  -0.0424668080  -0.1107813504  -0.2116890036  -0.0373366788
       -0.0002268987   0.0001673657  -0.0058191703   0.1198053801   0.4378614246
        0.1460041506  -0.0007156128   0.0004403948   0.0009843309  -0.0249142991
       -0.0085430416   0.0102393501  -0.0045360466  -0.0054757627  -0.0015464049
        0.0407587078  -0.1005720600  -0.0800267726  -0.0000909213   0.0014889712
       -0.0050284527
        0.0997392830   0.0199487039  -0.1028019248   0.0239641114  -0.0108203193
       -0.0242045309   0.0015455796   0.0081434463  -0.0011857183  -0.0104590502
       -0.0219983077  -0.0083936327  -0.0232273351  -0.0600653547  -0.0742338081
        0.0038265201  -0.0056306775   0.0023716895  -0.1504795887   0.1460041506
        0.3126158909  -0.0005584235   0.0010071517   0.0007237720  -0.0064670259
       -0.0029084825   0.0036015813   0.0092654636   0.0116270222   0.0029131671
        0.0482315967  -0.0800403033  -0.1134735808   0.0046188690  -0.0052670297
        0.0020670947
        0.0005181019  -0.0037691421   0.0013900740   0.0044112948  -0.0084316900
       -0.0098192411  -0.0731604572   0.0506168720   0.0674262731  -0.0120508168
        0.0178015159   0.0195847466  -0.0028376557  -0.0030875037   0.0041534451
        0.0004480033   0.0004016949  -0.0017205774  -0.0002273603  -0.0007156128
       -0.0005584235   0.0831522867  -0.0544185207  -0.0803951740   0.0003622163
       -0.0006525800  -0.0001875272  -0.0006074189   0.0005972596   0.0013393614
       -0.0001239980   0.0004750261  -0.0002582696   0.0001158038   0.0011826808
       -0.0009546873
       -0.0046530438  -0.0023153649  -0.0028380267   0.0101809352  -0.0194344413
       -0.0194257018   0.0506140124  -0.1335864996  -0.1092273561  -0.0008125800
        0.0017534371   0.0027521999  -0.0022101735   0.0020240783  -0.0015018157
        0.0010326596   0.0001275710   0.0011019182  -0.0007028815   0.0004403948
        0.0010071517  -0.0544185207   0.1514386779   0.1277447539   0.0001516287
       -0.0009671469  -0.0012927856  -0.0002067353   0.0002747188  -0.0001906225
        0.0004695187  -0.0003067482   0.0001490351   0.0005551800   0.0005513230
        0.0017212495
        0.0007579859  -0.0034373931   0.0034751313   0.0030611586  -0.0067372755
       -0.0081691770   0.0674140600  -0.1092128184  -0.1473697896   0.0067120514
       -0.0099515310  -0.0128866674   0.0047705500  -0.0008885709   0.0024997672
       -0.0012768055   0.0015301249  -0.0005402455  -0.0005355273   0.0009843309
        0.0007237720  -0.0803951740   0.1277447539   0.1638979174   0.0003713406
       -0.0007395685  -0.0000165220   0.0007799063  -0.0007368771  -0.0002948718
       -0.0002711563   0.0001614127  -0.0006854983  -0.0013883896   0.0012834121
       -0.0006338163
       -0.1021099184  -0.1044334571  -0.0239347398   0.0039034870   0.0076231760
        0.0021571388   0.0021468798  -0.0000435286   0.0039791017  -0.0001631499
        0.0006345952   0.0004975004  -0.0029462602  -0.0024233965   0.0052337765
        0.0003551261   0.0017221191  -0.0012839453  -0.0145712321  -0.0249142991
       -0.0064670259   0.0003622163   0.0001516287   0.0003713406   0.1138239909
        0.1215746217   0.0218456577  -0.0013462464  -0.0013444836  -0.0006184377
        0.0009555463   0.0010891973  -0.0011045324  -0.0004104392   0.0003638270
       -0.0006758345
       -0.1052145169  -0.2126291674  -0.0537001115  -0.0103696729  -0.0204213493
       -0.0065799067   0.0006221223   0.0008578338  -0.0053854302   0.0004893216
        0.0007164595   0.0002085786  -0.0030927254   0.0021405891  -0.0013734995
        0.0008574246   0.0000876831   0.0017316606  -0.0056343465  -0.0085430416
       -0.0029084825  -0.0006525800  -0.0009671469  -0.0007395685   0.1215746217
        0.2387396116   0.0666424618  -0.0001862834  -0.0007685972   0.0002177756
        0.0011817130   0.0012487679   0.0012768814   0.0004249219  -0.0004616426
        0.0006096409
       -0.0244805202  -0.0542335540  -0.0521112031  -0.0103106350  -0.0188726974
       -0.0067000863   0.0044512044  -0.0049233725   0.0015691703   0.0003835912
        0.0001131027  -0.0002610327   0.0047786083  -0.0018209649   0.0026519549
       -0.0018744698   0.0011448387  -0.0011915336   0.0068878333   0.0102393501
        0.0036015813  -0.0001875272  -0.0012927856  -0.0000165220   0.0218456577
        0.0666424618   0.0537769418   0.0001775565   0.0010021244  -0.0003194920
       -0.0010430428   0.0013472496  -0.0001189978  -0.0006282563   0.0006542471
       -0.0008807806
        0.0006742745  -0.0047735884   0.0011359391   0.0007902500   0.0000561713
       -0.0005494501   0.0025870668   0.0004201184   0.0039957711  -0.0140355903
       -0.0020809316   0.0076769372  -0.2268300688  -0.0475213816   0.1006249764
       -0.0004615783   0.0004479982  -0.0005768324  -0.0169517680  -0.0045360466
        0.0092654636  -0.0006074189  -0.0002067353   0.0007799063  -0.0013462464
       -0.0001862834   0.0001775565   0.2545616380   0.0564777184  -0.1193198623
        0.0013327493   0.0010090858  -0.0014135286   0.0002866920   0.0008938747
       -0.0017968769
       -0.0040952458  -0.0025262301  -0.0039180042   0.0001922317  -0.0005051861
       -0.0004308523  -0.0002517065   0.0002912649  -0.0051804957   0.0159186022
        0.0026481070  -0.0085696397  -0.0467464963  -0.0521391754   0.0174821908
        0.0003892792  -0.0003941881   0.0006851321  -0.0238132033  -0.0054757627
        0.0116270222   0.0005972596   0.0002747188  -0.0007368771  -0.0013444836
       -0.0007685972   0.0010021244   0.0564777184   0.0576437050  -0.0142783111
        0.0009155745   0.0007665436   0.0011279357   0.0017604697   0.0001848004
        0.0011897749
        0.0015932966  -0.0034813037   0.0036772530  -0.0004624171  -0.0003030337
        0.0000282690   0.0035070311  -0.0056496520   0.0017135573   0.0201748200
        0.0037137174  -0.0118795295   0.1011572208   0.0180327533  -0.0878682191
       -0.0006188863   0.0006410911  -0.0008970587  -0.0040526491  -0.0015464049
        0.0029131671   0.0013393614  -0.0001906225  -0.0002948718  -0.0006184377
        0.0002177756  -0.0003194920  -0.1193198623  -0.0142783111   0.0941479393
       -0.0014884417   0.0010728717  -0.0000057422  -0.0012110356   0.0017711188
       -0.0012152724
       -0.0153713017   0.0170465350   0.0262596104  -0.0017336635  -0.0060093994
       -0.0002244803   0.0024853936   0.0027169635   0.0002718197  -0.0013570835
       -0.0028188046   0.0017394255   0.0074669958   0.0000456211  -0.0011001714
       -0.0009569199   0.0006548687   0.0007511945  -0.0544596909   0.0407587078
        0.0482315967  -0.0001239980   0.0004695187  -0.0002711563   0.0009555463
        0.0011817130  -0.0010430428   0.0013327493   0.0009155745  -0.0014884417
        0.0615394355  -0.0550757684  -0.0726930004   0.0002225370   0.0001144698
       -0.0004333540
        0.0106169507   0.0000380537  -0.0112393510  -0.0026454039   0.0011690440
       -0.0001725572   0.0027001436   0.0006405498  -0.0014980993  -0.0061914941
        0.0006974865   0.0019050568   0.0064819121  -0.0293533775  -0.0287644408
        0.0006664948   0.0000922784  -0.0000337478   0.0407540170  -0.1005720600
       -0.0800403033   0.0004750261  -0.0003067482   0.0001614127   0.0010891973
        0.0012487679   0.0013472496   0.0010090858   0.0007665436   0.0010728717
       -0.0550757684   0.1270096706   0.1179705024   0.0001198391  -0.0014302087
       -0.0007085937
        0.0218213434  -0.0156297639  -0.0199004964   0.0021131228   0.0021116998
        0.0040631465   0.0002537334  -0.0014890781  -0.0011125632  -0.0006091525
       -0.0003854477   0.0041734661   0.0033536761  -0.0243865708  -0.0133564563
        0.0007523726  -0.0000174921  -0.0010629662   0.0482129945  -0.0800267726
       -0.1134735808  -0.0002582696   0.0001490351  -0.0006854983  -0.0011045324
        0.0012768814  -0.0001189978  -0.0014135286   0.0011279357  -0.0000057422
       -0.0726930004   0.1179705024   0.1422016329  -0.0004287592  -0.0007009293
       -0.0007219442
        0.0002612345   0.0007001304   0.0003256723  -0.0029020463  -0.0022712555
        0.0052969285  -0.0154748938  -0.0244356659  -0.0061784396  -0.1015604765
       -0.0997539523  -0.0222300750   0.0047899590   0.0067664265   0.0021519258
       -0.0011483759  -0.0014397734  -0.0001166406   0.0019957928  -0.0000909213
        0.0046188690   0.0001158038   0.0005551800  -0.0013883896  -0.0004104392
        0.0004249219  -0.0006282563   0.0002866920   0.0017604697  -0.0012110356
        0.0002225370   0.0001198391  -0.0004287592   0.1138242126   0.1176646008
        0.0197882003
        0.0006536083   0.0007744762   0.0000714067  -0.0031581359   0.0025364138
       -0.0010389801  -0.0059644055  -0.0087039550  -0.0021290461  -0.1004766226
       -0.2030460439  -0.0491389017  -0.0108957827  -0.0212114340  -0.0079926191
       -0.0006271752  -0.0005615597  -0.0000586415   0.0002490605   0.0014889712
       -0.0052670297   0.0011826808   0.0005513230   0.0012834121   0.0003638270
       -0.0004616426   0.0006542471   0.0008938747   0.0001848004   0.0017711188
        0.0001144698  -0.0014302087  -0.0007009293   0.1176646008   0.2298788595
        0.0625459625
        0.0003066255   0.0000521589  -0.0001433330   0.0046738597  -0.0016897948
        0.0027950399   0.0066346911   0.0105135426   0.0029963782  -0.0227435922
       -0.0496377807  -0.0518163968  -0.0100834259  -0.0200646243  -0.0059234133
        0.0004466717   0.0004969169   0.0001840565   0.0048377225  -0.0050284527
        0.0020670947  -0.0009546873   0.0017212495  -0.0006338163  -0.0006758345
        0.0006096409  -0.0008807806  -0.0017968769   0.0011897749  -0.0012152724
       -0.0004333540  -0.0007085937  -0.0007219442   0.0197882003   0.0625459625
        0.0532923873
