           1           2   1.4634117353204872     
           2           3   1.4166243781055072     
           3           4   1.4166250167520162     
           4           5   1.4634108311428384     
           2           6  0.97168873282316726     
           1           7   1.3427722729666685     
           5           7   1.3427725879388144     
           3           8  0.97205475304418898     
           1           9  0.97239802134373510     
           5          10  0.97239812109627022     
           7          11   1.1881329832153393     
           4          12  0.97168946587982208     
