# Atoms array:
     x           y            z                   Z     indx
   -2.168401     1.506987     0.020239            6      0
   -0.720111     1.732088    -0.379808            6      1
   -2.223678     0.987163     0.973759            1      2
   -2.689288     2.456816     0.114827            1      3
   -2.670914     0.906358    -0.735091            1      4
    0.172444     2.726494     0.828597           16      5
   -0.184463     0.785203    -0.465465            1      6
   -0.653253     2.259779    -1.332714            1      7

# Gridpoints array:
     x           y            z                   Z     indx
   -4.208401     1.506987     0.020239            6      0
   -2.168401     3.546987     0.020239            6      0
   -2.168401    -0.533013     0.020239            6      0
   -2.168401     1.506987     2.060239            6      0
   -2.168401     1.506987    -2.019761            6      0
   -3.346195     2.684781     1.198034            6      0
   -0.990606     0.329192     1.198034            6      0
   -3.346195     0.329192     1.198034            6      0
   -3.346195     2.684781    -1.157555            6      0
   -0.990606     0.329192    -1.157555            6      0
   -3.346195     0.329192    -1.157555            6      0
   -1.790765     1.884623     1.989092            6      0
   -2.546036     1.884623     1.989092            6      0
   -1.790765     1.129351     1.989092            6      0
   -2.546036     1.129351     1.989092            6      0
   -1.790765     1.884623    -1.948614            6      0
   -2.546036     1.884623    -1.948614            6      0
   -1.790765     1.129351    -1.948614            6      0
   -2.546036     1.129351    -1.948614            6      0
   -1.790765     3.475840     0.397875            6      0
   -2.546036     3.475840     0.397875            6      0
   -1.790765    -0.461866     0.397875            6      0
   -2.546036    -0.461866     0.397875            6      0
   -1.790765     3.475840    -0.357397            6      0
   -2.546036     3.475840    -0.357397            6      0
   -1.790765    -0.461866    -0.357397            6      0
   -2.546036    -0.461866    -0.357397            6      0
   -4.137254     1.884623     0.397875            6      0
   -4.137254     1.129351     0.397875            6      0
   -4.137254     1.884623    -0.357397            6      0
   -4.137254     1.129351    -0.357397            6      0
   -3.576860     2.915446     0.460792            6      0
   -0.759942     0.098528     0.460792            6      0
   -3.576860     0.098528     0.460792            6      0
   -3.576860     2.915446    -0.420314            6      0
   -3.576860     0.098528    -0.420314            6      0
   -3.576860     1.947540     1.428698            6      0
   -0.759942     1.066434     1.428698            6      0
   -3.576860     1.066434     1.428698            6      0
   -3.576860     1.947540    -1.388220            6      0
   -3.576860     1.066434    -1.388220            6      0
   -1.727848     2.915446     1.428698            6      0
   -2.608953     2.915446     1.428698            6      0
   -1.727848     0.098528     1.428698            6      0
   -2.608953     0.098528     1.428698            6      0
   -1.727848     2.915446    -1.388220            6      0
   -2.608953     2.915446    -1.388220            6      0
   -1.727848     0.098528    -1.388220            6      0
   -2.608953     0.098528    -1.388220            6      0
   -1.361194     2.314193     1.710930            6      0
   -2.975607     2.314193     1.710930            6      0
   -1.361194     0.699780     1.710930            6      0
   -2.975607     0.699780     1.710930            6      0
   -2.975607     2.314193    -1.670452            6      0
   -1.361194     0.699780    -1.670452            6      0
   -2.975607     0.699780    -1.670452            6      0
   -2.975607     3.197678     0.827446            6      0
   -1.361194    -0.183704     0.827446            6      0
   -2.975607    -0.183704     0.827446            6      0
   -1.361194     3.197678    -0.786967            6      0
   -2.975607     3.197678    -0.786967            6      0
   -1.361194    -0.183704    -0.786967            6      0
   -2.975607    -0.183704    -0.786967            6      0
   -3.859091     2.314193     0.827446            6      0
   -0.477710     0.699780     0.827446            6      0
   -3.859091     0.699780     0.827446            6      0
   -3.859091     2.314193    -0.786967            6      0
   -3.859091     0.699780    -0.786967            6      0
   -3.144273     3.298431     0.020239            6      0
   -1.192528    -0.284457     0.020239            6      0
   -3.144273    -0.284457     0.020239            6      0
   -3.959845     2.482860     0.020239            6      0
   -3.959845     0.531114     0.020239            6      0
   -1.192528     1.506987     1.811683            6      0
   -3.144273     1.506987     1.811683            6      0
   -3.144273     1.506987    -1.771205            6      0
   -3.959845     1.506987     0.996112            6      0
   -3.959845     1.506987    -0.955634            6      0
   -2.168401     2.482860     1.811683            6      0
   -2.168401     0.531114     1.811683            6      0
   -2.168401     2.482860    -1.771205            6      0
   -2.168401     0.531114    -1.771205            6      0
   -2.168401     3.298431     0.996112            6      0
   -2.168401    -0.284457     0.996112            6      0
   -2.168401     3.298431    -0.955634            6      0
   -2.168401    -0.284457    -0.955634            6      0
    1.319889     1.732088    -0.379808            6      1
   -0.720111     3.772088    -0.379808            6      1
   -0.720111    -0.307912    -0.379808            6      1
   -0.720111     1.732088    -2.419808            6      1
   -1.897906     2.909882     0.797987            6      1
    0.457683     0.554293     0.797987            6      1
    0.457683     2.909882    -1.557602            6      1
   -1.897906     2.909882    -1.557602            6      1
    0.457683     0.554293    -1.557602            6      1
   -1.897906     0.554293    -1.557602            6      1
   -1.097747     1.354452     1.589045            6      1
   -0.342476     2.109724    -2.348661            6      1
   -1.097747     2.109724    -2.348661            6      1
   -0.342476     1.354452    -2.348661            6      1
   -1.097747     1.354452    -2.348661            6      1
   -1.097747     3.700941    -0.002172            6      1
   -0.342476    -0.236765    -0.002172            6      1
   -1.097747    -0.236765    -0.002172            6      1
   -0.342476     3.700941    -0.757444            6      1
   -1.097747     3.700941    -0.757444            6      1
   -0.342476    -0.236765    -0.757444            6      1
   -1.097747    -0.236765    -0.757444            6      1
    1.248742     1.354452    -0.002172            6      1
    1.248742     2.109724    -0.757444            6      1
    1.248742     1.354452    -0.757444            6      1
    0.688347     0.323629     0.060745            6      1
    0.688347     3.140547    -0.820361            6      1
   -2.128570     3.140547    -0.820361            6      1
    0.688347     0.323629    -0.820361            6      1
    0.688347     2.172641    -1.788267            6      1
   -2.128570     2.172641    -1.788267            6      1
    0.688347     1.291535    -1.788267            6      1
   -2.128570     1.291535    -1.788267            6      1
   -0.279559     0.323629     1.028651            6      1
   -1.160664     0.323629     1.028651            6      1
   -0.279559     3.140547    -1.788267            6      1
   -1.160664     3.140547    -1.788267            6      1
   -0.279559     0.323629    -1.788267            6      1
   -1.160664     0.323629    -1.788267            6      1
   -1.527318     2.539294     1.310883            6      1
    0.087095     0.924881     1.310883            6      1
    0.087095     2.539294    -2.070499            6      1
   -1.527318     2.539294    -2.070499            6      1
    0.087095     0.924881    -2.070499            6      1
   -1.527318     0.924881    -2.070499            6      1
   -1.527318     3.422778     0.427399            6      1
    0.087095     0.041397     0.427399            6      1
   -1.527318     0.041397     0.427399            6      1
    0.087095     3.422778    -1.187014            6      1
   -1.527318     3.422778    -1.187014            6      1
    0.087095     0.041397    -1.187014            6      1
   -1.527318     0.041397    -1.187014            6      1
    0.970579     0.924881     0.427399            6      1
    0.970579     2.539294    -1.187014            6      1
   -2.410802     2.539294    -1.187014            6      1
    0.970579     0.924881    -1.187014            6      1
   -1.695984     3.523532    -0.379808            6      1
    0.255761    -0.059357    -0.379808            6      1
   -1.695984    -0.059357    -0.379808            6      1
    1.071333     0.756215    -0.379808            6      1
    0.255761     1.732088    -2.171252            6      1
   -1.695984     1.732088    -2.171252            6      1
    1.071333     1.732088    -1.355681            6      1
   -0.720111     0.756215     1.411636            6      1
   -0.720111     2.707960    -2.171252            6      1
   -0.720111     0.756215    -2.171252            6      1
   -0.720111    -0.059357     0.596065            6      1
   -0.720111     3.523532    -1.355681            6      1
   -0.720111    -0.059357    -1.355681            6      1
   -2.223678    -0.332837     0.973759            1      2
   -2.223678     0.987163     2.293759            1      2
   -1.461575     1.749266     1.735862            1      2
   -2.985780     1.749266     1.735862            1      2
   -1.461575     0.225061     1.735862            1      2
   -2.985780     0.225061     1.735862            1      2
   -1.979325     1.231516     2.247723            1      2
   -2.468030     1.231516     2.247723            1      2
   -1.979325     0.742811     2.247723            1      2
   -2.468030     0.742811     2.247723            1      2
   -1.979325    -0.286800     1.218112            1      2
   -2.468030    -0.286800     1.218112            1      2
   -1.979325    -0.286800     0.729407            1      2
   -2.468030    -0.286800     0.729407            1      2
   -3.497642     1.231516     1.218112            1      2
   -0.949714     0.742811     1.218112            1      2
   -3.497642     0.742811     1.218112            1      2
   -1.312322     0.075808     1.258823            1      2
   -3.135034     0.075808     1.258823            1      2
   -1.312322     0.075808     0.688696            1      2
   -3.135034     0.075808     0.688696            1      2
   -1.312322     1.272227     1.885115            1      2
   -3.135034     1.272227     1.885115            1      2
   -1.312322     0.702100     1.885115            1      2
   -3.135034     0.702100     1.885115            1      2
   -1.938614     1.898519     1.885115            1      2
   -2.508741     1.898519     1.885115            1      2
   -1.938614     0.075808     1.885115            1      2
   -2.508741     0.075808     1.885115            1      2
   -1.701368     1.509474     2.067736            1      2
   -2.745988     1.509474     2.067736            1      2
   -1.701368     0.464853     2.067736            1      2
   -2.745988     0.464853     2.067736            1      2
   -1.701368    -0.106813     1.496069            1      2
   -2.745988    -0.106813     1.496069            1      2
   -1.701368    -0.106813     0.451449            1      2
   -2.745988    -0.106813     0.451449            1      2
   -3.317654     1.509474     1.496069            1      2
   -1.129701     0.464853     1.496069            1      2
   -3.317654     0.464853     1.496069            1      2
   -1.592231    -0.172006     0.973759            1      2
   -2.855125    -0.172006     0.973759            1      2
   -1.064508     0.355716     0.973759            1      2
   -3.382848     0.355716     0.973759            1      2
   -1.592231     0.987163     2.132929            1      2
   -2.855125     0.987163     2.132929            1      2
   -1.064508     0.987163     1.605206            1      2
   -3.382848     0.987163     1.605206            1      2
   -2.223678     1.618611     2.132929            1      2
   -2.223678     0.355716     2.132929            1      2
   -2.223678     2.146333     1.605206            1      2
   -2.223678    -0.172006     1.605206            1      2
   -2.223678    -0.172006     0.342312            1      2
   -4.009288     2.456816     0.114827            1      3
   -2.689288     3.776816     0.114827            1      3
   -1.927186     3.218918     0.876929            1      3
   -3.451391     3.218918     0.876929            1      3
   -1.927186     3.218918    -0.647276            1      3
   -3.451391     3.218918    -0.647276            1      3
   -2.444936     2.701169     1.388790            1      3
   -2.933641     2.701169     1.388790            1      3
   -2.933641     2.701169    -1.159137            1      3
   -2.444936     3.730780     0.359179            1      3
   -2.933641     3.730780     0.359179            1      3
   -2.444936     3.730780    -0.129526            1      3
   -2.933641     3.730780    -0.129526            1      3
   -3.963252     2.701169     0.359179            1      3
   -3.963252     2.212463     0.359179            1      3
   -3.963252     2.701169    -0.129526            1      3
   -3.963252     2.212463    -0.129526            1      3
   -1.777932     3.368172     0.399890            1      3
   -3.600644     3.368172     0.399890            1      3
   -1.777932     3.368172    -0.170237            1      3
   -3.600644     3.368172    -0.170237            1      3
   -3.600644     2.741880     1.026182            1      3
   -3.600644     2.171753     1.026182            1      3
   -3.600644     2.741880    -0.796529            1      3
   -3.600644     2.171753    -0.796529            1      3
   -2.404225     3.368172     1.026182            1      3
   -2.974352     3.368172     1.026182            1      3
   -2.404225     3.368172    -0.796529            1      3
   -2.974352     3.368172    -0.796529            1      3
   -2.166978     2.979126     1.208803            1      3
   -3.211598     2.979126     1.208803            1      3
   -2.166978     2.979126    -0.979150            1      3
   -3.211598     2.979126    -0.979150            1      3
   -2.166978     3.550793     0.637137            1      3
   -3.211598     3.550793     0.637137            1      3
   -2.166978     3.550793    -0.407483            1      3
   -3.211598     3.550793    -0.407483            1      3
   -3.783265     2.979126     0.637137            1      3
   -3.783265     1.934506     0.637137            1      3
   -3.783265     2.979126    -0.407483            1      3
   -3.783265     1.934506    -0.407483            1      3
   -2.057841     3.615986     0.114827            1      3
   -3.320735     3.615986     0.114827            1      3
   -3.848458     3.088263     0.114827            1      3
   -3.848458     1.825369     0.114827            1      3
   -3.320735     2.456816     1.273996            1      3
   -3.320735     2.456816    -1.044343            1      3
   -3.848458     2.456816     0.746274            1      3
   -3.848458     2.456816    -0.516620            1      3
   -2.689288     3.088263     1.273996            1      3
   -2.689288     3.088263    -1.044343            1      3
   -2.689288     3.615986     0.746274            1      3
   -2.689288     3.615986    -0.516620            1      3
   -3.990914     0.906358    -0.735091            1      4
   -2.670914    -0.413642    -0.735091            1      4
   -2.670914     0.906358    -2.055091            1      4
   -3.433017     0.144256     0.027011            1      4
   -3.433017     1.668461    -1.497193            1      4
   -1.908812     0.144256    -1.497193            1      4
   -3.433017     0.144256    -1.497193            1      4
   -2.426562     1.150711    -2.009055            1      4
   -2.915267     1.150711    -2.009055            1      4
   -2.426562     0.662006    -2.009055            1      4
   -2.915267     0.662006    -2.009055            1      4
   -2.426562    -0.367605    -0.490738            1      4
   -2.915267    -0.367605    -0.490738            1      4
   -2.426562    -0.367605    -0.979444            1      4
   -2.915267    -0.367605    -0.979444            1      4
   -3.944878     1.150711    -0.490738            1      4
   -3.944878     0.662006    -0.490738            1      4
   -3.944878     1.150711    -0.979444            1      4
   -3.944878     0.662006    -0.979444            1      4
   -3.582270    -0.004997    -0.450027            1      4
   -3.582270     1.817714    -1.020155            1      4
   -1.759559    -0.004997    -1.020155            1      4
   -3.582270    -0.004997    -1.020155            1      4
   -3.582270     1.191422    -1.646447            1      4
   -1.759559     0.621295    -1.646447            1      4
   -3.582270     0.621295    -1.646447            1      4
   -2.955978    -0.004997     0.176265            1      4
   -2.385851     1.817714    -1.646447            1      4
   -2.955978     1.817714    -1.646447            1      4
   -2.385851    -0.004997    -1.646447            1      4
   -2.955978    -0.004997    -1.646447            1      4
   -2.148604     1.428668    -1.829067            1      4
   -3.193224     1.428668    -1.829067            1      4
   -2.148604     0.384048    -1.829067            1      4
   -3.193224     0.384048    -1.829067            1      4
   -2.148604    -0.187618    -0.212781            1      4
   -3.193224    -0.187618    -0.212781            1      4
   -3.193224     2.000335    -1.257401            1      4
   -2.148604    -0.187618    -1.257401            1      4
   -3.193224    -0.187618    -1.257401            1      4
   -3.764891     0.384048    -0.212781            1      4
   -3.764891     1.428668    -1.257401            1      4
   -3.764891     0.384048    -1.257401            1      4
   -2.039467    -0.252811    -0.735091            1      4
   -3.302361    -0.252811    -0.735091            1      4
   -3.830084     1.537805    -0.735091            1      4
   -3.830084     0.274911    -0.735091            1      4
   -2.039467     0.906358    -1.894261            1      4
   -3.302361     0.906358    -1.894261            1      4
   -3.830084     0.906358    -0.103644            1      4
   -3.830084     0.906358    -1.366538            1      4
   -2.670914     1.537805    -1.894261            1      4
   -2.670914     0.274911    -1.894261            1      4
   -2.670914    -0.252811    -0.103644            1      4
   -2.670914    -0.252811    -1.366538            1      4
    2.332444     2.726494     0.828597           16      5
    0.172444     4.886494     0.828597           16      5
    0.172444     0.566494     0.828597           16      5
    0.172444     2.726494     2.988597           16      5
    1.419520     3.973571     2.075673           16      5
   -1.074633     3.973571     2.075673           16      5
    1.419520     1.479418     2.075673           16      5
   -1.074633     1.479418     2.075673           16      5
    1.419520     3.973571    -0.418480           16      5
   -1.074633     3.973571    -0.418480           16      5
    1.419520     1.479418    -0.418480           16      5
    0.572293     3.126344     2.913265           16      5
   -0.227406     3.126344     2.913265           16      5
    0.572293     2.326645     2.913265           16      5
   -0.227406     2.326645     2.913265           16      5
    0.572293     3.126344    -1.256071           16      5
   -0.227406     3.126344    -1.256071           16      5
    0.572293     2.326645    -1.256071           16      5
    0.572293     4.811162     1.228446           16      5
   -0.227406     4.811162     1.228446           16      5
    0.572293     0.641826     1.228446           16      5
   -0.227406     0.641826     1.228446           16      5
    0.572293     4.811162     0.428747           16      5
   -0.227406     4.811162     0.428747           16      5
    0.572293     0.641826     0.428747           16      5
    2.257111     3.126344     1.228446           16      5
   -1.912224     3.126344     1.228446           16      5
    2.257111     2.326645     1.228446           16      5
    2.257111     3.126344     0.428747           16      5
   -1.912224     3.126344     0.428747           16      5
    2.257111     2.326645     0.428747           16      5
    1.663753     4.217804     1.295064           16      5
   -1.318866     4.217804     1.295064           16      5
    1.663753     1.235185     1.295064           16      5
    1.663753     4.217804     0.362129           16      5
   -1.318866     4.217804     0.362129           16      5
    1.663753     1.235185     0.362129           16      5
    1.663753     3.192962     2.319906           16      5
   -1.318866     3.192962     2.319906           16      5
    1.663753     2.260027     2.319906           16      5
   -1.318866     2.260027     2.319906           16      5
    1.663753     3.192962    -0.662713           16      5
   -1.318866     3.192962    -0.662713           16      5
    1.663753     2.260027    -0.662713           16      5
    0.638911     4.217804     2.319906           16      5
   -0.294024     4.217804     2.319906           16      5
    0.638911     1.235185     2.319906           16      5
   -0.294024     1.235185     2.319906           16      5
    0.638911     4.217804    -0.662713           16      5
   -0.294024     4.217804    -0.662713           16      5
    1.027133     3.581184     2.618740           16      5
   -0.682246     3.581184     2.618740           16      5
    1.027133     1.871805     2.618740           16      5
   -0.682246     1.871805     2.618740           16      5
    1.027133     3.581184    -0.961547           16      5
   -0.682246     3.581184    -0.961547           16      5
    1.027133     1.871805    -0.961547           16      5
    1.027133     4.516638     1.683286           16      5
   -0.682246     4.516638     1.683286           16      5
    1.027133     0.936351     1.683286           16      5
   -0.682246     0.936351     1.683286           16      5
    1.027133     4.516638    -0.026093           16      5
   -0.682246     4.516638    -0.026093           16      5
    1.027133     0.936351    -0.026093           16      5
    1.962587     3.581184     1.683286           16      5
   -1.617700     3.581184     1.683286           16      5
    1.962587     1.871805     1.683286           16      5
   -1.617700     1.871805     1.683286           16      5
    1.962587     3.581184    -0.026093           16      5
   -1.617700     3.581184    -0.026093           16      5
    1.962587     1.871805    -0.026093           16      5
    1.205721     4.623318     0.828597           16      5
   -0.860834     4.623318     0.828597           16      5
    1.205721     0.829671     0.828597           16      5
    2.069267     3.759771     0.828597           16      5
   -1.724380     3.759771     0.828597           16      5
    2.069267     1.693217     0.828597           16      5
    1.205721     2.726494     2.725420           16      5
   -0.860834     2.726494     2.725420           16      5
    1.205721     2.726494    -1.068227           16      5
    2.069267     2.726494     1.861874           16      5
   -1.724380     2.726494     1.861874           16      5
    2.069267     2.726494    -0.204680           16      5
    0.172444     3.759771     2.725420           16      5
    0.172444     1.693217     2.725420           16      5
    0.172444     3.759771    -1.068227           16      5
    0.172444     4.623318     1.861874           16      5
    0.172444     0.829671     1.861874           16      5
    0.172444     4.623318    -0.204680           16      5
    1.135537     0.785203    -0.465465            1      6
   -0.184463    -0.534798    -0.465465            1      6
    0.577639     0.023100     0.296637            1      6
   -0.946566     0.023100     0.296637            1      6
    0.577639     0.023100    -1.227568            1      6
   -0.946566     0.023100    -1.227568            1      6
    0.059889     0.540850     0.808499            1      6
    0.059889     0.540850    -1.739429            1      6
   -0.428816     0.540850    -1.739429            1      6
    0.059889    -0.488761    -0.221113            1      6
   -0.428816    -0.488761    -0.221113            1      6
    0.059889    -0.488761    -0.709818            1      6
   -0.428816    -0.488761    -0.709818            1      6
    1.089500     1.029555    -0.221113            1      6
    1.089500     0.540850    -0.221113            1      6
    1.089500     1.029555    -0.709818            1      6
    1.089500     0.540850    -0.709818            1      6
    0.726892    -0.126153    -0.180402            1      6
   -1.095819    -0.126153    -0.180402            1      6
    0.726892    -0.126153    -0.750529            1      6
   -1.095819    -0.126153    -0.750529            1      6
    0.726892     0.500139     0.445891            1      6
    0.726892     1.070266    -1.376821            1      6
    0.726892     0.500139    -1.376821            1      6
    0.100600    -0.126153     0.445891            1      6
   -0.469527    -0.126153     0.445891            1      6
    0.100600    -0.126153    -1.376821            1      6
   -0.469527    -0.126153    -1.376821            1      6
    0.337847     0.262892     0.628511            1      6
   -0.706773     0.262892     0.628511            1      6
    0.337847     0.262892    -1.559442            1      6
   -0.706773     0.262892    -1.559442            1      6
    0.337847    -0.308774     0.056845            1      6
   -0.706773    -0.308774     0.056845            1      6
    0.337847    -0.308774    -0.987775            1      6
   -0.706773    -0.308774    -0.987775            1      6
    0.909513     0.262892     0.056845            1      6
    0.909513     1.307513    -0.987775            1      6
    0.909513     0.262892    -0.987775            1      6
    0.446984    -0.373967    -0.465465            1      6
   -0.815910    -0.373967    -0.465465            1      6
    0.974706     0.153755    -0.465465            1      6
    0.446984     0.785203     0.693705            1      6
    0.446984     0.785203    -1.624635            1      6
    0.974706     0.785203     0.165982            1      6
    0.974706     0.785203    -1.096912            1      6
   -0.184463     0.153755     0.693705            1      6
   -0.184463     0.153755    -1.624635            1      6
   -0.184463    -0.373967     0.165982            1      6
   -0.184463    -0.373967    -1.096912            1      6
   -0.653253     3.579779    -1.332714            1      7
   -0.653253     2.259779    -2.652714            1      7
    0.108850     3.021881    -2.094816            1      7
   -1.415355     3.021881    -2.094816            1      7
    0.108850     1.497676    -2.094816            1      7
   -1.415355     1.497676    -2.094816            1      7
   -0.408900     2.504131    -2.606677            1      7
   -0.897605     2.504131    -2.606677            1      7
   -0.408900     2.015426    -2.606677            1      7
   -0.897605     2.015426    -2.606677            1      7
   -0.408900     3.533743    -1.088361            1      7
   -0.897605     3.533743    -1.088361            1      7
   -0.408900     3.533743    -1.577066            1      7
   -0.897605     3.533743    -1.577066            1      7
    0.620711     2.504131    -1.577066            1      7
   -1.927217     2.504131    -1.577066            1      7
    0.620711     2.015426    -1.577066            1      7
    0.258103     3.171135    -1.047650            1      7
   -1.564609     3.171135    -1.047650            1      7
    0.258103     3.171135    -1.617777            1      7
   -1.564609     3.171135    -1.617777            1      7
    0.258103     2.544842    -2.244070            1      7
   -1.564609     2.544842    -2.244070            1      7
    0.258103     1.974715    -2.244070            1      7
   -1.564609     1.974715    -2.244070            1      7
   -0.368189     3.171135    -2.244070            1      7
   -0.938316     3.171135    -2.244070            1      7
   -0.368189     1.348423    -2.244070            1      7
   -0.938316     1.348423    -2.244070            1      7
   -0.130943     2.782089    -2.426690            1      7
   -1.175563     2.782089    -2.426690            1      7
   -0.130943     1.737469    -2.426690            1      7
   -1.175563     1.737469    -2.426690            1      7
   -1.175563     3.353755    -0.810404            1      7
   -0.130943     3.353755    -1.855024            1      7
   -1.175563     3.353755    -1.855024            1      7
    0.440724     2.782089    -1.855024            1      7
   -1.747229     2.782089    -1.855024            1      7
    0.440724     1.737469    -1.855024            1      7
   -1.747229     1.737469    -1.855024            1      7
   -0.021806     3.418949    -1.332714            1      7
   -1.284700     3.418949    -1.332714            1      7
    0.505917     2.891226    -1.332714            1      7
   -1.812423     2.891226    -1.332714            1      7
   -0.021806     2.259779    -2.491883            1      7
   -1.284700     2.259779    -2.491883            1      7
    0.505917     2.259779    -1.964161            1      7
   -1.812423     2.259779    -1.964161            1      7
   -0.653253     2.891226    -2.491883            1      7
   -0.653253     1.628332    -2.491883            1      7
   -0.653253     3.418949    -1.964161            1      7
   -0.653253     1.100609    -1.964161            1      7
