$hessian                                                                        
        0.6776037108   0.5131316956   0.0022540974  -0.6482827126  -0.4765771468
       -0.0034190888  -0.0249489988  -0.0301883084   0.0040248466  -0.0020803038
       -0.0009107656  -0.0025658098  -0.0022916957  -0.0054554748  -0.0002940453
        0.5131316956   0.4181749860   0.0039722074  -0.4766694913  -0.4074185289
       -0.0020748209  -0.0300978689  -0.0095901634  -0.0054982731  -0.0054871290
       -0.0006744613   0.0008847596  -0.0008772064  -0.0004918325   0.0027161270
        0.0022540974   0.0039722074   0.0198605183  -0.0034036768  -0.0020293264
       -0.0355171930   0.0039946248  -0.0055033984   0.0081429429  -0.0001325937
        0.0027752561   0.0037338617  -0.0027124517   0.0007852613   0.0037798701
       -0.6482827126  -0.4766694913  -0.0034036768   1.0059651690   0.7113812918
        0.0183733963  -0.3300354663  -0.2202157804  -0.0190897425  -0.0251224133
       -0.0157831729   0.0018551042  -0.0025245769   0.0012871529   0.0022649189
       -0.4765771468  -0.4074185289  -0.0020293264   0.7113812918   0.6446458396
       -0.0131342192  -0.2202828896  -0.2171446092   0.0207303883   0.0071747687
        0.0013168863  -0.0027592641  -0.0216960241  -0.0213995878  -0.0028075786
       -0.0034190888  -0.0020748209  -0.0355171930   0.0183733963  -0.0131342192
        0.0728290749  -0.0190643013   0.0207513450  -0.0229330948  -0.0102219403
       -0.0122440603  -0.0072320822   0.0143319342   0.0067017554  -0.0071467049
       -0.0249489988  -0.0300978689   0.0039946248  -0.3300354663  -0.2202828896
       -0.0190643013   0.5887575028   0.2071337624   0.1369005264  -0.2012475895
        0.0431175447  -0.1069780384  -0.0325254482   0.0001294513  -0.0148528115
       -0.0301883084  -0.0095901634  -0.0055033984  -0.2202157804  -0.2171446092
        0.0207513450   0.2071337624   0.4850500123  -0.1717465064   0.0443268720
       -0.0441011931   0.0431059951  -0.0010565456  -0.2142140465   0.1133925647
        0.0040248466  -0.0054982731   0.0081429429  -0.0190897425   0.0207303883
       -0.0229330948   0.1369005264  -0.1717465064   0.1407972804  -0.1076156673
        0.0425806475  -0.0636155950  -0.0142199633   0.1139337437  -0.0623915334
       -0.0020803038  -0.0054871290  -0.0001325937  -0.0251224133   0.0071747687
       -0.0102219403  -0.2012475895   0.0443268720  -0.1076156673   0.2320807932
       -0.0494587792   0.1214523674  -0.0036304866   0.0034442675  -0.0034821661
       -0.0009107656  -0.0006744613   0.0027752561  -0.0157831729   0.0013168863
       -0.0122440603   0.0431175447  -0.0441011931   0.0425806475  -0.0494587792
        0.0540591278  -0.0484403161   0.0230351729  -0.0106003597   0.0153284728
       -0.0025658098   0.0008847596   0.0037338617   0.0018551042  -0.0027592641
       -0.0072320822  -0.1069780384   0.0431059951  -0.0636155950   0.1214523674
       -0.0484403161   0.0760064775  -0.0137636234   0.0072088255  -0.0088926620
       -0.0022916957  -0.0008772064  -0.0027124517  -0.0025245769  -0.0216960241
        0.0143319342  -0.0325254482  -0.0010565456  -0.0142199633  -0.0036304866
        0.0230351729  -0.0137636234   0.0409722073   0.0005946032   0.0163641041
       -0.0054554748  -0.0004918325   0.0007852613   0.0012871529  -0.0213995878
        0.0067017554   0.0001294513  -0.2142140465   0.1139337437   0.0034442675
       -0.0106003597   0.0072088255   0.0005946032   0.2467058264  -0.1286295858
       -0.0002940453   0.0027161270   0.0037798701   0.0022649189  -0.0028075786
       -0.0071467049  -0.0148528115   0.1133925647  -0.0623915334  -0.0034821661
        0.0153284728  -0.0088926620   0.0163641041  -0.1286295858   0.0746510303
