$hessian                                                                        
        0.2917586920  -0.1240627584   0.0257302602  -0.0508814650  -0.0033692057
       -0.0035547329  -0.0990393517  -0.0096667602   0.0355468358  -0.1206666969
        0.1152304752  -0.0396454511  -0.0283541927  -0.0110718358  -0.0121032323
       -0.0010927453   0.0202879642  -0.0292547901   0.0082757597   0.0126521207
        0.0232811104
       -0.1240627584   0.3556868060  -0.0314709875  -0.0033978903  -0.0478480396
        0.0044944000   0.0060002292  -0.0232918412   0.0040336398   0.1149781621
       -0.1763777216   0.0499218310  -0.0263254356  -0.0940797867  -0.0328629599
        0.0202559233  -0.0135110406   0.0389645177   0.0125517695  -0.0005783762
       -0.0330804411
        0.0257302602  -0.0314709875   0.2994473255  -0.0057015728   0.0079028773
       -0.0673167944   0.0432485967   0.0096920425  -0.0413488998  -0.0408547174
        0.0518350790  -0.0555778741  -0.0194260576  -0.0398080465  -0.0414470817
       -0.0225466912   0.0299346307  -0.0399337517   0.0195501822  -0.0280855954
       -0.0538229238
       -0.0508814650  -0.0033978903  -0.0057015728   0.4653490989  -0.3712399535
       -0.0291650869  -0.0104692912  -0.0047108803   0.0222804339  -0.0015810832
        0.0036435800  -0.0132723044  -0.0012001340  -0.0034893031  -0.0084944755
       -0.2153146908   0.2070536384  -0.0960434330  -0.1859024347   0.1721408088
        0.1303964387
       -0.0033692057  -0.0478480396   0.0079028773  -0.3712399535   0.7067209222
        0.0429237204  -0.0014271277   0.0007183410   0.0035843860   0.0037051560
       -0.0034473033   0.0168717505  -0.0068140926  -0.0085574997  -0.0206494335
        0.2073952525  -0.3454844260   0.1308974872   0.1717499710  -0.3021019945
       -0.1815307878
       -0.0035547329   0.0044944000  -0.0673167944  -0.0291650869   0.0429237204
        0.3803677682   0.0041814045   0.0009800917  -0.0030138474  -0.0009556675
        0.0013164112   0.0010202262  -0.0017309884  -0.0035557584  -0.0026999738
       -0.0825402524   0.1124564670  -0.1206611103   0.1137653236  -0.1586153318
       -0.1876962686
       -0.0990393517   0.0060002292   0.0432485967  -0.0104692912  -0.0014271277
        0.0041814045   0.1574970585   0.0261626344  -0.0540291513  -0.0262251487
       -0.0017836834   0.0112371295  -0.0244094595  -0.0308293539  -0.0058106127
        0.0022508844  -0.0006480208  -0.0021918698   0.0003953082   0.0025253222
        0.0033645031
       -0.0096667602  -0.0232918412   0.0096920425  -0.0047108803   0.0007183410
        0.0009800917   0.0261626344   0.0289294114  -0.0089336132   0.0111883213
        0.0043093686  -0.0052371658  -0.0227520509  -0.0117189674   0.0022967696
        0.0003994790  -0.0000384892  -0.0002808689  -0.0006207434   0.0010921768
        0.0014827440
        0.0355468358   0.0040336398  -0.0413488998   0.0222804339   0.0035843860
       -0.0030138474  -0.0540291513  -0.0089336132   0.0419923028   0.0008182188
       -0.0001762296   0.0021665963  -0.0011237581   0.0059853947   0.0075508706
       -0.0024866295   0.0001848293   0.0003819972  -0.0010059496  -0.0046784070
       -0.0077290197
       -0.1206666969   0.1149781621  -0.0408547174  -0.0015810832   0.0037051560
       -0.0009556675  -0.0262251487   0.0111883213   0.0008182188   0.1437132054
       -0.1207841185   0.0419824590   0.0047721233  -0.0091037027  -0.0000347404
       -0.0000387389   0.0010064843  -0.0018082936   0.0000263391  -0.0009903026
        0.0008527410
        0.1152304752  -0.1763777216   0.0518350790   0.0036435800  -0.0034473033
        0.0013164112  -0.0017836834   0.0043093686  -0.0001762296  -0.1207841185
        0.2021303617  -0.0533574680   0.0037002616  -0.0265663296  -0.0009100606
        0.0009803861  -0.0005918992   0.0023665617  -0.0009869010   0.0005435235
       -0.0010742937
       -0.0396454511   0.0499218310  -0.0555778741  -0.0132723044   0.0168717505
        0.0010202262   0.0112371295  -0.0052371658   0.0021665963   0.0419824590
       -0.0533574680   0.0597706489   0.0024630593  -0.0121995124   0.0020649524
       -0.0036847028   0.0050198025  -0.0114337088   0.0009198105  -0.0010192379
        0.0019891590
       -0.0283541927  -0.0263254356  -0.0194260576  -0.0012001340  -0.0068140926
       -0.0017309884  -0.0244094595  -0.0227520509  -0.0011237581   0.0047721233
        0.0037002616   0.0024630593   0.0477416246   0.0524364080   0.0214482171
        0.0000799586   0.0008570723   0.0008547431   0.0013700797  -0.0011021629
       -0.0024852155
       -0.0110718358  -0.0940797867  -0.0398080465  -0.0034893031  -0.0085574997
       -0.0035557584  -0.0308293539  -0.0117189674   0.0059853947  -0.0091037027
       -0.0265663296  -0.0121995124   0.0524364080   0.1389289262   0.0508481144
       -0.0000424377   0.0023159057   0.0021695018   0.0021002253  -0.0003222484
       -0.0034396936
       -0.0121032323  -0.0328629599  -0.0414470817  -0.0084944755  -0.0206494335
       -0.0026999738  -0.0058106127   0.0022967696   0.0075508706  -0.0000347404
       -0.0009100606   0.0020649524   0.0214482171   0.0508481144   0.0426021882
        0.0005297819   0.0021641922   0.0005649760   0.0044650620  -0.0008866223
       -0.0086359318
       -0.0010927453   0.0202559233  -0.0225466912  -0.2153146908   0.2073952525
       -0.0825402524   0.0022508844   0.0003994790  -0.0024866295  -0.0000387389
        0.0009803861  -0.0036847028   0.0000799586  -0.0000424377   0.0005297819
        0.2342620003  -0.2870988902   0.1136755202  -0.0201466683   0.0581102870
       -0.0029470261
        0.0202879642  -0.0135110406   0.0299346307   0.2070536384  -0.3454844260
        0.1124564670  -0.0006480208  -0.0000384892   0.0001848293   0.0010064843
       -0.0005918992   0.0050198025   0.0008570723   0.0023159057   0.0021641922
       -0.2870988902   0.4153835130  -0.1537625494   0.0585417518  -0.0580735637
        0.0040026277
       -0.0292547901   0.0389645177  -0.0399337517  -0.0960434330   0.1308974872
       -0.1206611103  -0.0021918698  -0.0002808689   0.0003819972  -0.0018082936
        0.0023665617  -0.0114337088   0.0008547431   0.0021695018   0.0005649760
        0.1136755202  -0.1537625494   0.1539007592   0.0147681230  -0.0203546501
        0.0171808383
        0.0082757597   0.0125517695   0.0195501822  -0.1859024347   0.1717499710
        0.1137653236   0.0003953082  -0.0006207434  -0.0010059496   0.0000263391
       -0.0009869010   0.0009198105   0.0013700797   0.0021002253   0.0044650620
       -0.0201466683   0.0585417518   0.0147681230   0.1959816164  -0.2433360733
       -0.1524625517
        0.0126521207  -0.0005783762  -0.0280855954   0.1721408088  -0.3021019945
       -0.1586153318   0.0025253222   0.0010921768  -0.0046784070  -0.0009903026
        0.0005435235  -0.0010192379  -0.0011021629  -0.0003222484  -0.0008866223
        0.0581102870  -0.0580735637  -0.0203546501  -0.2433360733   0.3594404825
        0.2136398444
        0.0232811104  -0.0330804411  -0.0538229238   0.1303964387  -0.1815307878
       -0.1876962686   0.0033645031   0.0014827440  -0.0077290197   0.0008527410
       -0.0010742937   0.0019891590  -0.0024852155  -0.0034396936  -0.0086359318
       -0.0029470261   0.0040026277   0.0171808383  -0.1524625517   0.2136398444
        0.2387141466
