$hessian                                                                        
        0.5527165028   0.2558428090  -0.1654235411  -0.3228003844  -0.1211721556
        0.1803511682  -0.0381469488  -0.0061927729   0.0311583069  -0.1607422217
       -0.1122402810  -0.0697481011  -0.0051395163  -0.0009422453   0.0194820660
       -0.0258874315  -0.0152953542   0.0041801011
        0.2558428090   0.2292755417   0.0826598916  -0.1226436748  -0.0806214811
        0.0569612234  -0.0074278771  -0.0394084979  -0.0703243952  -0.1115138200
       -0.1083805183  -0.0672365686   0.0067437486   0.0093510017  -0.0058656285
       -0.0210011859  -0.0102160460   0.0038054774
       -0.1654235411   0.0826598916   0.5803885296   0.1758976268   0.0542993140
       -0.1815969829   0.0276354734  -0.0725236268  -0.2709089201  -0.0675206938
       -0.0658657165  -0.0880606636   0.0419080013   0.0078666394  -0.0447781450
       -0.0124968666  -0.0064365017   0.0049561819
       -0.3228003844  -0.1226436748   0.1758976268   0.5311151573   0.1600077701
       -0.2591184622  -0.0030570413   0.0019045006  -0.0045454166  -0.0165174848
       -0.0050647033   0.0073417599  -0.0905799864   0.0107249711   0.1093788379
       -0.0981602603  -0.0449288638  -0.0289543457
       -0.1211721556  -0.0806214811   0.0542993140   0.1600077701   0.2295915285
        0.0153311063   0.0105004892  -0.0043181698  -0.0061876954  -0.0126542022
       -0.0092248712   0.0079841038   0.0016480281  -0.0636924378  -0.0517929757
       -0.0383299297  -0.0717345686  -0.0196338529
        0.1803511682   0.0569612234  -0.1815969829  -0.2591184622   0.0153311063
        0.6348374031   0.0205141774   0.0092193502  -0.0185733386  -0.0147460753
       -0.0056133658   0.0058995190   0.0827184331  -0.0681097952  -0.3940795660
       -0.0097192411  -0.0077885189  -0.0464870345
       -0.0381469488  -0.0074278771   0.0276354734  -0.0030570413   0.0105004892
        0.0205141774   0.0443736232   0.0066944391  -0.0355709582  -0.0002318051
       -0.0057953939  -0.0203369463  -0.0021573648  -0.0056372591   0.0074918492
       -0.0007804632   0.0016656017   0.0002664045
       -0.0061927729  -0.0394084979  -0.0725236268   0.0019045006  -0.0043181698
        0.0092193502   0.0066944391   0.0451157714   0.0795810545   0.0012652483
       -0.0072735361  -0.0170809696  -0.0052781367   0.0076501879  -0.0010145585
        0.0016067216  -0.0017657554   0.0018187502
        0.0311583069  -0.0703243952  -0.2709089201  -0.0045454166  -0.0061876954
       -0.0185733386  -0.0355709582   0.0795810545   0.3087129747   0.0001868912
       -0.0044613259  -0.0154719351   0.0086845121  -0.0002861404  -0.0051521206
        0.0000866646   0.0016785024   0.0013933396
       -0.1607422217  -0.1115138200  -0.0675206938  -0.0165174848  -0.0126542022
       -0.0147460753  -0.0002318051   0.0012652483   0.0001868912   0.1816624072
        0.1293657064   0.0794513932   0.0012937573   0.0032492025  -0.0001623553
       -0.0054646528  -0.0097121351   0.0027908400
       -0.1122402810  -0.1083805183  -0.0658657165  -0.0050647033  -0.0092248712
       -0.0056133658  -0.0057953939  -0.0072735361  -0.0044613259   0.1293657064
        0.1209421279   0.0760790728   0.0028367246  -0.0017036105   0.0018191966
       -0.0091020528   0.0056404082  -0.0019578612
       -0.0697481011  -0.0672365686  -0.0880606636   0.0073417599   0.0079841038
        0.0058995190  -0.0203369463  -0.0170809696  -0.0154719351   0.0794513932
        0.0760790728   0.0948996655  -0.0013753862   0.0010488769   0.0015110661
        0.0046672805  -0.0007945153   0.0012223481
       -0.0051395163   0.0067437486   0.0419080013  -0.0905799864   0.0016480281
        0.0827184331  -0.0021573648  -0.0052781367   0.0086845121   0.0012937573
        0.0028367246  -0.0013753862   0.0818702346  -0.0039895276  -0.1159932299
        0.0147128756  -0.0019608370  -0.0159423305
       -0.0009422453   0.0093510017   0.0078666394   0.0107249711  -0.0636924378
       -0.0681097952  -0.0056372591   0.0076501879  -0.0002861404   0.0032492025
       -0.0017036105   0.0010488769  -0.0039895276   0.0527685948   0.0923678836
       -0.0034051416  -0.0043737361  -0.0328874644
        0.0194820660  -0.0058656285  -0.0447781450   0.1093788379  -0.0517929757
       -0.3940795660   0.0074918492  -0.0010145585  -0.0051521206  -0.0001623553
        0.0018191966   0.0015110661  -0.1159932299   0.0923678836   0.5008011737
       -0.0201971679  -0.0355139175  -0.0583024082
       -0.0258874315  -0.0210011859  -0.0124968666  -0.0981602603  -0.0383299297
       -0.0097192411  -0.0007804632   0.0016067216   0.0000866646  -0.0054646528
       -0.0091020528   0.0046672805   0.0147128756  -0.0034051416  -0.0201971679
        0.1155799323   0.0702315883   0.0376593306
       -0.0152953542  -0.0102160460  -0.0064365017  -0.0449288638  -0.0717345686
       -0.0077885189   0.0016656017  -0.0017657554   0.0016785024  -0.0097121351
        0.0056404082  -0.0007945153  -0.0019608370  -0.0043737361  -0.0355139175
        0.0702315883   0.0824496981   0.0488549509
        0.0041801011   0.0038054774   0.0049561819  -0.0289543457  -0.0196338529
       -0.0464870345   0.0002664045   0.0018187502   0.0013933396   0.0027908400
       -0.0019578612   0.0012223481  -0.0159423305  -0.0328874644  -0.0583024082
        0.0376593306   0.0488549509   0.0972175730
