$hessian                                                                        
        0.7677740725   0.1159719544  -0.1100379673  -0.3376387720  -0.0715802828
        0.1812572524   0.0047937480   0.0022778345  -0.0022494682  -0.3191011320
       -0.0359137766  -0.0872575826  -0.0322164228  -0.0059768363   0.0115049090
       -0.0836114935  -0.0047788931   0.0067828567
        0.1159719544   0.2041602421  -0.0773907231  -0.0715567953  -0.0617400232
        0.0513460559  -0.0006467997  -0.0065214802   0.0021863895  -0.0379956033
       -0.0652825716  -0.0099668407  -0.0029821810  -0.0067943824   0.0005050652
       -0.0027905751  -0.0638217847   0.0333200532
       -0.1100379673  -0.0773907231   0.6991360164   0.1812566564   0.0513594007
       -0.2210705829   0.0235473988   0.0069634597  -0.0293065533  -0.0700456001
       -0.0067649014  -0.1099548996  -0.0143104187  -0.0041710901   0.0079044434
       -0.0104100691   0.0300038542  -0.3467084240
       -0.3376387720  -0.0715567953   0.1812566564   0.7054267553   0.1201379224
       -0.0397668763  -0.0499273724  -0.0019873690  -0.0413491688  -0.0682856561
       -0.0155197878   0.0136792183  -0.2555240761  -0.0297997359  -0.1168543131
        0.0059491212  -0.0012742344   0.0030344835
       -0.0715802828  -0.0617400232   0.0513594007   0.1201379224   0.0758203202
       -0.0772615082  -0.0010759137  -0.0155274359   0.0254241697  -0.0116314578
        0.0088737827   0.0024095919  -0.0307372690  -0.0167203055  -0.0106771812
       -0.0051129990   0.0092936617   0.0087455271
        0.1812572524   0.0513460559  -0.2210705829  -0.0397668763  -0.0772615082
        0.6833912464  -0.0497746106   0.0239274219  -0.3085966588  -0.0212140898
       -0.0037103569   0.0113453825  -0.1084048828  -0.0091878360  -0.1017469301
        0.0379032072   0.0148862233  -0.0633224570
        0.0047937480  -0.0006467997   0.0235473988  -0.0499273724  -0.0010759137
       -0.0497746106   0.0505129947   0.0020549084   0.0407961348   0.0004036878
        0.0005547793  -0.0001105851  -0.0033026319   0.0020188860  -0.0211034914
       -0.0024804262  -0.0029058603   0.0066451534
        0.0022778345  -0.0065214802   0.0069634597  -0.0019873690  -0.0155274359
        0.0239274219   0.0020549084   0.0168189757  -0.0300086186   0.0007229372
       -0.0025574577  -0.0005012642  -0.0001668071  -0.0012730378  -0.0027269030
       -0.0029015039   0.0090604359   0.0023459042
       -0.0022494682   0.0021863895  -0.0293065533  -0.0413491688   0.0254241697
       -0.3085966588   0.0407961348  -0.0300086186   0.3498628261  -0.0019347391
       -0.0008359772   0.0016471486  -0.0011967312   0.0007858049  -0.0106165182
        0.0059339726   0.0024482318  -0.0029902443
       -0.3191011320  -0.0379956033  -0.0700456001  -0.0682856561  -0.0116314578
       -0.0212140898   0.0004036878   0.0007229372  -0.0019347391   0.4077350672
        0.0524133779   0.1335131738  -0.0065262562  -0.0033453078   0.0052825117
       -0.0142257108  -0.0001639461  -0.0456012564
       -0.0359137766  -0.0652825716  -0.0067649014  -0.0155197878   0.0088737827
       -0.0037103569   0.0005547793  -0.0025574577  -0.0008359772   0.0524133779
        0.0341715260   0.0102965113  -0.0033868778   0.0090485011   0.0018950377
        0.0018522849   0.0157462195  -0.0008803134
       -0.0872575826  -0.0099668407  -0.1099548996   0.0136792183   0.0024095919
        0.0113453825  -0.0001105851  -0.0005012642   0.0016471486   0.1335131738
        0.0102965113   0.1460624129   0.0046088078   0.0018007852   0.0010780906
       -0.0644330323  -0.0040387835  -0.0501781349
       -0.0322164228  -0.0029821810  -0.0143104187  -0.2555240761  -0.0307372690
       -0.1084048828  -0.0033026319  -0.0001668071  -0.0011967312  -0.0065262562
       -0.0033868778   0.0046088078   0.2954515905   0.0362685640   0.1206869666
        0.0021177965   0.0010045709  -0.0013837416
       -0.0059768363  -0.0067943824  -0.0041710901  -0.0297997359  -0.0167203055
       -0.0091878360   0.0020188860  -0.0012730378   0.0007858049  -0.0033453078
        0.0090485011   0.0018007852   0.0362685640   0.0182569786   0.0112426883
        0.0008344301  -0.0025177540  -0.0004703523
        0.0115049090   0.0005050652   0.0079044434  -0.1168543131  -0.0106771812
       -0.1017469301  -0.0211034914  -0.0027269030  -0.0106165182   0.0052825117
        0.0018950377   0.0010780906   0.1206869666   0.0112426883   0.1034416390
        0.0004834173  -0.0002387070  -0.0000607247
       -0.0836114935  -0.0027905751  -0.0104100691   0.0059491212  -0.0051129990
        0.0379032072  -0.0024804262  -0.0029015039   0.0059339726  -0.0142257108
        0.0018522849  -0.0644330323   0.0021177965   0.0008344301   0.0004834173
        0.0922507128   0.0081183630   0.0305225044
       -0.0047788931  -0.0638217847   0.0300038542  -0.0012742344   0.0092936617
        0.0148862233  -0.0029058603   0.0090604359   0.0024482318  -0.0001639461
        0.0157462195  -0.0040387835   0.0010045709  -0.0025177540  -0.0002387070
        0.0081183630   0.0322392215  -0.0430608188
        0.0067828567   0.0333200532  -0.3467084240   0.0030344835   0.0087455271
       -0.0633224570   0.0066451534   0.0023459042  -0.0029902443  -0.0456012564
       -0.0008803134  -0.0501781349  -0.0013837416  -0.0004703523  -0.0000607247
        0.0305225044  -0.0430608188   0.4632599849
