# Atoms array:
     x           y            z                   Z     indx
   -4.474167    -3.754388    -3.182950            6      0
   -3.482399    -2.736579    -2.648954            6      1
   -4.043743    -1.695798    -1.618509            6      2
   -3.155881    -0.844978    -1.133455            8      3
   -5.401477    -3.121477    -4.059811            8      4
   -6.383475    -4.009790    -4.537449            6      5
   -5.939188    -4.863077    -5.108276            1      6
   -6.995047    -4.447785    -3.709909            1      7
   -7.058231    -3.447986    -5.213915            1      8
   -3.959568    -4.590729    -3.722748            1      9
   -5.026992    -4.227842    -2.328388            1     10
   -2.646222    -3.274034    -2.146351            1     11
   -3.021681    -2.177826    -3.496504            1     12
   -4.965103    -1.239121    -2.166349            1     13
   -4.595171    -2.386013    -0.844170            1     14

# Gridpoints array:
     x           y            z                   Z     indx
   -4.474167    -5.794388    -3.182950            6      0
   -4.474167    -3.754388    -1.142950            6      0
   -4.474167    -3.754388    -5.222950            6      0
   -5.651962    -2.576594    -2.005156            6      0
   -3.296372    -4.932183    -2.005156            6      0
   -5.651962    -4.932183    -2.005156            6      0
   -3.296372    -2.576594    -4.360745            6      0
   -3.296372    -4.932183    -4.360745            6      0
   -4.851803    -3.376752    -1.214097            6      0
   -4.096531    -4.132024    -1.214097            6      0
   -4.851803    -4.132024    -1.214097            6      0
   -4.096531    -3.376752    -5.151803            6      0
   -4.096531    -4.132024    -5.151803            6      0
   -4.096531    -5.723241    -2.805314            6      0
   -4.851803    -5.723241    -2.805314            6      0
   -4.851803    -1.785535    -3.560586            6      0
   -4.096531    -5.723241    -3.560586            6      0
   -4.851803    -5.723241    -3.560586            6      0
   -6.443020    -3.376752    -2.805314            6      0
   -2.505314    -4.132024    -2.805314            6      0
   -6.443020    -4.132024    -2.805314            6      0
   -2.505314    -4.132024    -3.560586            6      0
   -5.882626    -2.345929    -2.742397            6      0
   -3.065708    -5.162847    -2.742397            6      0
   -5.882626    -5.162847    -2.742397            6      0
   -3.065708    -5.162847    -3.623503            6      0
   -5.882626    -5.162847    -3.623503            6      0
   -5.882626    -3.313835    -1.774491            6      0
   -3.065708    -4.194941    -1.774491            6      0
   -5.882626    -4.194941    -1.774491            6      0
   -3.065708    -3.313835    -4.591409            6      0
   -3.065708    -4.194941    -4.591409            6      0
   -4.033614    -5.162847    -1.774491            6      0
   -4.914720    -5.162847    -1.774491            6      0
   -4.033614    -2.345929    -4.591409            6      0
   -4.033614    -5.162847    -4.591409            6      0
   -4.914720    -5.162847    -4.591409            6      0
   -5.281374    -2.947182    -1.492259            6      0
   -3.666960    -4.561595    -1.492259            6      0
   -5.281374    -4.561595    -1.492259            6      0
   -3.666960    -2.947182    -4.873641            6      0
   -3.666960    -4.561595    -4.873641            6      0
   -3.666960    -5.445079    -2.375744            6      0
   -5.281374    -5.445079    -2.375744            6      0
   -3.666960    -5.445079    -3.990157            6      0
   -5.281374    -5.445079    -3.990157            6      0
   -6.164858    -2.947182    -2.375744            6      0
   -2.783476    -4.561595    -2.375744            6      0
   -6.164858    -4.561595    -2.375744            6      0
   -2.783476    -4.561595    -3.990157            6      0
   -5.450040    -1.962944    -3.182950            6      0
   -3.498294    -5.545832    -3.182950            6      0
   -5.450040    -5.545832    -3.182950            6      0
   -2.682723    -4.730261    -3.182950            6      0
   -3.498294    -3.754388    -1.391506            6      0
   -5.450040    -3.754388    -1.391506            6      0
   -3.498294    -3.754388    -4.974394            6      0
   -6.265611    -3.754388    -2.207077            6      0
   -2.682723    -3.754388    -4.158823            6      0
   -4.474167    -4.730261    -1.391506            6      0
   -4.474167    -2.778515    -4.974394            6      0
   -4.474167    -4.730261    -4.974394            6      0
   -4.474167    -5.545832    -2.207077            6      0
   -4.474167    -1.962944    -4.158823            6      0
   -4.474167    -5.545832    -4.158823            6      0
   -1.442399    -2.736579    -2.648954            6      1
   -3.482399    -2.736579    -4.688954            6      1
   -2.304605    -3.914373    -1.471159            6      1
   -4.660194    -3.914373    -1.471159            6      1
   -2.304605    -1.558784    -3.826748            6      1
   -4.660194    -1.558784    -3.826748            6      1
   -2.304605    -3.914373    -3.826748            6      1
   -3.104764    -3.114214    -0.680100            6      1
   -3.860035    -3.114214    -0.680100            6      1
   -3.104764    -2.358943    -4.617807            6      1
   -3.860035    -2.358943    -4.617807            6      1
   -3.104764    -3.114214    -4.617807            6      1
   -3.860035    -3.114214    -4.617807            6      1
   -3.104764    -4.705432    -2.271318            6      1
   -3.104764    -0.767725    -3.026589            6      1
   -3.860035    -0.767725    -3.026589            6      1
   -3.104764    -4.705432    -3.026589            6      1
   -1.513546    -2.358943    -2.271318            6      1
   -5.451253    -2.358943    -2.271318            6      1
   -1.513546    -3.114214    -2.271318            6      1
   -1.513546    -2.358943    -3.026589            6      1
   -1.513546    -3.114214    -3.026589            6      1
   -2.073941    -1.328120    -2.208401            6      1
   -2.073941    -4.145037    -2.208401            6      1
   -2.073941    -1.328120    -3.089506            6      1
   -4.890858    -1.328120    -3.089506            6      1
   -2.073941    -4.145037    -3.089506            6      1
   -2.073941    -2.296026    -1.240495            6      1
   -2.073941    -3.177131    -1.240495            6      1
   -4.890858    -3.177131    -1.240495            6      1
   -2.073941    -2.296026    -4.057412            6      1
   -2.073941    -3.177131    -4.057412            6      1
   -3.041847    -4.145037    -1.240495            6      1
   -3.922952    -4.145037    -1.240495            6      1
   -3.041847    -1.328120    -4.057412            6      1
   -3.922952    -1.328120    -4.057412            6      1
   -3.041847    -4.145037    -4.057412            6      1
   -2.675193    -3.543785    -0.958263            6      1
   -4.289606    -3.543785    -0.958263            6      1
   -2.675193    -1.929372    -4.339644            6      1
   -4.289606    -1.929372    -4.339644            6      1
   -2.675193    -3.543785    -4.339644            6      1
   -2.675193    -4.427269    -1.841747            6      1
   -2.675193    -1.045888    -3.456160            6      1
   -4.289606    -1.045888    -3.456160            6      1
   -2.675193    -4.427269    -3.456160            6      1
   -1.791709    -1.929372    -1.841747            6      1
   -1.791709    -3.543785    -1.841747            6      1
   -1.791709    -1.929372    -3.456160            6      1
   -5.173090    -1.929372    -3.456160            6      1
   -1.791709    -3.543785    -3.456160            6      1
   -2.506527    -0.945134    -2.648954            6      1
   -2.506527    -4.528023    -2.648954            6      1
   -1.690955    -1.760706    -2.648954            6      1
   -1.690955    -3.712451    -2.648954            6      1
   -2.506527    -2.736579    -0.857509            6      1
   -2.506527    -2.736579    -4.440398            6      1
   -1.690955    -2.736579    -1.673081            6      1
   -5.273844    -2.736579    -1.673081            6      1
   -1.690955    -2.736579    -3.624826            6      1
   -3.482399    -3.712451    -0.857509            6      1
   -3.482399    -1.760706    -4.440398            6      1
   -3.482399    -3.712451    -4.440398            6      1
   -3.482399    -4.528023    -1.673081            6      1
   -3.482399    -0.945134    -3.624826            6      1
   -2.003743    -1.695798    -1.618509            6      2
   -6.083743    -1.695798    -1.618509            6      2
   -4.043743     0.344202    -1.618509            6      2
   -4.043743    -1.695798     0.421491            6      2
   -5.221537    -0.518003    -0.440715            6      2
   -2.865948    -2.873592    -0.440715            6      2
   -5.221537    -2.873592    -0.440715            6      2
   -2.865948    -0.518003    -2.796304            6      2
   -5.221537    -0.518003    -2.796304            6      2
   -3.666107    -1.318162     0.350344            6      2
   -4.421379    -1.318162     0.350344            6      2
   -3.666107    -2.073434     0.350344            6      2
   -4.421379    -2.073434     0.350344            6      2
   -3.666107    -1.318162    -3.587363            6      2
   -4.421379    -1.318162    -3.587363            6      2
   -4.421379     0.273055    -1.240874            6      2
   -3.666107    -3.664651    -1.240874            6      2
   -4.421379    -3.664651    -1.240874            6      2
   -3.666107     0.273055    -1.996145            6      2
   -4.421379     0.273055    -1.996145            6      2
   -6.012596    -1.318162    -1.240874            6      2
   -2.074890    -2.073434    -1.240874            6      2
   -6.012596    -2.073434    -1.240874            6      2
   -2.074890    -1.318162    -1.996145            6      2
   -6.012596    -1.318162    -1.996145            6      2
   -2.074890    -2.073434    -1.996145            6      2
   -6.012596    -2.073434    -1.996145            6      2
   -5.452202    -0.287339    -1.177957            6      2
   -2.635284    -3.104257    -1.177957            6      2
   -5.452202    -3.104257    -1.177957            6      2
   -5.452202    -0.287339    -2.059062            6      2
   -5.452202    -3.104257    -2.059062            6      2
   -5.452202    -1.255245    -0.210051            6      2
   -2.635284    -2.136351    -0.210051            6      2
   -5.452202    -2.136351    -0.210051            6      2
   -2.635284    -1.255245    -3.026968            6      2
   -5.452202    -1.255245    -3.026968            6      2
   -5.452202    -2.136351    -3.026968            6      2
   -4.484296    -0.287339    -0.210051            6      2
   -3.603190    -3.104257    -0.210051            6      2
   -4.484296    -3.104257    -0.210051            6      2
   -3.603190    -0.287339    -3.026968            6      2
   -4.484296    -0.287339    -3.026968            6      2
   -4.850949    -0.888591     0.072181            6      2
   -3.236536    -2.503004     0.072181            6      2
   -4.850949    -2.503004     0.072181            6      2
   -3.236536    -0.888591    -3.309200            6      2
   -4.850949    -0.888591    -3.309200            6      2
   -4.850949    -0.005107    -0.811303            6      2
   -3.236536    -3.386489    -0.811303            6      2
   -4.850949    -3.386489    -0.811303            6      2
   -3.236536    -0.005107    -2.425716            6      2
   -4.850949    -0.005107    -2.425716            6      2
   -5.734434    -0.888591    -0.811303            6      2
   -2.353052    -2.503004    -0.811303            6      2
   -5.734434    -2.503004    -0.811303            6      2
   -2.353052    -0.888591    -2.425716            6      2
   -5.734434    -0.888591    -2.425716            6      2
   -5.734434    -2.503004    -2.425716            6      2
   -5.019616     0.095646    -1.618509            6      2
   -5.019616    -3.487242    -1.618509            6      2
   -5.835187    -0.719925    -1.618509            6      2
   -5.835187    -2.671671    -1.618509            6      2
   -3.067870    -1.695798     0.172935            6      2
   -5.019616    -1.695798     0.172935            6      2
   -5.019616    -1.695798    -3.409954            6      2
   -2.252299    -1.695798    -0.642637            6      2
   -5.835187    -1.695798    -0.642637            6      2
   -2.252299    -1.695798    -2.594382            6      2
   -5.835187    -1.695798    -2.594382            6      2
   -4.043743    -0.719925     0.172935            6      2
   -4.043743    -2.671671     0.172935            6      2
   -4.043743    -0.719925    -3.409954            6      2
   -4.043743     0.095646    -0.642637            6      2
   -4.043743    -3.487242    -0.642637            6      2
   -4.043743     0.095646    -2.594382            6      2
   -1.331881    -0.844978    -1.133455            8      3
   -3.155881     0.979022    -1.133455            8      3
   -3.155881    -0.844978     0.690545            8      3
   -3.155881    -0.844978    -2.957455            8      3
   -2.102794     0.208109    -0.080368            8      3
   -4.208968     0.208109    -0.080368            8      3
   -2.102794    -1.898065    -0.080368            8      3
   -2.102794     0.208109    -2.186542            8      3
   -4.208968     0.208109    -2.186542            8      3
   -2.102794    -1.898065    -2.186542            8      3
   -2.818230    -0.507327     0.626931            8      3
   -3.493532    -0.507327     0.626931            8      3
   -2.818230    -1.182629     0.626931            8      3
   -3.493532    -1.182629     0.626931            8      3
   -2.818230    -0.507327    -2.893841            8      3
   -3.493532    -0.507327    -2.893841            8      3
   -2.818230     0.915408    -0.795804            8      3
   -3.493532     0.915408    -0.795804            8      3
   -2.818230    -2.605364    -0.795804            8      3
   -2.818230     0.915408    -1.471106            8      3
   -3.493532     0.915408    -1.471106            8      3
   -1.395495    -0.507327    -0.795804            8      3
   -4.916267    -0.507327    -0.795804            8      3
   -1.395495    -1.182629    -0.795804            8      3
   -1.395495    -0.507327    -1.471106            8      3
   -1.395495    -1.182629    -1.471106            8      3
   -1.896553     0.414350    -0.739549            8      3
   -4.415209     0.414350    -0.739549            8      3
   -1.896553    -2.104306    -0.739549            8      3
   -1.896553     0.414350    -1.527361            8      3
   -4.415209     0.414350    -1.527361            8      3
   -1.896553    -2.104306    -1.527361            8      3
   -1.896553    -0.451072     0.125873            8      3
   -4.415209    -0.451072     0.125873            8      3
   -1.896553    -1.238884     0.125873            8      3
   -4.415209    -1.238884     0.125873            8      3
   -1.896553    -0.451072    -2.392783            8      3
   -1.896553    -1.238884    -2.392783            8      3
   -2.761975     0.414350     0.125873            8      3
   -3.549787     0.414350     0.125873            8      3
   -2.761975    -2.104306     0.125873            8      3
   -3.549787    -2.104306     0.125873            8      3
   -2.761975     0.414350    -2.392783            8      3
   -3.549787     0.414350    -2.392783            8      3
   -2.434143    -0.123240     0.378222            8      3
   -3.877618    -0.123240     0.378222            8      3
   -2.434143    -1.566716     0.378222            8      3
   -3.877618    -1.566716     0.378222            8      3
   -2.434143    -0.123240    -2.645131            8      3
   -3.877618    -0.123240    -2.645131            8      3
   -2.434143     0.666698    -0.411717            8      3
   -3.877618     0.666698    -0.411717            8      3
   -2.434143    -2.356654    -0.411717            8      3
   -2.434143     0.666698    -1.855193            8      3
   -3.877618     0.666698    -1.855193            8      3
   -1.644204    -0.123240    -0.411717            8      3
   -4.667557    -0.123240    -0.411717            8      3
   -1.644204    -1.566716    -0.411717            8      3
   -1.644204    -0.123240    -1.855193            8      3
   -4.667557    -0.123240    -1.855193            8      3
   -1.644204    -1.566716    -1.855193            8      3
   -2.283336     0.756784    -1.133455            8      3
   -4.028426     0.756784    -1.133455            8      3
   -2.283336    -2.446740    -1.133455            8      3
   -1.554119     0.027567    -1.133455            8      3
   -4.757643     0.027567    -1.133455            8      3
   -1.554119    -1.717523    -1.133455            8      3
   -2.283336    -0.844978     0.468307            8      3
   -4.028426    -0.844978     0.468307            8      3
   -2.283336    -0.844978    -2.735217            8      3
   -1.554119    -0.844978    -0.260910            8      3
   -4.757643    -0.844978    -0.260910            8      3
   -1.554119    -0.844978    -2.006000            8      3
   -3.155881     0.027567     0.468307            8      3
   -3.155881    -1.717523     0.468307            8      3
   -3.155881     0.027567    -2.735217            8      3
   -3.155881     0.756784    -0.260910            8      3
   -3.155881    -2.446740    -0.260910            8      3
   -3.155881     0.756784    -2.006000            8      3
   -5.401477    -1.297477    -4.059811            8      4
   -5.401477    -3.121477    -5.883811            8      4
   -6.454564    -2.068390    -3.006724            8      4
   -4.348391    -2.068390    -5.112898            8      4
   -6.454564    -2.068390    -5.112898            8      4
   -4.348391    -4.174563    -5.112898            8      4
   -5.739128    -2.783826    -2.299425            8      4
   -5.063826    -2.783826    -5.820197            8      4
   -5.739128    -2.783826    -5.820197            8      4
   -5.063826    -3.459127    -5.820197            8      4
   -5.063826    -1.361090    -3.722160            8      4
   -5.739128    -1.361090    -3.722160            8      4
   -5.063826    -1.361090    -4.397462            8      4
   -5.739128    -1.361090    -4.397462            8      4
   -7.161864    -2.783826    -3.722160            8      4
   -6.660805    -1.862149    -3.665905            8      4
   -4.142149    -1.862149    -4.453717            8      4
   -6.660805    -1.862149    -4.453717            8      4
   -6.660805    -2.727570    -2.800483            8      4
   -6.660805    -3.515383    -2.800483            8      4
   -4.142149    -2.727570    -5.319139            8      4
   -4.142149    -3.515383    -5.319139            8      4
   -5.795384    -1.862149    -2.800483            8      4
   -5.007571    -1.862149    -5.319139            8      4
   -5.795384    -1.862149    -5.319139            8      4
   -6.123215    -2.399739    -2.548135            8      4
   -6.123215    -3.843214    -2.548135            8      4
   -4.679740    -2.399739    -5.571488            8      4
   -6.123215    -2.399739    -5.571488            8      4
   -4.679740    -3.843214    -5.571488            8      4
   -4.679740    -1.609800    -3.338073            8      4
   -6.123215    -1.609800    -3.338073            8      4
   -4.679740    -1.609800    -4.781549            8      4
   -6.123215    -1.609800    -4.781549            8      4
   -4.679740    -4.633153    -4.781549            8      4
   -6.913154    -2.399739    -3.338073            8      4
   -3.889801    -2.399739    -4.781549            8      4
   -6.913154    -2.399739    -4.781549            8      4
   -3.889801    -3.843214    -4.781549            8      4
   -4.528932    -1.519715    -4.059811            8      4
   -6.274023    -1.519715    -4.059811            8      4
   -7.003239    -2.248931    -4.059811            8      4
   -6.274023    -3.121477    -2.458049            8      4
   -4.528932    -3.121477    -5.661573            8      4
   -7.003239    -3.121477    -3.187266            8      4
   -3.799716    -3.121477    -4.932356            8      4
   -5.401477    -2.248931    -5.661573            8      4
   -5.401477    -1.519715    -3.187266            8      4
   -5.401477    -1.519715    -4.932356            8      4
   -8.423475    -4.009790    -4.537449            6      5
   -6.383475    -1.969790    -4.537449            6      5
   -6.383475    -6.049790    -4.537449            6      5
   -6.383475    -4.009790    -2.497449            6      5
   -6.383475    -4.009790    -6.577449            6      5
   -7.561269    -2.831995    -3.359654            6      5
   -5.205680    -5.187584    -3.359654            6      5
   -7.561269    -5.187584    -3.359654            6      5
   -5.205680    -2.831995    -5.715243            6      5
   -7.561269    -2.831995    -5.715243            6      5
   -5.205680    -5.187584    -5.715243            6      5
   -7.561269    -5.187584    -5.715243            6      5
   -6.761110    -3.632154    -2.568596            6      5
   -6.005839    -4.387425    -2.568596            6      5
   -6.761110    -4.387425    -2.568596            6      5
   -6.005839    -3.632154    -6.506302            6      5
   -6.761110    -3.632154    -6.506302            6      5
   -6.005839    -4.387425    -6.506302            6      5
   -6.761110    -4.387425    -6.506302            6      5
   -6.761110    -2.040936    -4.159813            6      5
   -6.005839    -5.978643    -4.159813            6      5
   -6.761110    -5.978643    -4.159813            6      5
   -6.005839    -2.040936    -4.915085            6      5
   -6.761110    -2.040936    -4.915085            6      5
   -6.005839    -5.978643    -4.915085            6      5
   -6.761110    -5.978643    -4.915085            6      5
   -8.352328    -3.632154    -4.159813            6      5
   -8.352328    -4.387425    -4.159813            6      5
   -8.352328    -3.632154    -4.915085            6      5
   -4.414622    -4.387425    -4.915085            6      5
   -8.352328    -4.387425    -4.915085            6      5
   -7.791934    -2.601331    -4.096896            6      5
   -4.975016    -5.418248    -4.096896            6      5
   -7.791934    -5.418248    -4.096896            6      5
   -7.791934    -2.601331    -4.978001            6      5
   -4.975016    -5.418248    -4.978001            6      5
   -7.791934    -5.418248    -4.978001            6      5
   -7.791934    -3.569237    -3.128990            6      5
   -7.791934    -4.450342    -3.128990            6      5
   -4.975016    -3.569237    -5.945908            6      5
   -7.791934    -3.569237    -5.945908            6      5
   -4.975016    -4.450342    -5.945908            6      5
   -7.791934    -4.450342    -5.945908            6      5
   -6.824027    -2.601331    -3.128990            6      5
   -5.942922    -5.418248    -3.128990            6      5
   -6.824027    -5.418248    -3.128990            6      5
   -5.942922    -2.601331    -5.945908            6      5
   -6.824027    -2.601331    -5.945908            6      5
   -5.942922    -5.418248    -5.945908            6      5
   -6.824027    -5.418248    -5.945908            6      5
   -7.190681    -3.202583    -2.846758            6      5
   -7.190681    -4.816996    -2.846758            6      5
   -5.576268    -3.202583    -6.228139            6      5
   -7.190681    -3.202583    -6.228139            6      5
   -5.576268    -4.816996    -6.228139            6      5
   -7.190681    -4.816996    -6.228139            6      5
   -7.190681    -2.319099    -3.730242            6      5
   -5.576268    -5.700480    -3.730242            6      5
   -7.190681    -5.700480    -3.730242            6      5
   -5.576268    -2.319099    -5.344655            6      5
   -7.190681    -2.319099    -5.344655            6      5
   -5.576268    -5.700480    -5.344655            6      5
   -7.190681    -5.700480    -5.344655            6      5
   -8.074165    -3.202583    -3.730242            6      5
   -8.074165    -4.816996    -3.730242            6      5
   -4.692784    -3.202583    -5.344655            6      5
   -8.074165    -3.202583    -5.344655            6      5
   -4.692784    -4.816996    -5.344655            6      5
   -8.074165    -4.816996    -5.344655            6      5
   -7.359347    -2.218345    -4.537449            6      5
   -5.407602    -5.801234    -4.537449            6      5
   -7.359347    -5.801234    -4.537449            6      5
   -8.174919    -3.033917    -4.537449            6      5
   -4.592030    -4.985662    -4.537449            6      5
   -8.174919    -4.985662    -4.537449            6      5
   -7.359347    -4.009790    -2.746004            6      5
   -5.407602    -4.009790    -6.328893            6      5
   -7.359347    -4.009790    -6.328893            6      5
   -8.174919    -4.009790    -3.561576            6      5
   -4.592030    -4.009790    -5.513321            6      5
   -8.174919    -4.009790    -5.513321            6      5
   -6.383475    -3.033917    -2.746004            6      5
   -6.383475    -4.985662    -2.746004            6      5
   -6.383475    -3.033917    -6.328893            6      5
   -6.383475    -4.985662    -6.328893            6      5
   -6.383475    -2.218345    -3.561576            6      5
   -6.383475    -5.801234    -3.561576            6      5
   -6.383475    -2.218345    -5.513321            6      5
   -6.383475    -5.801234    -5.513321            6      5
   -4.619188    -4.863077    -5.108276            1      6
   -5.939188    -6.183077    -5.108276            1      6
   -5.939188    -4.863077    -6.428276            1      6
   -5.177085    -5.625179    -4.346173            1      6
   -5.177085    -4.100974    -5.870378            1      6
   -5.177085    -5.625179    -5.870378            1      6
   -6.701290    -5.625179    -5.870378            1      6
   -5.694835    -4.618724    -6.382239            1      6
   -6.183540    -4.618724    -6.382239            1      6
   -5.694835    -5.107429    -6.382239            1      6
   -6.183540    -5.107429    -6.382239            1      6
   -5.694835    -6.137040    -4.863923            1      6
   -6.183540    -6.137040    -4.863923            1      6
   -5.694835    -6.137040    -5.352628            1      6
   -6.183540    -6.137040    -5.352628            1      6
   -4.665224    -4.618724    -4.863923            1      6
   -4.665224    -5.107429    -4.863923            1      6
   -4.665224    -4.618724    -5.352628            1      6
   -4.665224    -5.107429    -5.352628            1      6
   -5.027832    -5.774433    -4.823212            1      6
   -6.850544    -5.774433    -4.823212            1      6
   -5.027832    -5.774433    -5.393339            1      6
   -6.850544    -5.774433    -5.393339            1      6
   -5.027832    -4.578013    -6.019631            1      6
   -5.027832    -5.148140    -6.019631            1      6
   -6.850544    -5.148140    -6.019631            1      6
   -5.654124    -5.774433    -4.196920            1      6
   -6.224251    -5.774433    -4.196920            1      6
   -5.654124    -5.774433    -6.019631            1      6
   -6.224251    -5.774433    -6.019631            1      6
   -5.416878    -5.385387    -4.014299            1      6
   -5.416878    -4.340767    -6.202252            1      6
   -6.461498    -4.340767    -6.202252            1      6
   -5.416878    -5.385387    -6.202252            1      6
   -6.461498    -5.385387    -6.202252            1      6
   -5.416878    -5.957053    -4.585966            1      6
   -6.461498    -5.957053    -4.585966            1      6
   -5.416878    -5.957053    -5.630586            1      6
   -6.461498    -5.957053    -5.630586            1      6
   -4.845211    -5.385387    -4.585966            1      6
   -4.845211    -4.340767    -5.630586            1      6
   -4.845211    -5.385387    -5.630586            1      6
   -7.033164    -5.385387    -5.630586            1      6
   -5.307741    -6.022246    -5.108276            1      6
   -6.570635    -6.022246    -5.108276            1      6
   -4.780018    -5.494524    -5.108276            1      6
   -7.098358    -5.494524    -5.108276            1      6
   -5.307741    -4.863077    -6.267445            1      6
   -6.570635    -4.863077    -6.267445            1      6
   -4.780018    -4.863077    -5.739723            1      6
   -5.939188    -4.231630    -6.267445            1      6
   -5.939188    -5.494524    -6.267445            1      6
   -5.939188    -6.022246    -4.476828            1      6
   -5.939188    -6.022246    -5.739723            1      6
   -8.315047    -4.447785    -3.709909            1      7
   -6.995047    -5.767785    -3.709909            1      7
   -6.995047    -4.447785    -2.389909            1      7
   -7.757150    -3.685683    -2.947806            1      7
   -6.232945    -5.209887    -2.947806            1      7
   -7.757150    -5.209887    -2.947806            1      7
   -7.757150    -5.209887    -4.472011            1      7
   -6.750695    -4.203432    -2.435945            1      7
   -7.239400    -4.203432    -2.435945            1      7
   -6.750695    -4.692138    -2.435945            1      7
   -7.239400    -4.692138    -2.435945            1      7
   -6.750695    -5.721749    -3.465556            1      7
   -7.239400    -5.721749    -3.465556            1      7
   -6.750695    -5.721749    -3.954261            1      7
   -7.239400    -5.721749    -3.954261            1      7
   -8.269011    -4.203432    -3.465556            1      7
   -8.269011    -4.692138    -3.465556            1      7
   -8.269011    -4.203432    -3.954261            1      7
   -8.269011    -4.692138    -3.954261            1      7
   -7.906403    -3.536429    -3.424845            1      7
   -6.083692    -5.359141    -3.424845            1      7
   -7.906403    -5.359141    -3.424845            1      7
   -7.906403    -5.359141    -3.994972            1      7
   -7.906403    -4.162721    -2.798553            1      7
   -6.083692    -4.732849    -2.798553            1      7
   -7.906403    -4.732849    -2.798553            1      7
   -6.709984    -3.536429    -2.798553            1      7
   -7.280111    -3.536429    -2.798553            1      7
   -6.709984    -5.359141    -2.798553            1      7
   -7.280111    -5.359141    -2.798553            1      7
   -6.472737    -3.925475    -2.615932            1      7
   -7.517357    -3.925475    -2.615932            1      7
   -6.472737    -4.970095    -2.615932            1      7
   -7.517357    -4.970095    -2.615932            1      7
   -7.517357    -3.353809    -3.187599            1      7
   -6.472737    -5.541761    -3.187599            1      7
   -7.517357    -5.541761    -3.187599            1      7
   -7.517357    -5.541761    -4.232219            1      7
   -8.089024    -3.925475    -3.187599            1      7
   -8.089024    -4.970095    -3.187599            1      7
   -8.089024    -3.925475    -4.232219            1      7
   -8.089024    -4.970095    -4.232219            1      7
   -6.363600    -5.606955    -3.709909            1      7
   -7.626494    -5.606955    -3.709909            1      7
   -8.154217    -3.816338    -3.709909            1      7
   -8.154217    -5.079232    -3.709909            1      7
   -6.363600    -4.447785    -2.550739            1      7
   -7.626494    -4.447785    -2.550739            1      7
   -8.154217    -4.447785    -3.078462            1      7
   -8.154217    -4.447785    -4.341356            1      7
   -6.995047    -3.816338    -2.550739            1      7
   -6.995047    -5.079232    -2.550739            1      7
   -6.995047    -3.288615    -3.078462            1      7
   -6.995047    -5.606955    -3.078462            1      7
   -6.995047    -5.606955    -4.341356            1      7
   -8.378231    -3.447986    -5.213915            1      8
   -7.058231    -2.127986    -5.213915            1      8
   -7.058231    -3.447986    -6.533915            1      8
   -7.820334    -2.685883    -4.451813            1      8
   -6.296129    -2.685883    -5.976018            1      8
   -7.820334    -2.685883    -5.976018            1      8
   -7.820334    -4.210088    -5.976018            1      8
   -6.813879    -3.203633    -6.487879            1      8
   -7.302584    -3.203633    -6.487879            1      8
   -6.813879    -3.692338    -6.487879            1      8
   -7.302584    -3.692338    -6.487879            1      8
   -6.813879    -2.174022    -4.969563            1      8
   -7.302584    -2.174022    -4.969563            1      8
   -6.813879    -2.174022    -5.458268            1      8
   -7.302584    -2.174022    -5.458268            1      8
   -8.332195    -3.203633    -4.969563            1      8
   -8.332195    -3.692338    -4.969563            1      8
   -8.332195    -3.203633    -5.458268            1      8
   -8.332195    -3.692338    -5.458268            1      8
   -7.969587    -2.536630    -4.928852            1      8
   -6.146875    -2.536630    -5.498979            1      8
   -7.969587    -2.536630    -5.498979            1      8
   -7.969587    -4.359341    -5.498979            1      8
   -7.969587    -3.162922    -4.302559            1      8
   -6.146875    -3.162922    -6.125271            1      8
   -7.969587    -3.162922    -6.125271            1      8
   -7.969587    -3.733049    -6.125271            1      8
   -7.343295    -2.536630    -4.302559            1      8
   -6.773168    -2.536630    -6.125271            1      8
   -7.343295    -2.536630    -6.125271            1      8
   -7.343295    -4.359341    -6.125271            1      8
   -6.535921    -2.925675    -6.307892            1      8
   -7.580541    -2.925675    -6.307892            1      8
   -6.535921    -3.970296    -6.307892            1      8
   -7.580541    -3.970296    -6.307892            1      8
   -7.580541    -2.354009    -4.691605            1      8
   -6.535921    -2.354009    -5.736225            1      8
   -7.580541    -2.354009    -5.736225            1      8
   -7.580541    -4.541962    -5.736225            1      8
   -8.152208    -2.925675    -4.691605            1      8
   -8.152208    -3.970296    -4.691605            1      8
   -8.152208    -2.925675    -5.736225            1      8
   -8.152208    -3.970296    -5.736225            1      8
   -6.426784    -2.288816    -5.213915            1      8
   -7.689678    -2.288816    -5.213915            1      8
   -8.217401    -2.816538    -5.213915            1      8
   -8.217401    -4.079433    -5.213915            1      8
   -6.426784    -3.447986    -6.373085            1      8
   -7.689678    -3.447986    -6.373085            1      8
   -8.217401    -3.447986    -4.582468            1      8
   -8.217401    -3.447986    -5.845362            1      8
   -7.058231    -2.816538    -6.373085            1      8
   -7.058231    -4.079433    -6.373085            1      8
   -7.058231    -2.288816    -4.582468            1      8
   -7.058231    -2.288816    -5.845362            1      8
   -2.639568    -4.590729    -3.722748            1      9
   -3.959568    -5.910729    -3.722748            1      9
   -3.959568    -4.590729    -5.042748            1      9
   -3.197466    -5.352831    -2.960646            1      9
   -3.197466    -3.828627    -4.484850            1      9
   -3.197466    -5.352831    -4.484850            1      9
   -4.721671    -5.352831    -4.484850            1      9
   -3.715216    -4.346376    -4.996712            1      9
   -4.203921    -4.346376    -4.996712            1      9
   -3.715216    -4.835082    -4.996712            1      9
   -4.203921    -4.835082    -4.996712            1      9
   -3.715216    -5.864693    -3.478395            1      9
   -4.203921    -5.864693    -3.478395            1      9
   -3.715216    -5.864693    -3.967101            1      9
   -4.203921    -5.864693    -3.967101            1      9
   -2.685605    -4.346376    -3.478395            1      9
   -2.685605    -4.835082    -3.478395            1      9
   -2.685605    -4.346376    -3.967101            1      9
   -2.685605    -4.835082    -3.967101            1      9
   -3.048212    -5.502085    -3.437684            1      9
   -4.870924    -5.502085    -3.437684            1      9
   -3.048212    -5.502085    -4.007812            1      9
   -4.870924    -5.502085    -4.007812            1      9
   -3.048212    -4.875793    -2.811392            1      9
   -3.048212    -4.305665    -4.634104            1      9
   -3.048212    -4.875793    -4.634104            1      9
   -3.674505    -5.502085    -2.811392            1      9
   -4.244632    -5.502085    -2.811392            1      9
   -3.674505    -5.502085    -4.634104            1      9
   -4.244632    -5.502085    -4.634104            1      9
   -3.437258    -5.113039    -2.628772            1      9
   -3.437258    -4.068419    -4.816724            1      9
   -3.437258    -5.113039    -4.816724            1      9
   -4.481878    -5.113039    -4.816724            1      9
   -3.437258    -5.684705    -3.200438            1      9
   -4.481878    -5.684705    -3.200438            1      9
   -3.437258    -5.684705    -4.245058            1      9
   -4.481878    -5.684705    -4.245058            1      9
   -2.865592    -5.113039    -3.200438            1      9
   -2.865592    -4.068419    -4.245058            1      9
   -2.865592    -5.113039    -4.245058            1      9
   -3.328121    -5.749899    -3.722748            1      9
   -4.591015    -5.749899    -3.722748            1      9
   -2.800398    -5.222176    -3.722748            1      9
   -3.328121    -4.590729    -4.881918            1      9
   -4.591015    -4.590729    -4.881918            1      9
   -2.800398    -4.590729    -3.091301            1      9
   -2.800398    -4.590729    -4.354195            1      9
   -3.959568    -3.959282    -4.881918            1      9
   -3.959568    -5.222176    -4.881918            1      9
   -3.959568    -5.749899    -3.091301            1      9
   -3.959568    -5.749899    -4.354195            1      9
   -6.346992    -4.227842    -2.328388            1     10
   -5.026992    -5.547842    -2.328388            1     10
   -5.026992    -4.227842    -1.008388            1     10
   -5.789095    -3.465740    -1.566286            1     10
   -4.264890    -4.989945    -1.566286            1     10
   -5.789095    -4.989945    -1.566286            1     10
   -5.789095    -4.989945    -3.090491            1     10
   -4.782640    -3.983490    -1.054425            1     10
   -5.271345    -3.983490    -1.054425            1     10
   -4.782640    -4.472195    -1.054425            1     10
   -5.271345    -4.472195    -1.054425            1     10
   -4.782640    -5.501806    -2.084036            1     10
   -5.271345    -5.501806    -2.084036            1     10
   -4.782640    -5.501806    -2.572741            1     10
   -5.271345    -5.501806    -2.572741            1     10
   -6.300956    -3.983490    -2.084036            1     10
   -6.300956    -4.472195    -2.084036            1     10
   -6.300956    -3.983490    -2.572741            1     10
   -6.300956    -4.472195    -2.572741            1     10
   -5.938348    -3.316486    -2.043325            1     10
   -4.115637    -5.139198    -2.043325            1     10
   -5.938348    -5.139198    -2.043325            1     10
   -5.938348    -5.139198    -2.613452            1     10
   -4.115637    -3.942779    -1.417032            1     10
   -5.938348    -3.942779    -1.417032            1     10
   -4.115637    -4.512906    -1.417032            1     10
   -5.938348    -4.512906    -1.417032            1     10
   -5.312056    -3.316486    -1.417032            1     10
   -4.741929    -5.139198    -1.417032            1     10
   -5.312056    -5.139198    -1.417032            1     10
   -4.504682    -3.705532    -1.234412            1     10
   -5.549303    -3.705532    -1.234412            1     10
   -4.504682    -4.750152    -1.234412            1     10
   -5.549303    -4.750152    -1.234412            1     10
   -5.549303    -3.133866    -1.806078            1     10
   -4.504682    -5.321819    -1.806078            1     10
   -5.549303    -5.321819    -1.806078            1     10
   -5.549303    -5.321819    -2.850698            1     10
   -6.120969    -3.705532    -1.806078            1     10
   -3.933016    -4.750152    -1.806078            1     10
   -6.120969    -4.750152    -1.806078            1     10
   -6.120969    -4.750152    -2.850698            1     10
   -4.395545    -5.387012    -2.328388            1     10
   -5.658440    -5.387012    -2.328388            1     10
   -6.186162    -3.596395    -2.328388            1     10
   -6.186162    -4.859289    -2.328388            1     10
   -4.395545    -4.227842    -1.169218            1     10
   -5.658440    -4.227842    -1.169218            1     10
   -6.186162    -4.227842    -1.696941            1     10
   -5.026992    -3.596395    -1.169218            1     10
   -5.026992    -4.859289    -1.169218            1     10
   -5.026992    -5.387012    -1.696941            1     10
   -5.026992    -5.387012    -2.959835            1     10
   -1.326222    -3.274034    -2.146351            1     11
   -2.646222    -4.594034    -2.146351            1     11
   -2.646222    -3.274034    -0.826351            1     11
   -1.884119    -2.511932    -1.384248            1     11
   -1.884119    -4.036137    -1.384248            1     11
   -3.408324    -4.036137    -1.384248            1     11
   -1.884119    -4.036137    -2.908453            1     11
   -2.401869    -3.029682    -0.872387            1     11
   -2.890574    -3.029682    -0.872387            1     11
   -2.401869    -3.518387    -0.872387            1     11
   -2.890574    -3.518387    -0.872387            1     11
   -2.401869    -4.547998    -1.901998            1     11
   -2.890574    -4.547998    -1.901998            1     11
   -2.401869    -4.547998    -2.390703            1     11
   -2.890574    -4.547998    -2.390703            1     11
   -1.372258    -3.029682    -1.901998            1     11
   -1.372258    -3.518387    -1.901998            1     11
   -1.372258    -3.029682    -2.390703            1     11
   -1.372258    -3.518387    -2.390703            1     11
   -1.734866    -2.362679    -1.861287            1     11
   -1.734866    -4.185390    -1.861287            1     11
   -1.734866    -2.362679    -2.431414            1     11
   -1.734866    -4.185390    -2.431414            1     11
   -1.734866    -2.988971    -1.234995            1     11
   -1.734866    -3.559098    -1.234995            1     11
   -1.734866    -2.988971    -3.057707            1     11
   -1.734866    -3.559098    -3.057707            1     11
   -2.361158    -2.362679    -1.234995            1     11
   -2.361158    -4.185390    -1.234995            1     11
   -2.931285    -4.185390    -1.234995            1     11
   -2.361158    -4.185390    -3.057707            1     11
   -2.123912    -2.751724    -1.052374            1     11
   -2.123912    -3.796345    -1.052374            1     11
   -3.168532    -3.796345    -1.052374            1     11
   -2.123912    -3.796345    -3.240327            1     11
   -2.123912    -2.180058    -1.624041            1     11
   -2.123912    -4.368011    -1.624041            1     11
   -3.168532    -4.368011    -1.624041            1     11
   -2.123912    -4.368011    -2.668661            1     11
   -1.552245    -2.751724    -1.624041            1     11
   -1.552245    -3.796345    -1.624041            1     11
   -1.552245    -2.751724    -2.668661            1     11
   -1.552245    -3.796345    -2.668661            1     11
   -2.014775    -4.433204    -2.146351            1     11
   -1.487052    -2.642587    -2.146351            1     11
   -1.487052    -3.905482    -2.146351            1     11
   -2.014775    -3.274034    -0.987181            1     11
   -2.014775    -3.274034    -3.305521            1     11
   -1.487052    -3.274034    -1.514904            1     11
   -1.487052    -3.274034    -2.777798            1     11
   -2.646222    -2.642587    -0.987181            1     11
   -2.646222    -3.905482    -0.987181            1     11
   -2.646222    -4.433204    -1.514904            1     11
   -2.646222    -4.433204    -2.777798            1     11
   -1.701681    -2.177826    -3.496504            1     12
   -3.021681    -0.857826    -3.496504            1     12
   -3.021681    -2.177826    -4.816504            1     12
   -2.259579    -1.415723    -2.734401            1     12
   -2.259579    -1.415723    -4.258606            1     12
   -3.783783    -1.415723    -4.258606            1     12
   -2.259579    -2.939928    -4.258606            1     12
   -2.777328    -1.933473    -4.770467            1     12
   -3.266034    -1.933473    -4.770467            1     12
   -2.777328    -2.422178    -4.770467            1     12
   -3.266034    -2.422178    -4.770467            1     12
   -2.777328    -0.903862    -3.252151            1     12
   -3.266034    -0.903862    -3.252151            1     12
   -2.777328    -0.903862    -3.740856            1     12
   -3.266034    -0.903862    -3.740856            1     12
   -1.747717    -1.933473    -3.252151            1     12
   -1.747717    -2.422178    -3.252151            1     12
   -1.747717    -1.933473    -3.740856            1     12
   -1.747717    -2.422178    -3.740856            1     12
   -2.110325    -1.266470    -3.211440            1     12
   -2.110325    -1.266470    -3.781567            1     12
   -3.933037    -1.266470    -3.781567            1     12
   -2.110325    -3.089181    -3.781567            1     12
   -2.110325    -1.892762    -4.407859            1     12
   -3.933037    -1.892762    -4.407859            1     12
   -2.110325    -2.462889    -4.407859            1     12
   -2.736617    -1.266470    -4.407859            1     12
   -3.306745    -1.266470    -4.407859            1     12
   -2.736617    -3.089181    -4.407859            1     12
   -3.306745    -3.089181    -4.407859            1     12
   -2.499371    -1.655515    -4.590480            1     12
   -3.543991    -1.655515    -4.590480            1     12
   -2.499371    -2.700136    -4.590480            1     12
   -3.543991    -2.700136    -4.590480            1     12
   -2.499371    -1.083849    -2.974194            1     12
   -2.499371    -1.083849    -4.018814            1     12
   -3.543991    -1.083849    -4.018814            1     12
   -2.499371    -3.271802    -4.018814            1     12
   -1.927705    -1.655515    -2.974194            1     12
   -1.927705    -1.655515    -4.018814            1     12
   -4.115657    -1.655515    -4.018814            1     12
   -1.927705    -2.700136    -4.018814            1     12
   -2.390234    -1.018656    -3.496504            1     12
   -3.653128    -1.018656    -3.496504            1     12
   -1.862511    -1.546378    -3.496504            1     12
   -1.862511    -2.809273    -3.496504            1     12
   -2.390234    -2.177826    -4.655673            1     12
   -3.653128    -2.177826    -4.655673            1     12
   -1.862511    -2.177826    -2.865057            1     12
   -1.862511    -2.177826    -4.127951            1     12
   -3.021681    -1.546378    -4.655673            1     12
   -3.021681    -2.809273    -4.655673            1     12
   -3.021681    -1.018656    -4.127951            1     12
   -6.285103    -1.239121    -2.166349            1     13
   -4.965103     0.080879    -2.166349            1     13
   -4.965103    -1.239121    -3.486349            1     13
   -5.727205    -0.477019    -1.404247            1     13
   -5.727205    -2.001224    -1.404247            1     13
   -4.203000    -0.477019    -2.928452            1     13
   -5.727205    -0.477019    -2.928452            1     13
   -5.727205    -2.001224    -2.928452            1     13
   -4.720750    -0.994769    -3.440313            1     13
   -5.209455    -0.994769    -3.440313            1     13
   -4.720750    -1.483474    -3.440313            1     13
   -5.209455    -1.483474    -3.440313            1     13
   -4.720750     0.034842    -1.921997            1     13
   -5.209455     0.034842    -1.921997            1     13
   -4.720750     0.034842    -2.410702            1     13
   -5.209455     0.034842    -2.410702            1     13
   -6.239067    -0.994769    -1.921997            1     13
   -6.239067    -1.483474    -1.921997            1     13
   -6.239067    -0.994769    -2.410702            1     13
   -6.239067    -1.483474    -2.410702            1     13
   -5.876459    -0.327766    -1.881286            1     13
   -5.876459    -2.150477    -1.881286            1     13
   -5.876459    -0.327766    -2.451413            1     13
   -5.876459    -2.150477    -2.451413            1     13
   -5.876459    -0.954058    -1.254994            1     13
   -5.876459    -1.524185    -1.254994            1     13
   -5.876459    -0.954058    -3.077705            1     13
   -5.876459    -1.524185    -3.077705            1     13
   -5.250166    -0.327766    -1.254994            1     13
   -4.680039    -0.327766    -3.077705            1     13
   -5.250166    -0.327766    -3.077705            1     13
   -5.487413    -0.716811    -1.072373            1     13
   -4.442793    -0.716811    -3.260326            1     13
   -5.487413    -0.716811    -3.260326            1     13
   -5.487413    -1.761431    -3.260326            1     13
   -5.487413    -0.145145    -1.644039            1     13
   -4.442793    -0.145145    -2.688660            1     13
   -5.487413    -0.145145    -2.688660            1     13
   -6.059079    -0.716811    -1.644039            1     13
   -6.059079    -1.761431    -1.644039            1     13
   -6.059079    -0.716811    -2.688660            1     13
   -6.059079    -1.761431    -2.688660            1     13
   -4.333656    -0.079952    -2.166349            1     13
   -5.596550    -0.079952    -2.166349            1     13
   -5.596550    -2.398291    -2.166349            1     13
   -6.124273    -0.607674    -2.166349            1     13
   -6.124273    -1.870568    -2.166349            1     13
   -5.596550    -1.239121    -1.007180            1     13
   -4.333656    -1.239121    -3.325519            1     13
   -5.596550    -1.239121    -3.325519            1     13
   -6.124273    -1.239121    -1.534902            1     13
   -6.124273    -1.239121    -2.797797            1     13
   -4.965103    -0.607674    -3.325519            1     13
   -4.965103    -0.079952    -1.534902            1     13
   -4.965103    -0.079952    -2.797797            1     13
   -5.915171    -2.386013    -0.844170            1     14
   -4.595171    -3.706013    -0.844170            1     14
   -4.595171    -2.386013     0.475830            1     14
   -5.357273    -1.623910    -0.082068            1     14
   -3.833068    -3.148115    -0.082068            1     14
   -5.357273    -3.148115    -0.082068            1     14
   -5.357273    -3.148115    -1.606272            1     14
   -4.350818    -2.141660     0.429794            1     14
   -4.839523    -2.141660     0.429794            1     14
   -4.350818    -2.630365     0.429794            1     14
   -4.839523    -2.630365     0.429794            1     14
   -4.350818    -3.659976    -0.599817            1     14
   -4.839523    -3.659976    -0.599817            1     14
   -4.350818    -3.659976    -1.088523            1     14
   -4.839523    -3.659976    -1.088523            1     14
   -5.869134    -2.141660    -0.599817            1     14
   -5.869134    -2.630365    -0.599817            1     14
   -5.869134    -2.141660    -1.088523            1     14
   -5.869134    -2.630365    -1.088523            1     14
   -5.506526    -1.474657    -0.559106            1     14
   -3.683815    -3.297369    -0.559106            1     14
   -5.506526    -3.297369    -0.559106            1     14
   -5.506526    -3.297369    -1.129233            1     14
   -3.683815    -2.100949     0.067186            1     14
   -5.506526    -2.100949     0.067186            1     14
   -3.683815    -2.671076     0.067186            1     14
   -5.506526    -2.671076     0.067186            1     14
   -5.506526    -2.671076    -1.755526            1     14
   -4.310107    -1.474657     0.067186            1     14
   -4.880234    -1.474657     0.067186            1     14
   -4.310107    -3.297369     0.067186            1     14
   -4.880234    -3.297369     0.067186            1     14
   -4.072861    -1.863703     0.249807            1     14
   -5.117481    -1.863703     0.249807            1     14
   -4.072861    -2.908323     0.249807            1     14
   -5.117481    -2.908323     0.249807            1     14
   -5.117481    -1.292036    -0.321860            1     14
   -4.072861    -3.479989    -0.321860            1     14
   -5.117481    -3.479989    -0.321860            1     14
   -5.117481    -3.479989    -1.366480            1     14
   -5.689147    -1.863703    -0.321860            1     14
   -3.501194    -2.908323    -0.321860            1     14
   -5.689147    -2.908323    -0.321860            1     14
   -5.689147    -2.908323    -1.366480            1     14
   -3.963724    -3.545183    -0.844170            1     14
   -5.226618    -3.545183    -0.844170            1     14
   -5.754340    -1.754566    -0.844170            1     14
   -5.754340    -3.017460    -0.844170            1     14
   -3.963724    -2.386013     0.315000            1     14
   -5.226618    -2.386013     0.315000            1     14
   -5.754340    -2.386013    -0.212723            1     14
   -5.754340    -2.386013    -1.475617            1     14
   -4.595171    -1.754566     0.315000            1     14
   -4.595171    -3.017460     0.315000            1     14
   -4.595171    -3.545183    -0.212723            1     14
