# Atoms array:
     x           y            z                   Z     indx
   -3.393474    -4.214997    -2.971520            6      0
   -4.161156    -2.930086    -2.564018            6      1
   -3.427416    -1.999522    -1.897204            8      2
   -5.069011    -3.306756    -1.990093            1      3
   -4.620011    -2.551271    -3.534535            1      4
   -4.237954    -5.216444    -3.758602            6      5
   -2.512743    -3.907483    -3.564476            1      6
   -3.000582    -4.684822    -2.051382            1      7
   -4.609736    -4.769213    -4.694808            1      8
   -3.672167    -6.121547    -4.026696            1      9
   -5.117537    -5.536373    -3.176503            1     10

# Gridpoints array:
     x           y            z                   Z     indx
   -1.353474    -4.214997    -2.971520            6      0
   -3.393474    -4.214997    -0.931519            6      0
   -3.393474    -4.214997    -5.011520            6      0
   -2.215680    -3.037202    -1.793725            6      0
   -2.215680    -5.392791    -1.793725            6      0
   -4.571269    -5.392791    -1.793725            6      0
   -2.215680    -3.037202    -4.149314            6      0
   -2.215680    -5.392791    -4.149314            6      0
   -3.015838    -3.837361    -1.002666            6      0
   -3.771110    -3.837361    -1.002666            6      0
   -3.015838    -4.592633    -1.002666            6      0
   -3.771110    -4.592633    -1.002666            6      0
   -3.015838    -3.837361    -4.940373            6      0
   -3.771110    -3.837361    -4.940373            6      0
   -3.015838    -4.592633    -4.940373            6      0
   -3.015838    -6.183850    -2.593884            6      0
   -3.771110    -6.183850    -2.593884            6      0
   -1.424621    -3.837361    -2.593884            6      0
   -1.424621    -4.592633    -2.593884            6      0
   -5.362327    -4.592633    -2.593884            6      0
   -1.424621    -3.837361    -3.349155            6      0
   -5.362327    -3.837361    -3.349155            6      0
   -1.424621    -4.592633    -3.349155            6      0
   -1.985015    -2.806538    -2.530967            6      0
   -1.985015    -5.623456    -2.530967            6      0
   -1.985015    -2.806538    -3.412072            6      0
   -1.985015    -5.623456    -3.412072            6      0
   -1.985015    -3.774444    -1.563061            6      0
   -1.985015    -4.655550    -1.563061            6      0
   -4.801933    -4.655550    -1.563061            6      0
   -1.985015    -3.774444    -4.379978            6      0
   -4.801933    -3.774444    -4.379978            6      0
   -1.985015    -4.655550    -4.379978            6      0
   -2.952921    -5.623456    -1.563061            6      0
   -3.834027    -5.623456    -1.563061            6      0
   -2.952921    -2.806538    -4.379978            6      0
   -3.834027    -2.806538    -4.379978            6      0
   -2.586268    -3.407790    -1.280829            6      0
   -2.586268    -5.022203    -1.280829            6      0
   -4.200681    -5.022203    -1.280829            6      0
   -2.586268    -3.407790    -4.662210            6      0
   -4.200681    -3.407790    -4.662210            6      0
   -2.586268    -5.022203    -4.662210            6      0
   -2.586268    -5.905688    -2.164313            6      0
   -4.200681    -5.905688    -2.164313            6      0
   -2.586268    -2.524306    -3.778726            6      0
   -2.586268    -5.905688    -3.778726            6      0
   -1.702783    -3.407790    -2.164313            6      0
   -1.702783    -5.022203    -2.164313            6      0
   -5.084165    -5.022203    -2.164313            6      0
   -1.702783    -3.407790    -3.778726            6      0
   -1.702783    -5.022203    -3.778726            6      0
   -2.417601    -2.423553    -2.971520            6      0
   -2.417601    -6.006441    -2.971520            6      0
   -1.602030    -3.239124    -2.971520            6      0
   -1.602030    -5.190870    -2.971520            6      0
   -2.417601    -4.214997    -1.180075            6      0
   -4.369347    -4.214997    -1.180075            6      0
   -2.417601    -4.214997    -4.762964            6      0
   -1.602030    -4.214997    -1.995647            6      0
   -1.602030    -4.214997    -3.947392            6      0
   -3.393474    -5.190870    -1.180075            6      0
   -3.393474    -3.239124    -4.762964            6      0
   -3.393474    -6.006441    -1.995647            6      0
   -3.393474    -2.423553    -3.947392            6      0
   -2.121156    -2.930086    -2.564018            6      1
   -6.201156    -2.930086    -2.564018            6      1
   -4.161156    -2.930086    -0.524018            6      1
   -4.161156    -2.930086    -4.604018            6      1
   -5.338951    -1.752292    -1.386223            6      1
   -5.338951    -4.107881    -1.386223            6      1
   -2.983362    -1.752292    -3.741812            6      1
   -5.338951    -1.752292    -3.741812            6      1
   -5.338951    -4.107881    -3.741812            6      1
   -3.783520    -2.552451    -0.595164            6      1
   -4.538792    -2.552451    -0.595164            6      1
   -3.783520    -3.307722    -0.595164            6      1
   -4.538792    -3.307722    -0.595164            6      1
   -3.783520    -2.552451    -4.532871            6      1
   -4.538792    -2.552451    -4.532871            6      1
   -3.783520    -3.307722    -4.532871            6      1
   -4.538792    -3.307722    -4.532871            6      1
   -4.538792    -0.961233    -2.186382            6      1
   -3.783520    -0.961233    -2.941653            6      1
   -4.538792    -0.961233    -2.941653            6      1
   -2.192303    -2.552451    -2.186382            6      1
   -6.130009    -2.552451    -2.186382            6      1
   -2.192303    -3.307722    -2.186382            6      1
   -6.130009    -3.307722    -2.186382            6      1
   -2.192303    -2.552451    -2.941653            6      1
   -6.130009    -2.552451    -2.941653            6      1
   -6.130009    -3.307722    -2.941653            6      1
   -5.569615    -1.521628    -2.123465            6      1
   -5.569615    -4.338545    -2.123465            6      1
   -2.752697    -1.521628    -3.004570            6      1
   -5.569615    -1.521628    -3.004570            6      1
   -5.569615    -4.338545    -3.004570            6      1
   -5.569615    -2.489534    -1.155559            6      1
   -2.752697    -3.370639    -1.155559            6      1
   -5.569615    -3.370639    -1.155559            6      1
   -2.752697    -2.489534    -3.972476            6      1
   -5.569615    -2.489534    -3.972476            6      1
   -5.569615    -3.370639    -3.972476            6      1
   -4.601709    -1.521628    -1.155559            6      1
   -3.720603    -4.338545    -1.155559            6      1
   -4.601709    -4.338545    -1.155559            6      1
   -3.720603    -1.521628    -3.972476            6      1
   -4.601709    -1.521628    -3.972476            6      1
   -4.968363    -2.122880    -0.873327            6      1
   -3.353950    -3.737293    -0.873327            6      1
   -4.968363    -3.737293    -0.873327            6      1
   -3.353950    -2.122880    -4.254708            6      1
   -4.968363    -2.122880    -4.254708            6      1
   -4.968363    -3.737293    -4.254708            6      1
   -4.968363    -1.239396    -1.756811            6      1
   -4.968363    -4.620777    -1.756811            6      1
   -3.353950    -1.239396    -3.371224            6      1
   -4.968363    -1.239396    -3.371224            6      1
   -5.851847    -2.122880    -1.756811            6      1
   -2.470466    -3.737293    -1.756811            6      1
   -5.851847    -3.737293    -1.756811            6      1
   -2.470466    -2.122880    -3.371224            6      1
   -5.851847    -2.122880    -3.371224            6      1
   -5.851847    -3.737293    -3.371224            6      1
   -5.137029    -1.138642    -2.564018            6      1
   -5.952601    -1.954214    -2.564018            6      1
   -5.952601    -3.905959    -2.564018            6      1
   -3.185284    -2.930086    -0.772573            6      1
   -5.137029    -2.930086    -0.772573            6      1
   -3.185284    -2.930086    -4.355462            6      1
   -5.137029    -2.930086    -4.355462            6      1
   -2.369712    -2.930086    -1.588145            6      1
   -5.952601    -2.930086    -1.588145            6      1
   -2.369712    -2.930086    -3.539890            6      1
   -5.952601    -2.930086    -3.539890            6      1
   -4.161156    -1.954214    -0.772573            6      1
   -4.161156    -3.905959    -0.772573            6      1
   -4.161156    -1.954214    -4.355462            6      1
   -4.161156    -4.721531    -1.588145            6      1
   -4.161156    -1.138642    -3.539890            6      1
   -1.603416    -1.999522    -1.897204            8      2
   -3.427416    -0.175522    -1.897204            8      2
   -3.427416    -1.999522    -0.073204            8      2
   -2.374330    -0.946435    -0.844117            8      2
   -4.480503    -0.946435    -0.844117            8      2
   -2.374330    -3.052609    -0.844117            8      2
   -4.480503    -3.052609    -0.844117            8      2
   -2.374330    -0.946435    -2.950291            8      2
   -4.480503    -0.946435    -2.950291            8      2
   -3.089766    -1.661871    -0.136818            8      2
   -3.765067    -1.661871    -0.136818            8      2
   -3.089766    -2.337173    -0.136818            8      2
   -3.765067    -2.337173    -0.136818            8      2
   -3.089766    -1.661871    -3.657590            8      2
   -3.765067    -1.661871    -3.657590            8      2
   -3.089766    -2.337173    -3.657590            8      2
   -3.089766    -0.239136    -1.559553            8      2
   -3.765067    -0.239136    -1.559553            8      2
   -3.089766    -0.239136    -2.234855            8      2
   -3.765067    -0.239136    -2.234855            8      2
   -1.667030    -1.661871    -1.559553            8      2
   -5.187803    -1.661871    -1.559553            8      2
   -1.667030    -2.337173    -1.559553            8      2
   -1.667030    -1.661871    -2.234855            8      2
   -5.187803    -1.661871    -2.234855            8      2
   -1.667030    -2.337173    -2.234855            8      2
   -2.168088    -0.740194    -1.503298            8      2
   -4.686744    -0.740194    -1.503298            8      2
   -2.168088    -3.258850    -1.503298            8      2
   -2.168088    -0.740194    -2.291110            8      2
   -4.686744    -0.740194    -2.291110            8      2
   -2.168088    -3.258850    -2.291110            8      2
   -2.168088    -1.605616    -0.637876            8      2
   -4.686744    -1.605616    -0.637876            8      2
   -2.168088    -2.393428    -0.637876            8      2
   -4.686744    -2.393428    -0.637876            8      2
   -2.168088    -1.605616    -3.156532            8      2
   -2.168088    -2.393428    -3.156532            8      2
   -3.033510    -0.740194    -0.637876            8      2
   -3.821323    -0.740194    -0.637876            8      2
   -3.033510    -3.258850    -0.637876            8      2
   -3.821323    -3.258850    -0.637876            8      2
   -3.033510    -0.740194    -3.156532            8      2
   -3.821323    -0.740194    -3.156532            8      2
   -2.705679    -1.277785    -0.385528            8      2
   -4.149154    -1.277785    -0.385528            8      2
   -2.705679    -2.721260    -0.385528            8      2
   -4.149154    -2.721260    -0.385528            8      2
   -2.705679    -1.277785    -3.408881            8      2
   -4.149154    -1.277785    -3.408881            8      2
   -2.705679    -0.487846    -1.175466            8      2
   -4.149154    -0.487846    -1.175466            8      2
   -2.705679    -3.511199    -1.175466            8      2
   -2.705679    -0.487846    -2.618942            8      2
   -4.149154    -0.487846    -2.618942            8      2
   -1.915740    -1.277785    -1.175466            8      2
   -4.939093    -1.277785    -1.175466            8      2
   -1.915740    -2.721260    -1.175466            8      2
   -1.915740    -1.277785    -2.618942            8      2
   -4.939093    -1.277785    -2.618942            8      2
   -1.915740    -2.721260    -2.618942            8      2
   -2.554871    -0.397760    -1.897204            8      2
   -4.299962    -0.397760    -1.897204            8      2
   -1.825655    -1.126977    -1.897204            8      2
   -5.029178    -1.126977    -1.897204            8      2
   -1.825655    -2.872067    -1.897204            8      2
   -2.554871    -1.999522    -0.295442            8      2
   -4.299962    -1.999522    -0.295442            8      2
   -2.554871    -1.999522    -3.498966            8      2
   -1.825655    -1.999522    -1.024659            8      2
   -5.029178    -1.999522    -1.024659            8      2
   -1.825655    -1.999522    -2.769749            8      2
   -3.427416    -1.126977    -0.295442            8      2
   -3.427416    -2.872067    -0.295442            8      2
   -3.427416    -1.126977    -3.498966            8      2
   -3.427416    -0.397760    -1.024659            8      2
   -3.427416    -3.601284    -1.024659            8      2
   -3.427416    -0.397760    -2.769749            8      2
   -6.389011    -3.306756    -1.990093            1      3
   -5.069011    -4.626756    -1.990093            1      3
   -5.069011    -3.306756    -0.670093            1      3
   -5.831113    -2.544653    -1.227990            1      3
   -4.306908    -4.068858    -1.227990            1      3
   -5.831113    -4.068858    -1.227990            1      3
   -5.831113    -2.544653    -2.752195            1      3
   -5.831113    -4.068858    -2.752195            1      3
   -4.824658    -3.062403    -0.716129            1      3
   -5.313363    -3.062403    -0.716129            1      3
   -4.824658    -3.551108    -0.716129            1      3
   -5.313363    -3.551108    -0.716129            1      3
   -4.824658    -4.580719    -1.745740            1      3
   -5.313363    -4.580719    -1.745740            1      3
   -5.313363    -4.580719    -2.234445            1      3
   -6.342974    -3.062403    -1.745740            1      3
   -6.342974    -3.551108    -1.745740            1      3
   -6.342974    -3.062403    -2.234445            1      3
   -6.342974    -3.551108    -2.234445            1      3
   -5.980366    -2.395400    -1.705029            1      3
   -5.980366    -4.218111    -1.705029            1      3
   -5.980366    -2.395400    -2.275156            1      3
   -5.980366    -4.218111    -2.275156            1      3
   -5.980366    -3.021692    -1.078737            1      3
   -5.980366    -3.591819    -1.078737            1      3
   -5.980366    -3.021692    -2.901449            1      3
   -5.980366    -3.591819    -2.901449            1      3
   -5.354074    -2.395400    -1.078737            1      3
   -4.783947    -4.218111    -1.078737            1      3
   -5.354074    -4.218111    -1.078737            1      3
   -5.591321    -2.784446    -0.896116            1      3
   -4.546701    -3.829066    -0.896116            1      3
   -5.591321    -3.829066    -0.896116            1      3
   -5.591321    -3.829066    -3.084069            1      3
   -5.591321    -2.212779    -1.467783            1      3
   -4.546701    -4.400732    -1.467783            1      3
   -5.591321    -4.400732    -1.467783            1      3
   -5.591321    -4.400732    -2.512403            1      3
   -6.162987    -2.784446    -1.467783            1      3
   -6.162987    -3.829066    -1.467783            1      3
   -6.162987    -2.784446    -2.512403            1      3
   -6.162987    -3.829066    -2.512403            1      3
   -5.700458    -2.147586    -1.990093            1      3
   -5.700458    -4.465925    -1.990093            1      3
   -6.228180    -2.675309    -1.990093            1      3
   -6.228180    -3.938203    -1.990093            1      3
   -4.437564    -3.306756    -0.830923            1      3
   -5.700458    -3.306756    -0.830923            1      3
   -6.228180    -3.306756    -1.358646            1      3
   -6.228180    -3.306756    -2.621540            1      3
   -5.069011    -2.675309    -0.830923            1      3
   -5.069011    -3.938203    -0.830923            1      3
   -5.069011    -4.465925    -1.358646            1      3
   -5.940011    -2.551271    -3.534535            1      4
   -4.620011    -1.231271    -3.534535            1      4
   -4.620011    -2.551271    -4.854535            1      4
   -3.857909    -1.789169    -4.296637            1      4
   -5.382114    -1.789169    -4.296637            1      4
   -5.382114    -3.313374    -4.296637            1      4
   -4.375659    -2.306919    -4.808499            1      4
   -4.864364    -2.306919    -4.808499            1      4
   -4.375659    -2.795624    -4.808499            1      4
   -4.864364    -2.795624    -4.808499            1      4
   -4.375659    -1.277307    -3.290182            1      4
   -4.864364    -1.277307    -3.290182            1      4
   -4.375659    -1.277307    -3.778888            1      4
   -4.864364    -1.277307    -3.778888            1      4
   -5.893975    -2.306919    -3.290182            1      4
   -5.893975    -2.795624    -3.290182            1      4
   -5.893975    -2.306919    -3.778888            1      4
   -5.893975    -2.795624    -3.778888            1      4
   -5.531367    -1.639915    -3.249471            1      4
   -3.708655    -1.639915    -3.819599            1      4
   -5.531367    -1.639915    -3.819599            1      4
   -5.531367    -3.462627    -3.819599            1      4
   -3.708655    -2.266208    -4.445891            1      4
   -5.531367    -2.266208    -4.445891            1      4
   -3.708655    -2.836335    -4.445891            1      4
   -5.531367    -2.836335    -4.445891            1      4
   -4.334948    -1.639915    -4.445891            1      4
   -4.905075    -1.639915    -4.445891            1      4
   -4.334948    -3.462627    -4.445891            1      4
   -4.905075    -3.462627    -4.445891            1      4
   -4.097701    -2.028961    -4.628511            1      4
   -5.142321    -2.028961    -4.628511            1      4
   -4.097701    -3.073581    -4.628511            1      4
   -5.142321    -3.073581    -4.628511            1      4
   -5.142321    -1.457295    -3.012225            1      4
   -4.097701    -1.457295    -4.056845            1      4
   -5.142321    -1.457295    -4.056845            1      4
   -5.142321    -3.645248    -4.056845            1      4
   -5.713988    -2.028961    -3.012225            1      4
   -3.526035    -2.028961    -4.056845            1      4
   -5.713988    -2.028961    -4.056845            1      4
   -5.713988    -3.073581    -4.056845            1      4
   -3.988564    -1.392101    -3.534535            1      4
   -5.251458    -1.392101    -3.534535            1      4
   -5.779181    -1.919824    -3.534535            1      4
   -5.779181    -3.182718    -3.534535            1      4
   -3.988564    -2.551271    -4.693705            1      4
   -5.251458    -2.551271    -4.693705            1      4
   -3.460841    -2.551271    -4.165982            1      4
   -5.779181    -2.551271    -4.165982            1      4
   -4.620011    -1.919824    -4.693705            1      4
   -4.620011    -3.182718    -4.693705            1      4
   -4.620011    -1.392101    -4.165982            1      4
   -2.197954    -5.216444    -3.758602            6      5
   -6.277954    -5.216444    -3.758602            6      5
   -4.237954    -7.256444    -3.758602            6      5
   -4.237954    -5.216444    -1.718602            6      5
   -4.237954    -5.216444    -5.798602            6      5
   -5.415748    -4.038649    -2.580807            6      5
   -3.060159    -6.394238    -2.580807            6      5
   -5.415748    -6.394238    -2.580807            6      5
   -3.060159    -4.038649    -4.936396            6      5
   -5.415748    -4.038649    -4.936396            6      5
   -3.060159    -6.394238    -4.936396            6      5
   -5.415748    -6.394238    -4.936396            6      5
   -4.615590    -4.838808    -1.789749            6      5
   -3.860318    -5.594080    -1.789749            6      5
   -4.615590    -5.594080    -1.789749            6      5
   -3.860318    -4.838808    -5.727455            6      5
   -4.615590    -4.838808    -5.727455            6      5
   -3.860318    -5.594080    -5.727455            6      5
   -4.615590    -5.594080    -5.727455            6      5
   -3.860318    -7.185297    -3.380966            6      5
   -4.615590    -7.185297    -3.380966            6      5
   -3.860318    -7.185297    -4.136238            6      5
   -4.615590    -7.185297    -4.136238            6      5
   -6.206807    -4.838808    -3.380966            6      5
   -2.269101    -5.594080    -3.380966            6      5
   -6.206807    -5.594080    -3.380966            6      5
   -2.269101    -4.838808    -4.136238            6      5
   -6.206807    -4.838808    -4.136238            6      5
   -2.269101    -5.594080    -4.136238            6      5
   -6.206807    -5.594080    -4.136238            6      5
   -5.646413    -3.807985    -3.318049            6      5
   -2.829495    -6.624903    -3.318049            6      5
   -5.646413    -6.624903    -3.318049            6      5
   -5.646413    -3.807985    -4.199155            6      5
   -2.829495    -6.624903    -4.199155            6      5
   -5.646413    -6.624903    -4.199155            6      5
   -5.646413    -4.775891    -2.350143            6      5
   -2.829495    -5.656997    -2.350143            6      5
   -5.646413    -5.656997    -2.350143            6      5
   -2.829495    -4.775891    -5.167061            6      5
   -5.646413    -4.775891    -5.167061            6      5
   -2.829495    -5.656997    -5.167061            6      5
   -5.646413    -5.656997    -5.167061            6      5
   -3.797401    -6.624903    -2.350143            6      5
   -4.678507    -6.624903    -2.350143            6      5
   -3.797401    -3.807985    -5.167061            6      5
   -4.678507    -3.807985    -5.167061            6      5
   -3.797401    -6.624903    -5.167061            6      5
   -4.678507    -6.624903    -5.167061            6      5
   -5.045160    -4.409237    -2.067911            6      5
   -3.430747    -6.023650    -2.067911            6      5
   -5.045160    -6.023650    -2.067911            6      5
   -3.430747    -4.409237    -5.449293            6      5
   -5.045160    -4.409237    -5.449293            6      5
   -3.430747    -6.023650    -5.449293            6      5
   -5.045160    -6.023650    -5.449293            6      5
   -3.430747    -6.907134    -2.951395            6      5
   -5.045160    -6.907134    -2.951395            6      5
   -3.430747    -3.525753    -4.565808            6      5
   -5.045160    -3.525753    -4.565808            6      5
   -3.430747    -6.907134    -4.565808            6      5
   -5.045160    -6.907134    -4.565808            6      5
   -5.928645    -4.409237    -2.951395            6      5
   -2.547263    -6.023650    -2.951395            6      5
   -5.928645    -6.023650    -2.951395            6      5
   -2.547263    -4.409237    -4.565808            6      5
   -5.928645    -4.409237    -4.565808            6      5
   -2.547263    -6.023650    -4.565808            6      5
   -5.928645    -6.023650    -4.565808            6      5
   -5.213827    -3.424999    -3.758602            6      5
   -3.262081    -7.007888    -3.758602            6      5
   -5.213827    -7.007888    -3.758602            6      5
   -6.029398    -4.240571    -3.758602            6      5
   -2.446510    -6.192316    -3.758602            6      5
   -6.029398    -6.192316    -3.758602            6      5
   -5.213827    -5.216444    -1.967158            6      5
   -3.262081    -5.216444    -5.550046            6      5
   -5.213827    -5.216444    -5.550046            6      5
   -6.029398    -5.216444    -2.782729            6      5
   -2.446510    -5.216444    -4.734475            6      5
   -6.029398    -5.216444    -4.734475            6      5
   -4.237954    -6.192316    -1.967158            6      5
   -4.237954    -4.240571    -5.550046            6      5
   -4.237954    -6.192316    -5.550046            6      5
   -4.237954    -7.007888    -2.782729            6      5
   -4.237954    -3.424999    -4.734475            6      5
   -4.237954    -7.007888    -4.734475            6      5
   -1.192743    -3.907483    -3.564476            1      6
   -2.512743    -2.587483    -3.564476            1      6
   -2.512743    -3.907483    -4.884476            1      6
   -1.750641    -3.145381    -2.802373            1      6
   -1.750641    -4.669585    -2.802373            1      6
   -1.750641    -3.145381    -4.326578            1      6
   -3.274845    -3.145381    -4.326578            1      6
   -1.750641    -4.669585    -4.326578            1      6
   -2.268390    -3.663130    -4.838439            1      6
   -2.757096    -3.663130    -4.838439            1      6
   -2.268390    -4.151836    -4.838439            1      6
   -2.757096    -4.151836    -4.838439            1      6
   -2.268390    -2.633519    -3.320123            1      6
   -2.268390    -2.633519    -3.808828            1      6
   -2.757096    -2.633519    -3.808828            1      6
   -1.238779    -3.663130    -3.320123            1      6
   -1.238779    -4.151836    -3.320123            1      6
   -1.238779    -3.663130    -3.808828            1      6
   -1.238779    -4.151836    -3.808828            1      6
   -1.601387    -2.996127    -3.279412            1      6
   -1.601387    -4.818839    -3.279412            1      6
   -1.601387    -2.996127    -3.849539            1      6
   -1.601387    -4.818839    -3.849539            1      6
   -1.601387    -3.622419    -2.653120            1      6
   -1.601387    -4.192547    -2.653120            1      6
   -1.601387    -3.622419    -4.475831            1      6
   -1.601387    -4.192547    -4.475831            1      6
   -2.227679    -2.996127    -4.475831            1      6
   -2.797807    -2.996127    -4.475831            1      6
   -2.227679    -4.818839    -4.475831            1      6
   -1.990433    -3.385173    -2.470499            1      6
   -1.990433    -3.385173    -4.658452            1      6
   -3.035053    -3.385173    -4.658452            1      6
   -1.990433    -4.429793    -4.658452            1      6
   -1.990433    -2.813507    -3.042165            1      6
   -1.990433    -2.813507    -4.086786            1      6
   -3.035053    -2.813507    -4.086786            1      6
   -1.990433    -5.001459    -4.086786            1      6
   -1.418767    -3.385173    -3.042165            1      6
   -1.418767    -4.429793    -3.042165            1      6
   -1.418767    -3.385173    -4.086786            1      6
   -1.418767    -4.429793    -4.086786            1      6
   -1.881296    -2.748313    -3.564476            1      6
   -1.881296    -5.066653    -3.564476            1      6
   -1.353573    -3.276036    -3.564476            1      6
   -1.353573    -4.538930    -3.564476            1      6
   -1.881296    -3.907483    -4.723645            1      6
   -3.144190    -3.907483    -4.723645            1      6
   -1.353573    -3.907483    -2.933028            1      6
   -1.353573    -3.907483    -4.195923            1      6
   -2.512743    -3.276036    -4.723645            1      6
   -2.512743    -4.538930    -4.723645            1      6
   -2.512743    -2.748313    -4.195923            1      6
   -1.680582    -4.684822    -2.051382            1      7
   -3.000582    -6.004822    -2.051382            1      7
   -3.000582    -4.684822    -0.731382            1      7
   -2.238480    -3.922720    -1.289279            1      7
   -2.238480    -5.446925    -1.289279            1      7
   -3.762685    -5.446925    -1.289279            1      7
   -2.238480    -5.446925    -2.813484            1      7
   -2.756230    -4.440470    -0.777418            1      7
   -3.244935    -4.440470    -0.777418            1      7
   -2.756230    -4.929175    -0.777418            1      7
   -3.244935    -4.929175    -0.777418            1      7
   -2.756230    -5.958786    -1.807029            1      7
   -3.244935    -5.958786    -1.807029            1      7
   -2.756230    -5.958786    -2.295734            1      7
   -3.244935    -5.958786    -2.295734            1      7
   -1.726618    -4.440470    -1.807029            1      7
   -1.726618    -4.929175    -1.807029            1      7
   -1.726618    -4.440470    -2.295734            1      7
   -1.726618    -4.929175    -2.295734            1      7
   -2.089226    -3.773466    -1.766318            1      7
   -2.089226    -5.596178    -1.766318            1      7
   -3.911938    -5.596178    -1.766318            1      7
   -2.089226    -5.596178    -2.336445            1      7
   -2.089226    -4.399759    -1.140026            1      7
   -3.911938    -4.399759    -1.140026            1      7
   -2.089226    -4.969886    -1.140026            1      7
   -3.911938    -4.969886    -1.140026            1      7
   -2.715519    -3.773466    -1.140026            1      7
   -3.285646    -3.773466    -1.140026            1      7
   -2.715519    -5.596178    -1.140026            1      7
   -3.285646    -5.596178    -1.140026            1      7
   -2.478272    -4.162512    -0.957405            1      7
   -3.522892    -4.162512    -0.957405            1      7
   -2.478272    -5.207132    -0.957405            1      7
   -3.522892    -5.207132    -0.957405            1      7
   -2.478272    -3.590846    -1.529071            1      7
   -2.478272    -5.778799    -1.529071            1      7
   -3.522892    -5.778799    -1.529071            1      7
   -2.478272    -5.778799    -2.573692            1      7
   -1.906606    -4.162512    -1.529071            1      7
   -1.906606    -5.207132    -1.529071            1      7
   -4.094559    -5.207132    -1.529071            1      7
   -1.906606    -5.207132    -2.573692            1      7
   -2.369135    -5.843992    -2.051382            1      7
   -3.632029    -5.843992    -2.051382            1      7
   -1.841412    -4.053375    -2.051382            1      7
   -1.841412    -5.316269    -2.051382            1      7
   -2.369135    -4.684822    -0.892212            1      7
   -3.632029    -4.684822    -0.892212            1      7
   -1.841412    -4.684822    -1.419934            1      7
   -4.159752    -4.684822    -1.419934            1      7
   -3.000582    -4.053375    -0.892212            1      7
   -3.000582    -5.316269    -0.892212            1      7
   -3.000582    -5.843992    -1.419934            1      7
   -5.929736    -4.769213    -4.694808            1      8
   -4.609736    -3.449213    -4.694808            1      8
   -4.609736    -4.769213    -6.014808            1      8
   -3.847633    -4.007111    -5.456910            1      8
   -5.371838    -4.007111    -5.456910            1      8
   -3.847633    -5.531316    -5.456910            1      8
   -5.371838    -5.531316    -5.456910            1      8
   -4.365383    -4.524861    -5.968771            1      8
   -4.854088    -4.524861    -5.968771            1      8
   -4.365383    -5.013566    -5.968771            1      8
   -4.854088    -5.013566    -5.968771            1      8
   -4.365383    -3.495250    -4.450455            1      8
   -4.854088    -3.495250    -4.450455            1      8
   -4.365383    -3.495250    -4.939160            1      8
   -4.854088    -3.495250    -4.939160            1      8
   -5.883700    -4.524861    -4.450455            1      8
   -5.883700    -5.013566    -4.450455            1      8
   -5.883700    -4.524861    -4.939160            1      8
   -5.883700    -5.013566    -4.939160            1      8
   -5.521092    -3.857857    -4.409744            1      8
   -3.698380    -3.857857    -4.979871            1      8
   -5.521092    -3.857857    -4.979871            1      8
   -5.521092    -5.680569    -4.979871            1      8
   -3.698380    -4.484150    -5.606163            1      8
   -5.521092    -4.484150    -5.606163            1      8
   -3.698380    -5.054277    -5.606163            1      8
   -5.521092    -5.054277    -5.606163            1      8
   -4.324672    -3.857857    -5.606163            1      8
   -4.894799    -3.857857    -5.606163            1      8
   -4.324672    -5.680569    -5.606163            1      8
   -4.894799    -5.680569    -5.606163            1      8
   -4.087426    -4.246903    -5.788784            1      8
   -5.132046    -4.246903    -5.788784            1      8
   -4.087426    -5.291523    -5.788784            1      8
   -5.132046    -5.291523    -5.788784            1      8
   -5.132046    -3.675237    -4.172498            1      8
   -4.087426    -3.675237    -5.217118            1      8
   -5.132046    -3.675237    -5.217118            1      8
   -5.132046    -5.863190    -5.217118            1      8
   -5.703712    -4.246903    -4.172498            1      8
   -3.515759    -4.246903    -5.217118            1      8
   -5.703712    -4.246903    -5.217118            1      8
   -5.703712    -5.291523    -5.217118            1      8
   -3.978289    -3.610043    -4.694808            1      8
   -5.241183    -3.610043    -4.694808            1      8
   -5.768906    -4.137766    -4.694808            1      8
   -5.768906    -5.400660    -4.694808            1      8
   -3.978289    -4.769213    -5.853977            1      8
   -5.241183    -4.769213    -5.853977            1      8
   -3.450566    -4.769213    -5.326255            1      8
   -5.768906    -4.769213    -5.326255            1      8
   -4.609736    -4.137766    -5.853977            1      8
   -4.609736    -5.400660    -5.853977            1      8
   -4.609736    -3.610043    -5.326255            1      8
   -4.609736    -5.928383    -5.326255            1      8
   -2.352167    -6.121547    -4.026696            1      9
   -3.672167    -7.441547    -4.026696            1      9
   -3.672167    -6.121547    -5.346696            1      9
   -2.910065    -6.883650    -3.264593            1      9
   -4.434270    -6.883650    -3.264593            1      9
   -2.910065    -6.883650    -4.788798            1      9
   -4.434270    -6.883650    -4.788798            1      9
   -3.427815    -6.365900    -2.752732            1      9
   -3.427815    -5.877195    -5.300659            1      9
   -3.427815    -6.365900    -5.300659            1      9
   -3.916520    -6.365900    -5.300659            1      9
   -3.427815    -7.395511    -3.782343            1      9
   -3.916520    -7.395511    -3.782343            1      9
   -3.427815    -7.395511    -4.271048            1      9
   -3.916520    -7.395511    -4.271048            1      9
   -2.398204    -5.877195    -3.782343            1      9
   -2.398204    -6.365900    -3.782343            1      9
   -2.398204    -5.877195    -4.271048            1      9
   -2.398204    -6.365900    -4.271048            1      9
   -2.760812    -7.032903    -3.741632            1      9
   -4.583523    -7.032903    -3.741632            1      9
   -2.760812    -7.032903    -4.311759            1      9
   -4.583523    -7.032903    -4.311759            1      9
   -2.760812    -6.406611    -3.115340            1      9
   -2.760812    -5.836484    -4.938051            1      9
   -2.760812    -6.406611    -4.938051            1      9
   -4.583523    -6.406611    -4.938051            1      9
   -3.387104    -7.032903    -3.115340            1      9
   -3.957231    -7.032903    -3.115340            1      9
   -3.387104    -7.032903    -4.938051            1      9
   -3.957231    -7.032903    -4.938051            1      9
   -3.149857    -6.643857    -2.932719            1      9
   -3.149857    -5.599237    -5.120672            1      9
   -3.149857    -6.643857    -5.120672            1      9
   -4.194477    -6.643857    -5.120672            1      9
   -3.149857    -7.215524    -3.504385            1      9
   -4.194477    -7.215524    -3.504385            1      9
   -3.149857    -7.215524    -4.549006            1      9
   -4.194477    -7.215524    -4.549006            1      9
   -2.578191    -6.643857    -3.504385            1      9
   -2.578191    -5.599237    -4.549006            1      9
   -2.578191    -6.643857    -4.549006            1      9
   -4.766144    -6.643857    -4.549006            1      9
   -3.040720    -7.280717    -4.026696            1      9
   -4.303614    -7.280717    -4.026696            1      9
   -2.512998    -5.490100    -4.026696            1      9
   -2.512998    -6.752994    -4.026696            1      9
   -3.040720    -6.121547    -2.867526            1      9
   -3.040720    -6.121547    -5.185865            1      9
   -2.512998    -6.121547    -3.395248            1      9
   -2.512998    -6.121547    -4.658143            1      9
   -3.672167    -6.752994    -2.867526            1      9
   -3.672167    -6.752994    -5.185865            1      9
   -3.672167    -7.280717    -3.395248            1      9
   -3.672167    -7.280717    -4.658143            1      9
   -6.437537    -5.536373    -3.176503            1     10
   -5.117537    -6.856373    -3.176503            1     10
   -5.117537    -5.536373    -1.856503            1     10
   -5.879639    -4.774270    -2.414401            1     10
   -4.355435    -6.298475    -2.414401            1     10
   -5.879639    -6.298475    -2.414401            1     10
   -5.879639    -4.774270    -3.938606            1     10
   -5.879639    -6.298475    -3.938606            1     10
   -4.873184    -5.292020    -1.902540            1     10
   -5.361890    -5.292020    -1.902540            1     10
   -4.873184    -5.780725    -1.902540            1     10
   -5.361890    -5.780725    -1.902540            1     10
   -4.873184    -6.810336    -2.932151            1     10
   -5.361890    -6.810336    -2.932151            1     10
   -4.873184    -6.810336    -3.420856            1     10
   -5.361890    -6.810336    -3.420856            1     10
   -6.391501    -5.292020    -2.932151            1     10
   -6.391501    -5.780725    -2.932151            1     10
   -6.391501    -5.292020    -3.420856            1     10
   -6.391501    -5.780725    -3.420856            1     10
   -6.028893    -4.625017    -2.891440            1     10
   -6.028893    -6.447728    -2.891440            1     10
   -6.028893    -4.625017    -3.461567            1     10
   -6.028893    -6.447728    -3.461567            1     10
   -6.028893    -5.251309    -2.265147            1     10
   -6.028893    -5.821436    -2.265147            1     10
   -6.028893    -5.251309    -4.087859            1     10
   -6.028893    -5.821436    -4.087859            1     10
   -5.402601    -4.625017    -2.265147            1     10
   -4.832474    -6.447728    -2.265147            1     10
   -5.402601    -6.447728    -2.265147            1     10
   -5.402601    -6.447728    -4.087859            1     10
   -5.639847    -5.014062    -2.082527            1     10
   -4.595227    -6.058683    -2.082527            1     10
   -5.639847    -6.058683    -2.082527            1     10
   -5.639847    -6.058683    -4.270480            1     10
   -5.639847    -4.442396    -2.654193            1     10
   -4.595227    -6.630349    -2.654193            1     10
   -5.639847    -6.630349    -2.654193            1     10
   -5.639847    -6.630349    -3.698813            1     10
   -6.211514    -5.014062    -2.654193            1     10
   -6.211514    -6.058683    -2.654193            1     10
   -6.211514    -5.014062    -3.698813            1     10
   -6.211514    -6.058683    -3.698813            1     10
   -5.748984    -4.377203    -3.176503            1     10
   -5.748984    -6.695542    -3.176503            1     10
   -6.276707    -4.904925    -3.176503            1     10
   -6.276707    -6.167820    -3.176503            1     10
   -4.486090    -5.536373    -2.017333            1     10
   -5.748984    -5.536373    -2.017333            1     10
   -6.276707    -5.536373    -2.545056            1     10
   -6.276707    -5.536373    -3.807950            1     10
   -5.117537    -4.904925    -2.017333            1     10
   -5.117537    -6.167820    -2.017333            1     10
   -5.117537    -6.695542    -2.545056            1     10
   -5.117537    -6.695542    -3.807950            1     10
