$hessian                                                                        
        0.4412463272  -0.0068955137   0.0425122416  -0.1255915531  -0.0445323678
        0.0236140435  -0.0106444155  -0.0058711007  -0.0017132111  -0.0035667746
       -0.0004131038   0.0332662846  -0.0007651038   0.0004482964  -0.0044811462
       -0.0049176665  -0.0083553934   0.0160217715  -0.1225513957  -0.0740860255
       -0.0781844352  -0.1032400406   0.0914655491   0.0459673617  -0.0699693774
        0.0482396594  -0.0770029105
       -0.0068955137   0.4775037792   0.0401709967  -0.0443046222  -0.0771628611
        0.0084242711  -0.0058705797  -0.0082048093   0.0005859694   0.0037105627
        0.0160937394   0.0000983715   0.0009612803  -0.0033396252  -0.0020276010
       -0.0134037190   0.0080497349   0.0069531547  -0.0747795214  -0.1166907760
       -0.0742210707   0.0981804296  -0.1860940831  -0.0806259046   0.0424016834
       -0.1101550987   0.1006418128
        0.0425122416   0.0401709967   0.4926610342   0.0263457837   0.0102657723
       -0.0722847393  -0.0047016966  -0.0018461220   0.0010578484   0.0435868011
        0.0073579720  -0.0542924758  -0.0022365392   0.0002179496   0.0016373916
        0.0002221712  -0.0037258652   0.0037613900  -0.0811765253  -0.0762959609
       -0.1195236060   0.0442183346  -0.0746329570  -0.0727275402  -0.0687705710
        0.0984882144  -0.1802893029
       -0.1255915531  -0.0443046222   0.0263457837   0.3170006784   0.1033709265
       -0.0930492288  -0.0407978127  -0.0463345205   0.0075516622  -0.0724968955
       -0.0062664072   0.0576861509   0.0087064009  -0.0104195758   0.0012738228
       -0.0630800609   0.0139432084  -0.0191957084  -0.0216649625  -0.0135067398
        0.0092151334  -0.0099918093  -0.0005594283   0.0120195792   0.0079160147
        0.0040771589  -0.0018471950
       -0.0445323678  -0.0771628611   0.0102657723   0.1033709265   0.2624459708
        0.1776784578  -0.0423498026  -0.0088787122  -0.0036010278   0.0003433156
       -0.0964284292  -0.1759154485  -0.0126437030   0.0086450926  -0.0201866610
        0.0088325095  -0.0808965567   0.0037927193  -0.0207767954  -0.0094684472
        0.0085144789   0.0168889527   0.0062025945  -0.0112575174  -0.0091330356
       -0.0044586514   0.0107092264
        0.0236140435   0.0084242711  -0.0722847393  -0.0930492288   0.1776784578
        0.8344605272   0.0206713653   0.0074199512  -0.0015021379   0.0776642904
       -0.1602297314  -0.6515019351  -0.0101302486  -0.0297214584  -0.0506367402
       -0.0266667237  -0.0045456435  -0.0408564632  -0.0149867332  -0.0072827672
        0.0101972912   0.0093631362  -0.0001140297  -0.0100223859   0.0135200988
        0.0083709501  -0.0178534168
       -0.0106444155  -0.0058705797  -0.0047016966  -0.0407978127  -0.0423498026
        0.0206713653   0.4065275962   0.2140894874  -0.2529027566   0.0030659588
        0.0013746385  -0.0104793456  -0.0117152890  -0.0147541658   0.0341446710
       -0.3434754580  -0.1508391817   0.2130202911  -0.0040192351  -0.0021786175
        0.0009750590   0.0004309487  -0.0003381386  -0.0001549696   0.0006277068
        0.0008663600  -0.0005726179
       -0.0058711007  -0.0082048093  -0.0018461220  -0.0463345205  -0.0088787122
        0.0074199512   0.2140894874   0.1453451927  -0.1200975503   0.0040970265
       -0.0009409617  -0.0022562903  -0.0065383851   0.0176958730   0.0037880394
       -0.1572010426  -0.1434335843   0.1125187595  -0.0026383610  -0.0016948084
        0.0010204109   0.0007809177   0.0001698623  -0.0003501507  -0.0003840217
       -0.0000580522  -0.0001970476
       -0.0017132111   0.0005859694   0.0010578484   0.0075516622  -0.0036010278
       -0.0015021379  -0.2529027566  -0.1200975503   0.2534731695  -0.0027343366
        0.0039184215   0.0130123899   0.0628856855   0.0255205223  -0.0525176999
        0.1873705510   0.0937322411  -0.2138955465   0.0005344393   0.0006731405
        0.0006354160  -0.0009882793  -0.0000573435  -0.0002035978  -0.0000037545
       -0.0006743732  -0.0000598418
       -0.0035667746   0.0037105627   0.0435868011  -0.0724968955   0.0003433156
        0.0776642904   0.0030659588   0.0040970265  -0.0027343366   0.0694113529
        0.0029172782  -0.1073231589  -0.0015398496  -0.0013970808  -0.0103448954
        0.0090596361  -0.0095101932  -0.0058313523   0.0035280017   0.0028681620
       -0.0016400000  -0.0034857038  -0.0010480542   0.0023083420  -0.0039757259
       -0.0019810168   0.0043143095
       -0.0004131038   0.0160937394   0.0073579720  -0.0062664072  -0.0964284292
       -0.1602297314   0.0013746385  -0.0009409617   0.0039184215   0.0029172782
        0.0763185647   0.1778660323  -0.0008226247  -0.0084904765  -0.0142974945
        0.0021295510   0.0132194681  -0.0175722399   0.0034845116   0.0008645983
        0.0000273962  -0.0027244589  -0.0001404411   0.0029738539   0.0003206154
       -0.0004960621  -0.0000442101
        0.0332662846   0.0000983715  -0.0542924758   0.0576861509  -0.1759154485
       -0.6515019351  -0.0104793456  -0.0022562903   0.0130123899  -0.1073231589
        0.1778660323   0.7356951619  -0.0057558731  -0.0089889970  -0.0218774046
        0.0239993327   0.0038738326  -0.0186663911   0.0000702060   0.0009619554
        0.0018338405   0.0046349804   0.0028309252  -0.0029018121   0.0039014231
        0.0015296188  -0.0013013737
       -0.0007651038   0.0009612803  -0.0022365392   0.0087064009  -0.0126437030
       -0.0101302486  -0.0117152890  -0.0065383851   0.0628856855  -0.0015398496
       -0.0008226247  -0.0057558731   0.1029920143   0.0179556311  -0.1449141452
       -0.0991440110   0.0012842720   0.1024830054   0.0009004516   0.0002629526
       -0.0013471016   0.0010180611  -0.0011356177  -0.0002666089  -0.0004526745
        0.0006761945  -0.0007181741
        0.0004482964  -0.0033396252   0.0002179496  -0.0104195758   0.0086450926
       -0.0297214584  -0.0147541658   0.0176958730   0.0255205223  -0.0013970808
       -0.0084904765  -0.0089889970   0.0179556311   0.0550826592   0.0718493604
        0.0084961593  -0.0693788396  -0.0573137225   0.0004762992  -0.0000622802
       -0.0006833565  -0.0002332420  -0.0003845638  -0.0003367963  -0.0005723215
        0.0002321603  -0.0005435016
       -0.0044811462  -0.0020276010   0.0016373916   0.0012738228  -0.0201866610
       -0.0506367402   0.0341446710   0.0037880394  -0.0525176999  -0.0103448954
       -0.0142974945  -0.0218774046  -0.1449141452   0.0718493604   0.6331670370
        0.1271405552  -0.0373944509  -0.5105966995  -0.0009341752  -0.0003428454
        0.0006971019  -0.0017824888   0.0006472441  -0.0003418114  -0.0001021982
       -0.0020355911   0.0004688251
       -0.0049176665  -0.0134037190   0.0002221712  -0.0630800609   0.0088325095
       -0.0266667237  -0.3434754580  -0.1572010426   0.1873705510   0.0090596361
        0.0021295510   0.0239993327  -0.0991440110   0.0084961593   0.1271405552
        0.5017493345   0.1521388141  -0.3146902362   0.0013527377   0.0000987877
        0.0016746904  -0.0003539823   0.0005484125  -0.0002642614  -0.0011905296
       -0.0016394724   0.0012139207
       -0.0083553934   0.0080497349  -0.0037258652   0.0139432084  -0.0808965567
       -0.0045456435  -0.1508391817  -0.1434335843   0.0937322411  -0.0095101932
        0.0132194681   0.0038738326   0.0012842720  -0.0693788396  -0.0373944509
        0.1521388141   0.2693982210  -0.0520475045   0.0014287467   0.0025015702
       -0.0003886955  -0.0014074993  -0.0004666503   0.0010201106   0.0013172264
        0.0010066368  -0.0005240247
        0.0160217715   0.0069531547   0.0037613900  -0.0191957084   0.0037927193
       -0.0408564632   0.2130202911   0.1125187595  -0.2138955465  -0.0058313523
       -0.0175722399  -0.0186663911   0.1024830054  -0.0573137225  -0.5105966995
       -0.3146902362  -0.0520475045   0.7833200598   0.0051244172   0.0017948673
       -0.0032208943   0.0033283584  -0.0004966718   0.0002994797  -0.0002605467
        0.0023706380  -0.0001449350
       -0.1225513957  -0.0747795214  -0.0811765253  -0.0216649625  -0.0207767954
       -0.0149867332  -0.0040192351  -0.0026383610   0.0005344393   0.0035280017
        0.0034845116   0.0000702060   0.0009004516   0.0004762992  -0.0009341752
        0.0013527377   0.0014287467   0.0051244172   0.1422772238   0.0913457390
        0.0930343543   0.0087231260   0.0081910350   0.0081843258  -0.0085459475
       -0.0067316538  -0.0098503088
       -0.0740860255  -0.1166907760  -0.0762959609  -0.0135067398  -0.0094684472
       -0.0072827672  -0.0021786175  -0.0016948084   0.0006731405   0.0028681620
        0.0008645983   0.0009619554   0.0002629526  -0.0000622802  -0.0003428454
        0.0000987877   0.0025015702   0.0017948673   0.0913457390   0.1325575015
        0.0879149262  -0.0143407685  -0.0168492771  -0.0166659469   0.0095365099
        0.0088419188   0.0092426310
       -0.0781844352  -0.0742210707  -0.1195236060   0.0092151334   0.0085144789
        0.0101972912   0.0009750590   0.0010204109   0.0006354160  -0.0016400000
        0.0000273962   0.0018338405  -0.0013471016  -0.0006833565   0.0006971019
        0.0016746904  -0.0003886955  -0.0032208943   0.0930343543   0.0879149262
        0.1345381958  -0.0073821473  -0.0088120725  -0.0083922550  -0.0163455530
       -0.0133720169  -0.0167650901
       -0.1032400406   0.0981804296   0.0442183346  -0.0099918093   0.0168889527
        0.0093631362   0.0004309487   0.0007809177  -0.0009882793  -0.0034857038
       -0.0027244589   0.0046349804   0.0010180611  -0.0002332420  -0.0017824888
       -0.0003539823  -0.0014074993   0.0033283584   0.0087231260  -0.0143407685
       -0.0073821473   0.1137099825  -0.1103929274  -0.0540478936  -0.0068105822
        0.0132485961   0.0026559994
        0.0914655491  -0.1860940831  -0.0746329570  -0.0005594283   0.0062025945
       -0.0001140297  -0.0003381386   0.0001698623  -0.0000573435  -0.0010480542
       -0.0001404411   0.0028309252  -0.0011356177  -0.0003845638   0.0006472441
        0.0005484125  -0.0004666503  -0.0004966718   0.0081910350  -0.0168492771
       -0.0088120725  -0.1103929274   0.2157707272   0.0858497308   0.0132691696
       -0.0182081686  -0.0052148256
        0.0459673617  -0.0806259046  -0.0727275402   0.0120195792  -0.0112575174
       -0.0100223859  -0.0001549696  -0.0003501507  -0.0002035978   0.0023083420
        0.0029738539  -0.0029018121  -0.0002666089  -0.0003367963  -0.0003418114
       -0.0002642614   0.0010201106   0.0002994797   0.0081843258  -0.0166659469
       -0.0083922550  -0.0540478936   0.0858497308   0.0857864498  -0.0137458752
        0.0193926206   0.0085034728
       -0.0699693774   0.0424016834  -0.0687705710   0.0079160147  -0.0091330356
        0.0135200988   0.0006277068  -0.0003840217  -0.0000037545  -0.0039757259
        0.0003206154   0.0039014231  -0.0004526745  -0.0005723215  -0.0001021982
       -0.0011905296   0.0013172264  -0.0002605467  -0.0085459475   0.0095365099
       -0.0163455530  -0.0068105822   0.0132691696  -0.0137458752   0.0824011157
       -0.0567558258   0.0818069766
        0.0482396594  -0.1101550987   0.0984882144   0.0040771589  -0.0044586514
        0.0083709501   0.0008663600  -0.0000580522  -0.0006743732  -0.0019810168
       -0.0004960621   0.0015296188   0.0006761945   0.0002321603  -0.0020355911
       -0.0016394724   0.0010066368   0.0023706380  -0.0067316538   0.0088419188
       -0.0133720169   0.0132485961  -0.0182081686   0.0193926206  -0.0567558258
        0.1232953170  -0.1140700607
       -0.0770029105   0.1006418128  -0.1802893029  -0.0018471950   0.0107092264
       -0.0178534168  -0.0005726179  -0.0001970476  -0.0000598418   0.0043143095
       -0.0000442101  -0.0013013737  -0.0007181741  -0.0005435016   0.0004688251
        0.0012139207  -0.0005240247  -0.0001449350  -0.0098503088   0.0092426310
       -0.0167650901   0.0026559994  -0.0052148256   0.0085034728   0.0818069766
       -0.1140700607   0.2074416626
