$hessian                                                                        
        0.4469608339  -0.0515331152   0.0163922117  -0.1331331433  -0.0348716748
        0.0057063099  -0.0461069532  -0.0132484960  -0.0012216864   0.0001093152
       -0.0171039344   0.0064222726  -0.1417854259   0.0888825051   0.0765731113
       -0.0671206117  -0.0167923361  -0.0753204379  -0.0516694949   0.0440370499
       -0.0255890488  -0.0072545202   0.0006300015  -0.0029627325
       -0.0515331152   0.5022847649  -0.0180294639  -0.0385193118  -0.0857221392
        0.0025271391   0.0021543385   0.0083161802  -0.0024719104  -0.0336858146
       -0.0422630018   0.0190107658   0.0926517160  -0.1188613730  -0.0646952248
       -0.0181374479  -0.0534787267  -0.0442534256   0.0441926051  -0.2122588701
        0.1030753323   0.0028770299   0.0019831657   0.0048367876
        0.0163922117  -0.0180294639   0.4936682554   0.0085796283   0.0035605423
       -0.0674423209  -0.0081949041  -0.0044709324   0.0028052399   0.0139870227
        0.0216370963   0.0034644906   0.0803349787  -0.0636786280  -0.0984002849
       -0.0816404588  -0.0468595025  -0.2367801235  -0.0255573480   0.1034459039
       -0.1060306515  -0.0039011305   0.0043949844   0.0087153950
       -0.1331331433  -0.0385193118   0.0085796283   0.6223268932  -0.1081698654
        0.1138259887  -0.3534341798   0.1158714710  -0.0955696975  -0.0730995307
        0.0172216342  -0.0100153250  -0.0216468499  -0.0076333493   0.0036275262
       -0.0124771280  -0.0066207850  -0.0027157181   0.0077960638   0.0038221543
       -0.0011355694  -0.0363321253   0.0240280520  -0.0165968332
       -0.0348716748  -0.0857221392   0.0035605423  -0.1081698654   0.6311315012
       -0.2185395162   0.1696232291  -0.1633286076   0.0735431790   0.0126051180
       -0.3755662130   0.1454572769   0.0145537393   0.0088040844  -0.0036555434
       -0.0071078854  -0.0024008774  -0.0003370975  -0.0172628339  -0.0166688317
        0.0053651449  -0.0293698268   0.0037510833  -0.0053939859
        0.0057063099   0.0025271391  -0.0674423209   0.1138259887  -0.2185395162
        0.2978876915  -0.1201193303   0.0656482001  -0.1032078839  -0.0078795157
        0.1462092190  -0.1254636882   0.0133297741   0.0070490385  -0.0011984332
       -0.0239197156  -0.0151716218   0.0009999954   0.0112609425   0.0098482087
       -0.0029984475   0.0077955464   0.0024293326   0.0014230868
       -0.0461069532   0.0021543385  -0.0081949041  -0.3534341798   0.1696232291
       -0.1201193303   0.6441439972  -0.0274507909   0.0980775162  -0.0082809044
        0.0312149617  -0.0195087333  -0.0043764906  -0.0018958375   0.0004446730
       -0.0032002700  -0.0014451166  -0.0002913539   0.0001582783   0.0011961196
        0.0001026520  -0.2289034775  -0.1733969039   0.0494894804
       -0.0132484960   0.0083161802  -0.0044709324   0.1158714710  -0.1633286076
        0.0656482001  -0.0274507909   0.3720264063  -0.1483335784   0.0546901314
       -0.0593362478   0.0476809910  -0.0026556033  -0.0004177746   0.0003450323
       -0.0023868060  -0.0009967641  -0.0001992079   0.0006105349   0.0012883969
       -0.0013447064  -0.1254304412  -0.1575515893   0.0406742018
       -0.0012216864  -0.0024719104   0.0028052399  -0.0955696975   0.0735431790
       -0.1032078839   0.0980775162  -0.1483335784   0.1349064864  -0.0301123041
        0.0442519949   0.0040458615   0.0011389676   0.0005272107  -0.0000054585
        0.0001187693  -0.0000597890   0.0004671145   0.0000340157  -0.0012180476
       -0.0003258563   0.0275344192   0.0337609408  -0.0386855036
        0.0001093152  -0.0336858146   0.0139870227  -0.0730995307   0.0126051180
       -0.0078795157  -0.0082809044   0.0546901314  -0.0301123041   0.0808935152
       -0.0269037912   0.0204405353   0.0017837902   0.0002498305  -0.0008353652
        0.0004458802   0.0004225035   0.0004919313  -0.0057241448  -0.0062315564
        0.0017938505   0.0038720791  -0.0011464212   0.0021138452
       -0.0171039344  -0.0422630018   0.0216370963   0.0172216342  -0.3755662130
        0.1462092190   0.0312149617  -0.0593362478   0.0442519949  -0.0269037912
        0.4758741733  -0.2086877657  -0.0001929935   0.0004976564   0.0012268317
        0.0008835879  -0.0001973838  -0.0007092044  -0.0075878327  -0.0052717767
        0.0018460627   0.0024683680   0.0062627934  -0.0057742346
        0.0064222726   0.0190107658   0.0034644906  -0.0100153250   0.1454572769
       -0.1254636882  -0.0195087333   0.0476809910   0.0040458615   0.0204405353
       -0.2086877657   0.1210565681  -0.0012810101  -0.0008368537  -0.0001411855
        0.0012186986   0.0016043773   0.0006979223   0.0022011568   0.0020212351
        0.0007006716   0.0005224051  -0.0062500267  -0.0043606404
       -0.1417854259   0.0926517160   0.0803349787  -0.0216468499   0.0145537393
        0.0133297741  -0.0043764906  -0.0026556033   0.0011389676   0.0017837902
       -0.0001929935  -0.0012810101   0.1660636684  -0.1046630424  -0.0898828314
        0.0071386454  -0.0050516537  -0.0047042715  -0.0054157545   0.0063659706
        0.0033129518  -0.0017615831  -0.0010081329  -0.0022485593
        0.0888825051  -0.1188613730  -0.0636786280  -0.0076333493   0.0088040844
        0.0070490385  -0.0018958375  -0.0004177746   0.0005272107   0.0002498305
        0.0004976564  -0.0008368537  -0.1046630424   0.1349101489   0.0775644152
        0.0058312100  -0.0053636390  -0.0066718163   0.0197620292  -0.0193625907
       -0.0130954393  -0.0005333456  -0.0002065124  -0.0008579271
        0.0765731113  -0.0646952248  -0.0984002849   0.0036275262  -0.0036555434
       -0.0011984332   0.0004446730   0.0003450323  -0.0000054585  -0.0008353652
        0.0012268317  -0.0001411855  -0.0898828314   0.0775644152   0.1126073125
        0.0201727573  -0.0200683605  -0.0204896015  -0.0102265752   0.0092624847
        0.0073483436   0.0001267038   0.0000203649   0.0002793075
       -0.0671206117  -0.0181374479  -0.0816404588  -0.0124771280  -0.0071078854
       -0.0239197156  -0.0032002700  -0.0023868060   0.0001187693   0.0004458802
        0.0008835879   0.0012186986   0.0071386454   0.0058312100   0.0201727573
        0.0796268337   0.0203849873   0.0897911880  -0.0025119783  -0.0003695263
       -0.0076135830  -0.0019013713   0.0009018803   0.0018723441
       -0.0167923361  -0.0534787267  -0.0468595025  -0.0066207850  -0.0024008774
       -0.0151716218  -0.0014451166  -0.0009967641  -0.0000597890   0.0004225035
       -0.0001973838   0.0016043773  -0.0050516537  -0.0053636390  -0.0200683605
        0.0203849873   0.0576287419   0.0539916993   0.0099271465   0.0043240620
        0.0258048142  -0.0008247459   0.0004845873   0.0007583830
       -0.0753204379  -0.0442534256  -0.2367801235  -0.0027157181  -0.0003370975
        0.0009999954  -0.0002913539  -0.0001992079   0.0004671145   0.0004919313
       -0.0007092044   0.0006979223  -0.0047042715  -0.0066718163  -0.0204896015
        0.0897911880   0.0539916993   0.2743675981  -0.0071174668  -0.0017834926
       -0.0193813018  -0.0001338711  -0.0000374549   0.0001183965
       -0.0516694949   0.0441926051  -0.0255573480   0.0077960638  -0.0172628339
        0.0112609425   0.0001582783   0.0006105349   0.0000340157  -0.0057241448
       -0.0075878327   0.0022011568  -0.0054157545   0.0197620292  -0.0102265752
       -0.0025119783   0.0099271465  -0.0071174668   0.0568734024  -0.0495702374
        0.0294442196   0.0004936280  -0.0000714116  -0.0000389447
        0.0440370499  -0.2122588701   0.1034459039   0.0038221543  -0.0166688317
        0.0098482087   0.0011961196   0.0012883969  -0.0012180476  -0.0062315564
       -0.0052717767   0.0020212351   0.0063659706  -0.0193625907   0.0092624847
       -0.0003695263   0.0043240620  -0.0017834926  -0.0495702374   0.2472838447
       -0.1214316812   0.0007500257   0.0006657656  -0.0001446109
       -0.0255890488   0.1030753323  -0.1060306515  -0.0011355694   0.0053651449
       -0.0029984475   0.0001026520  -0.0013447064  -0.0003258563   0.0017938505
        0.0018460627   0.0007006716   0.0033129518  -0.0130954393   0.0073483436
       -0.0076135830   0.0258048142  -0.0193813018   0.0294442196  -0.1214316812
        0.1204551174  -0.0003154728  -0.0002195271   0.0002321245
       -0.0072545202   0.0028770299  -0.0039011305  -0.0363321253  -0.0293698268
        0.0077955464  -0.2289034775  -0.1254304412   0.0275344192   0.0038720791
        0.0024683680   0.0005224051  -0.0017615831  -0.0005333456   0.0001267038
       -0.0019013713  -0.0008247459  -0.0001338711   0.0004936280   0.0007500257
       -0.0003154728   0.2717873703   0.1500629359  -0.0316286001
        0.0006300015   0.0019831657   0.0043949844   0.0240280520   0.0037510833
        0.0024293326  -0.1733969039  -0.1575515893   0.0337609408  -0.0011464212
        0.0062627934  -0.0062500267  -0.0010081329  -0.0002065124   0.0000203649
        0.0009018803   0.0004845873  -0.0000374549  -0.0000714116   0.0006657656
       -0.0002195271   0.1500629359   0.1446107063  -0.0340986139
       -0.0029627325   0.0048367876   0.0087153950  -0.0165968332  -0.0053939859
        0.0014230868   0.0494894804   0.0406742018  -0.0386855036   0.0021138452
       -0.0057742346  -0.0043606404  -0.0022485593  -0.0008579271   0.0002793075
        0.0018723441   0.0007583830   0.0001183965  -0.0000389447  -0.0001446109
        0.0002321245  -0.0316286001  -0.0340986139   0.0322778337
