$hessian                                                                        
        0.0971456952   0.0961583014  -0.0760749765  -0.0997543540  -0.0538788833
        0.0435766184  -0.0175017212  -0.0356244777   0.0247669746   0.0167188001
       -0.0006306417  -0.0095106512   0.0070941243  -0.0011433407   0.0152885481
        0.0024090985   0.0010465535   0.0004083307  -0.0098210164  -0.0062028292
        0.0016493107   0.0037093733   0.0002753176  -0.0001041549
        0.0961583014   0.2957445606  -0.1914847348  -0.0616638154  -0.2180416403
        0.1086451886  -0.0296494879  -0.0221627965   0.0156088632   0.0025162758
       -0.0627351780   0.0286901066  -0.0018504963   0.0060240909   0.0387529536
        0.0013224775   0.0001054420  -0.0006718767  -0.0050350749  -0.0008919515
       -0.0000971397  -0.0017981802   0.0019574727   0.0005566393
       -0.0760749765  -0.1914847348   0.2098984244   0.0510468227   0.1117055241
       -0.1662742830   0.0190362300   0.0132358852   0.0010978116  -0.0097385888
        0.0307524236   0.0051122598   0.0131851286   0.0357530296  -0.0540163596
        0.0017759001   0.0014527996   0.0027552551   0.0005304842  -0.0005615381
        0.0018128925   0.0002389996  -0.0008533892  -0.0003860008
       -0.0997543540  -0.0616638154   0.0510468227   0.3254123326   0.0384802455
       -0.0319069753  -0.0900859895  -0.0004142165  -0.0122780345  -0.0664510332
        0.0289455502   0.0112838636  -0.0451025820  -0.0026643572  -0.0138281510
       -0.0042199518  -0.0016212314  -0.0027428625  -0.0015833278  -0.0002674333
       -0.0003745673  -0.0182150943  -0.0007947418  -0.0012000958
       -0.0538788833  -0.2180416403   0.1117055241   0.0384802455   0.3936524593
       -0.0622190478   0.0017704013  -0.0540759670  -0.0030849625   0.0183233105
       -0.0568981957  -0.0132302325  -0.0018574639  -0.0573266788  -0.0328531914
       -0.0073873124  -0.0015069912  -0.0021945079  -0.0192630041  -0.0089210383
        0.0009636479   0.0238127064   0.0031180519   0.0009127702
        0.0435766184   0.1086451886  -0.1662742830  -0.0319069753  -0.0622190478
        0.3599125860  -0.0143599050  -0.0038922676  -0.0598502433   0.0139209953
       -0.0207111603  -0.0524989304  -0.0070804359  -0.0215447311  -0.0734233640
       -0.0260872675  -0.0096917204  -0.0080547844   0.0178216812   0.0084533145
       -0.0010562758   0.0041152889   0.0009604240   0.0012452949
       -0.0175017212  -0.0296494879   0.0190362300  -0.0900859895   0.0017704013
       -0.0143599050   0.3652895636  -0.0443459151  -0.0127018806  -0.0316472870
        0.0066750891  -0.0044596971  -0.0123534826  -0.0029894973  -0.0111986595
       -0.0453697478  -0.0084151558  -0.0282110127  -0.0476168868  -0.0279625269
        0.0257748162  -0.1207144487   0.1049170927   0.0261201086
       -0.0356244777  -0.0221627965   0.0132358852  -0.0004142165  -0.0540759670
       -0.0038922676  -0.0443459151   0.4933313277  -0.0058648096   0.0239116190
        0.0012904705   0.0023333347  -0.0118436410  -0.0021259223  -0.0093618203
       -0.0097532383  -0.0663993544  -0.0641299839  -0.0314345514  -0.1636450672
        0.1011961513   0.1095044210  -0.1862126909  -0.0335164898
        0.0247669746   0.0156088632   0.0010978116  -0.0122780345  -0.0030849625
       -0.0598502433  -0.0127018806  -0.0058648096   0.5059029629   0.0060806081
       -0.0016251599   0.0016328838  -0.0297929340  -0.0086764093  -0.0142056682
       -0.0327145115  -0.0650469181  -0.2489284821   0.0290991776   0.1025354235
       -0.1318232903   0.0275406002  -0.0338460274  -0.0538259744
        0.0167188001   0.0025162758  -0.0097385888  -0.0664510332   0.0183233105
        0.0139209953  -0.0316472870   0.0239116190   0.0060806081   0.0882004548
       -0.0457903087  -0.0136717837   0.0005813629   0.0014007481   0.0036375713
        0.0012400901   0.0006035772   0.0001955889   0.0002101528   0.0000510168
        0.0006267239  -0.0088525405  -0.0010162387  -0.0010511150
       -0.0006306417  -0.0627351780   0.0307524236   0.0289455502  -0.0568981957
       -0.0207111603   0.0066750891   0.0012904705  -0.0016251599  -0.0457903087
        0.1290451386   0.0103968316   0.0110271262  -0.0142647731  -0.0189224874
       -0.0002429819   0.0001887583   0.0009070220   0.0009140609   0.0017606685
       -0.0012036564  -0.0008978941   0.0016131110   0.0004061869
       -0.0095106512   0.0286901066   0.0051122598   0.0112838636  -0.0132302325
       -0.0524989304  -0.0044596971   0.0023333347   0.0016328838  -0.0136717837
        0.0103968316   0.0589472636   0.0177497355  -0.0287925203  -0.0146600685
       -0.0003886711   0.0006439444   0.0005662154   0.0002595974  -0.0003441254
        0.0000708385  -0.0012623936   0.0003026609   0.0008295378
        0.0070941243  -0.0018504963   0.0131851286  -0.0451025820  -0.0018574639
       -0.0070804359  -0.0123534826  -0.0118436410  -0.0297929340   0.0005813629
        0.0110271262   0.0177497355   0.0550508492   0.0072635865   0.0096631045
       -0.0072988343  -0.0026517992  -0.0030253613   0.0007629483   0.0001715749
       -0.0002705427   0.0012656142  -0.0002588872  -0.0004286947
       -0.0011433407   0.0060240909   0.0357530296  -0.0026643572  -0.0573266788
       -0.0215447311  -0.0029894973  -0.0021259223  -0.0086764093   0.0014007481
       -0.0142647731  -0.0287925203   0.0072635865   0.0669125107   0.0235950933
       -0.0024221098   0.0001875313  -0.0004252711   0.0001549278   0.0000229637
       -0.0005212399   0.0004000426   0.0005702776   0.0006120487
        0.0152885481   0.0387529536  -0.0540163596  -0.0138281510  -0.0328531914
       -0.0734233640  -0.0111986595  -0.0093618203  -0.0142056682   0.0036375713
       -0.0189224874  -0.0146600685   0.0096631045   0.0235950933   0.1541583997
       -0.0031566724  -0.0004561683   0.0007165953  -0.0007177523  -0.0017109239
        0.0012613337   0.0003120113   0.0009565445   0.0001691317
        0.0024090985   0.0013224775   0.0017759001  -0.0042199518  -0.0073873124
       -0.0260872675  -0.0453697478  -0.0097532383  -0.0327145115   0.0012400901
       -0.0002429819  -0.0003886711  -0.0072988343  -0.0024221098  -0.0031566724
        0.0503636051   0.0092982560   0.0354086079   0.0009609551   0.0017886958
        0.0060935109   0.0019147850   0.0073962131   0.0190691035
        0.0010465535   0.0001054420   0.0014527996  -0.0016212314  -0.0015069912
       -0.0096917204  -0.0084151558  -0.0663993544  -0.0650469181   0.0006035772
        0.0001887583   0.0006439444  -0.0026517992   0.0001875313  -0.0004561683
        0.0092982560   0.0727863100   0.0764310156   0.0030819074   0.0060743244
        0.0250083693  -0.0013421076  -0.0114360204  -0.0283413222
        0.0004083307  -0.0006718767   0.0027552551  -0.0027428625  -0.0021945079
       -0.0080547844  -0.0282110127  -0.0641299839  -0.2489284821   0.0001955889
        0.0009070220   0.0005662154  -0.0030253613  -0.0004252711   0.0007165953
        0.0354086079   0.0764310156   0.2892349989  -0.0024019608  -0.0048511163
       -0.0259892147   0.0003686697  -0.0050652817  -0.0103005836
       -0.0098210164  -0.0050350749   0.0005304842  -0.0015833278  -0.0192630041
        0.0178216812  -0.0476168868  -0.0314345514   0.0290991776   0.0002101528
        0.0009140609   0.0002595974   0.0007629483   0.0001549278  -0.0007177523
        0.0009609551   0.0030819074  -0.0024019608   0.0538520979   0.0359055077
       -0.0322984778   0.0032350769   0.0156762265  -0.0122927496
       -0.0062028292  -0.0008919515  -0.0005615381  -0.0002674333  -0.0089210383
        0.0084533145  -0.0279625269  -0.1636450672   0.1025354235   0.0000510168
        0.0017606685  -0.0003441254   0.0001715749   0.0000229637  -0.0017109239
        0.0017886958   0.0060743244  -0.0048511163   0.0359055077   0.1907585683
       -0.1220713514  -0.0034840058  -0.0251584680   0.0185503171
        0.0016493107  -0.0000971397   0.0018128925  -0.0003745673   0.0009636479
       -0.0010562758   0.0257748162   0.1011961513  -0.1318232903   0.0006267239
       -0.0012036564   0.0000708385  -0.0002705427  -0.0005212399   0.0012613337
        0.0060935109   0.0250083693  -0.0259892147  -0.0322984778  -0.1220713514
        0.1527422434  -0.0012007739  -0.0032747810   0.0029814726
        0.0037093733  -0.0017981802   0.0002389996  -0.0182150943   0.0238127064
        0.0041152889  -0.1207144487   0.1095044210   0.0275406002  -0.0088525405
       -0.0008978941  -0.0012623936   0.0012656142   0.0004000426   0.0003120113
        0.0019147850  -0.0013421076   0.0003686697   0.0032350769  -0.0034840058
       -0.0012007739   0.1376572341  -0.1261949822  -0.0301124022
        0.0002753176   0.0019574727  -0.0008533892  -0.0007947418   0.0031180519
        0.0009604240   0.1049170927  -0.1862126909  -0.0338460274  -0.0010162387
        0.0016131110   0.0003026609  -0.0002588872   0.0005702776   0.0009565445
        0.0073962131  -0.0114360204  -0.0050652817   0.0156762265  -0.0251584680
       -0.0032747810  -0.1261949822   0.2155482661   0.0408198498
       -0.0001041549   0.0005566393  -0.0003860008  -0.0012000958   0.0009127702
        0.0012452949   0.0261201086  -0.0335164898  -0.0538259744  -0.0010511150
        0.0004061869   0.0008295378  -0.0004286947   0.0006120487   0.0001691317
        0.0190691035  -0.0283413222  -0.0103005836  -0.0122927496   0.0185503171
        0.0029814726  -0.0301124022   0.0408198498   0.0592871218
