# Atoms array:
     x           y            z                   Z     indx
   -4.067769    -1.939725     1.937633            6      0
   -3.776839    -2.415330     0.681295            6      1
   -7.231645    -3.897670     2.622662            7      2
   -5.219820    -2.363852     2.716651            6      3
   -3.423879    -1.198345     2.417483            1      4
   -4.612231    -3.377288     0.058591            6      5
   -2.891264    -2.047973     0.155702            1      6
   -5.725686    -3.829344     0.733822            6      7
   -4.380069    -3.754412    -0.937779            1      8
   -6.052899    -3.356974     2.026908            6      9
   -6.387856    -4.567542     0.283411            1     10
   -5.421788    -1.884210     3.869478            8     11
   -7.897978    -4.761690     1.989635            8     12
   -7.595076    -3.516123     3.757441            8     13

# Gridpoints array:
     x           y            z                   Z     indx
   -2.027769    -1.939725     1.937633            6      0
   -4.067769     0.100275     1.937633            6      0
   -4.067769    -3.979725     1.937633            6      0
   -2.889975    -0.761930     3.115427            6      0
   -2.889975    -3.117519     3.115427            6      0
   -2.889975    -0.761930     0.759838            6      0
   -5.245564    -0.761930     0.759838            6      0
   -3.690133    -1.562089     3.906486            6      0
   -3.690133    -2.317361     3.906486            6      0
   -3.690133     0.029128     2.315269            6      0
   -4.445405     0.029128     2.315269            6      0
   -3.690133    -3.908578     2.315269            6      0
   -4.445405    -3.908578     2.315269            6      0
   -3.690133     0.029128     1.559997            6      0
   -4.445405     0.029128     1.559997            6      0
   -3.690133    -3.908578     1.559997            6      0
   -2.098916    -1.562089     2.315269            6      0
   -2.098916    -2.317361     2.315269            6      0
   -2.098916    -1.562089     1.559997            6      0
   -6.036622    -1.562089     1.559997            6      0
   -2.098916    -2.317361     1.559997            6      0
   -2.659310    -0.531266     2.378186            6      0
   -5.476228    -0.531266     2.378186            6      0
   -2.659310    -3.348184     2.378186            6      0
   -2.659310    -0.531266     1.497080            6      0
   -5.476228    -0.531266     1.497080            6      0
   -2.659310    -3.348184     1.497080            6      0
   -2.659310    -1.499172     3.346092            6      0
   -2.659310    -2.380278     3.346092            6      0
   -5.476228    -1.499172     0.529174            6      0
   -3.627216    -0.531266     3.346092            6      0
   -4.508322    -0.531266     3.346092            6      0
   -3.627216    -3.348184     3.346092            6      0
   -3.627216    -0.531266     0.529174            6      0
   -4.508322    -0.531266     0.529174            6      0
   -3.260563    -1.132518     3.628323            6      0
   -3.260563    -2.746931     3.628323            6      0
   -4.874976    -1.132518     0.246942            6      0
   -3.260563    -0.249034     2.744839            6      0
   -4.874976    -0.249034     2.744839            6      0
   -3.260563    -3.630416     2.744839            6      0
   -3.260563    -0.249034     1.130426            6      0
   -4.874976    -0.249034     1.130426            6      0
   -2.377079    -1.132518     2.744839            6      0
   -2.377079    -2.746931     2.744839            6      0
   -2.377079    -1.132518     1.130426            6      0
   -5.758460    -1.132518     1.130426            6      0
   -3.091896    -0.148281     1.937633            6      0
   -5.043642    -0.148281     1.937633            6      0
   -3.091896    -3.731169     1.937633            6      0
   -2.276325    -0.963852     1.937633            6      0
   -5.859213    -0.963852     1.937633            6      0
   -2.276325    -2.915598     1.937633            6      0
   -3.091896    -1.939725     3.729077            6      0
   -2.276325    -1.939725     2.913505            6      0
   -5.859213    -1.939725     0.961760            6      0
   -4.067769    -0.963852     3.729077            6      0
   -4.067769    -2.915598     3.729077            6      0
   -4.067769    -0.963852     0.146188            6      0
   -4.067769    -0.148281     2.913505            6      0
   -4.067769    -3.731169     2.913505            6      0
   -4.067769    -0.148281     0.961760            6      0
   -1.736839    -2.415330     0.681295            6      1
   -3.776839    -0.375330     0.681295            6      1
   -3.776839    -2.415330    -1.358705            6      1
   -2.599044    -3.593125     1.859090            6      1
   -2.599044    -1.237536    -0.496499            6      1
   -4.954633    -1.237536    -0.496499            6      1
   -2.599044    -3.593125    -0.496499            6      1
   -3.399203    -2.037694    -1.287558            6      1
   -4.154474    -2.037694    -1.287558            6      1
   -3.399203    -2.792966    -1.287558            6      1
   -3.399203    -0.446477     1.058931            6      1
   -4.154474    -0.446477     1.058931            6      1
   -3.399203    -4.384183     1.058931            6      1
   -3.399203    -0.446477     0.303659            6      1
   -4.154474    -0.446477     0.303659            6      1
   -3.399203    -4.384183     0.303659            6      1
   -1.807986    -2.037694     1.058931            6      1
   -1.807986    -2.792966     1.058931            6      1
   -1.807986    -2.037694     0.303659            6      1
   -5.745692    -2.037694     0.303659            6      1
   -1.807986    -2.792966     0.303659            6      1
   -2.368380    -1.006871     1.121848            6      1
   -5.185298    -1.006871     1.121848            6      1
   -2.368380    -3.823789     1.121848            6      1
   -2.368380    -1.006871     0.240742            6      1
   -5.185298    -1.006871     0.240742            6      1
   -2.368380    -3.823789     0.240742            6      1
   -2.368380    -1.974777     2.089754            6      1
   -2.368380    -2.855883     2.089754            6      1
   -2.368380    -1.974777    -0.727164            6      1
   -5.185298    -1.974777    -0.727164            6      1
   -2.368380    -2.855883    -0.727164            6      1
   -3.336286    -3.823789     2.089754            6      1
   -4.217391    -3.823789     2.089754            6      1
   -3.336286    -1.006871    -0.727164            6      1
   -4.217391    -1.006871    -0.727164            6      1
   -2.969632    -3.222537     2.371986            6      1
   -2.969632    -1.608124    -1.009396            6      1
   -4.584045    -1.608124    -1.009396            6      1
   -2.969632    -3.222537    -1.009396            6      1
   -2.969632    -0.724639     1.488502            6      1
   -2.969632    -4.106021     1.488502            6      1
   -2.969632    -0.724639    -0.125911            6      1
   -4.584045    -0.724639    -0.125911            6      1
   -2.969632    -4.106021    -0.125911            6      1
   -2.086148    -1.608124     1.488502            6      1
   -2.086148    -3.222537     1.488502            6      1
   -2.086148    -1.608124    -0.125911            6      1
   -5.467529    -1.608124    -0.125911            6      1
   -2.086148    -3.222537    -0.125911            6      1
   -2.800966    -0.623886     0.681295            6      1
   -4.752711    -0.623886     0.681295            6      1
   -2.800966    -4.206774     0.681295            6      1
   -1.985394    -1.439457     0.681295            6      1
   -5.568283    -1.439457     0.681295            6      1
   -1.985394    -3.391203     0.681295            6      1
   -2.800966    -2.415330    -1.110149            6      1
   -4.752711    -2.415330    -1.110149            6      1
   -1.985394    -2.415330     1.657168            6      1
   -1.985394    -2.415330    -0.294578            6      1
   -3.776839    -1.439457    -1.110149            6      1
   -3.776839    -4.206774     1.657168            6      1
   -3.776839    -0.623886    -0.294578            6      1
   -9.091645    -3.897670     2.622662            7      2
   -7.231645    -2.037670     2.622662            7      2
   -6.157774    -4.971541     3.696534            7      2
   -8.305517    -4.971541     3.696534            7      2
   -8.305517    -2.823798     1.548791            7      2
   -7.575960    -3.553355     0.827532            7      2
   -7.575960    -2.102539     2.966977            7      2
   -6.887330    -5.692801     2.966977            7      2
   -7.575960    -5.692801     2.966977            7      2
   -7.575960    -2.102539     2.278347            7      2
   -6.887330    -5.692801     2.278347            7      2
   -9.026776    -3.553355     2.966977            7      2
   -9.026776    -4.241985     2.966977            7      2
   -9.026776    -3.553355     2.278347            7      2
   -8.515829    -2.613487     3.024343            7      2
   -5.947462    -5.181853     3.024343            7      2
   -8.515829    -2.613487     2.220982            7      2
   -5.947462    -5.181853     2.220982            7      2
   -5.947462    -3.495989     3.906846            7      2
   -5.947462    -4.299350     3.906846            7      2
   -8.515829    -3.495989     1.338479            7      2
   -6.829965    -5.181853     3.906846            7      2
   -7.633326    -5.181853     3.906846            7      2
   -7.633326    -2.613487     1.338479            7      2
   -6.495663    -4.633652     4.164175            7      2
   -7.967628    -3.161687     1.081150            7      2
   -6.495663    -5.439182     3.358645            7      2
   -7.967628    -5.439182     3.358645            7      2
   -7.967628    -2.356158     1.886680            7      2
   -6.495663    -5.439182     1.886680            7      2
   -5.690133    -4.633652     3.358645            7      2
   -8.773158    -4.633652     3.358645            7      2
   -8.773158    -3.161687     1.886680            7      2
   -8.121412    -2.264294     2.622662            7      2
   -6.341879    -5.531045     2.622662            7      2
   -8.865021    -3.007903     2.622662            7      2
   -5.598270    -4.787436     2.622662            7      2
   -6.341879    -3.897670     4.256038            7      2
   -8.121412    -3.897670     0.989287            7      2
   -8.865021    -3.897670     3.512429            7      2
   -7.231645    -4.787436     4.256038            7      2
   -7.231645    -5.531045     3.512429            7      2
   -7.231645    -2.264294     1.732896            7      2
   -5.219820    -0.323852     2.716651            6      3
   -4.042025    -1.186057     3.894446            6      3
   -4.042025    -3.541646     3.894446            6      3
   -6.397614    -1.186057     1.538857            6      3
   -5.597456    -1.986216     0.747798            6      3
   -4.842184    -0.394999     3.094287            6      3
   -5.597456    -0.394999     3.094287            6      3
   -4.842184    -4.332705     3.094287            6      3
   -4.842184    -0.394999     2.339015            6      3
   -5.597456    -0.394999     2.339015            6      3
   -7.188673    -1.986216     3.094287            6      3
   -3.250967    -2.741488     3.094287            6      3
   -7.188673    -1.986216     2.339015            6      3
   -6.628279    -0.955393     3.157204            6      3
   -3.811361    -3.772311     3.157204            6      3
   -6.628279    -0.955393     2.276098            6      3
   -3.811361    -3.772311     2.276098            6      3
   -3.811361    -1.923299     4.125110            6      3
   -3.811361    -2.804405     4.125110            6      3
   -6.628279    -1.923299     1.308192            6      3
   -4.779267    -3.772311     4.125110            6      3
   -5.660373    -3.772311     4.125110            6      3
   -5.660373    -0.955393     1.308192            6      3
   -4.412613    -3.171058     4.407342            6      3
   -6.027026    -3.171058     4.407342            6      3
   -6.027026    -1.556645     1.025961            6      3
   -4.412613    -0.673161     3.523858            6      3
   -6.027026    -0.673161     3.523858            6      3
   -4.412613    -4.054543     3.523858            6      3
   -6.027026    -0.673161     1.909445            6      3
   -4.412613    -4.054543     1.909445            6      3
   -3.529129    -1.556645     3.523858            6      3
   -6.910510    -1.556645     3.523858            6      3
   -3.529129    -3.171058     3.523858            6      3
   -6.910510    -1.556645     1.909445            6      3
   -6.195692    -0.572408     2.716651            6      3
   -4.243947    -4.155296     2.716651            6      3
   -7.011264    -1.387979     2.716651            6      3
   -3.428375    -3.339725     2.716651            6      3
   -4.243947    -2.363852     4.508095            6      3
   -3.428375    -2.363852     3.692524            6      3
   -5.219820    -3.339725     4.508095            6      3
   -5.219820    -1.387979     0.925207            6      3
   -5.219820    -0.572408     3.692524            6      3
   -5.219820    -4.155296     3.692524            6      3
   -5.219820    -0.572408     1.740778            6      3
   -2.103879    -1.198345     2.417483            1      4
   -3.423879     0.121655     2.417483            1      4
   -3.423879    -1.198345     3.737483            1      4
   -2.661776    -0.436243     3.179585            1      4
   -4.185981    -0.436243     3.179585            1      4
   -2.661776    -1.960448     3.179585            1      4
   -2.661776    -0.436243     1.655380            1      4
   -3.179526    -0.953993     3.691447            1      4
   -3.668231    -0.953993     3.691447            1      4
   -3.179526    -1.442698     3.691447            1      4
   -3.668231    -1.442698     3.691447            1      4
   -3.179526     0.075618     2.661835            1      4
   -3.668231     0.075618     2.661835            1      4
   -3.179526     0.075618     2.173130            1      4
   -3.668231     0.075618     2.173130            1      4
   -2.149915    -0.953993     2.661835            1      4
   -2.149915    -1.442698     2.661835            1      4
   -2.149915    -0.953993     2.173130            1      4
   -2.149915    -1.442698     2.173130            1      4
   -2.512523    -0.286990     2.702546            1      4
   -4.335234    -0.286990     2.702546            1      4
   -2.512523    -2.109701     2.702546            1      4
   -2.512523    -0.286990     2.132419            1      4
   -2.512523    -0.913282     3.328839            1      4
   -2.512523    -1.483409     3.328839            1      4
   -2.512523    -0.913282     1.506127            1      4
   -3.138815    -0.286990     3.328839            1      4
   -3.708942    -0.286990     3.328839            1      4
   -3.138815    -0.286990     1.506127            1      4
   -3.708942    -0.286990     1.506127            1      4
   -2.901568    -0.676035     3.511459            1      4
   -3.946189    -0.676035     3.511459            1      4
   -2.901568    -1.720656     3.511459            1      4
   -2.901568    -0.676035     1.323506            1      4
   -2.901568    -0.104369     2.939793            1      4
   -3.946189    -0.104369     2.939793            1      4
   -2.901568    -0.104369     1.895173            1      4
   -3.946189    -0.104369     1.895173            1      4
   -2.329902    -0.676035     2.939793            1      4
   -2.329902    -1.720656     2.939793            1      4
   -2.329902    -0.676035     1.895173            1      4
   -2.329902    -1.720656     1.895173            1      4
   -2.792431    -0.039176     2.417483            1      4
   -4.055326    -0.039176     2.417483            1      4
   -2.264709    -0.566898     2.417483            1      4
   -2.264709    -1.829793     2.417483            1      4
   -2.792431    -1.198345     3.576653            1      4
   -2.264709    -1.198345     3.048930            1      4
   -2.264709    -1.198345     1.786036            1      4
   -3.423879    -0.566898     3.576653            1      4
   -3.423879    -1.829793     3.576653            1      4
   -3.423879    -0.039176     3.048930            1      4
   -3.423879    -0.039176     1.786036            1      4
   -4.612231    -5.417288     0.058591            6      5
   -4.612231    -3.377288    -1.981409            6      5
   -3.434436    -4.555082     1.236385            6      5
   -3.434436    -2.199493    -1.119204            6      5
   -5.790025    -2.199493    -1.119204            6      5
   -3.434436    -4.555082    -1.119204            6      5
   -5.790025    -4.555082    -1.119204            6      5
   -4.234595    -3.754924     2.027444            6      5
   -4.234595    -2.999652    -1.910262            6      5
   -4.989867    -2.999652    -1.910262            6      5
   -4.234595    -3.754924    -1.910262            6      5
   -4.989867    -3.754924    -1.910262            6      5
   -4.234595    -5.346141     0.436227            6      5
   -4.989867    -5.346141     0.436227            6      5
   -4.989867    -1.408435    -0.319045            6      5
   -4.234595    -5.346141    -0.319045            6      5
   -4.989867    -5.346141    -0.319045            6      5
   -2.643378    -3.754924     0.436227            6      5
   -6.581084    -2.999652    -0.319045            6      5
   -2.643378    -3.754924    -0.319045            6      5
   -6.020690    -1.968829     0.499144            6      5
   -3.203772    -4.785747     0.499144            6      5
   -6.020690    -1.968829    -0.381962            6      5
   -3.203772    -4.785747    -0.381962            6      5
   -3.203772    -3.817841     1.467050            6      5
   -3.203772    -2.936735    -1.349868            6      5
   -6.020690    -2.936735    -1.349868            6      5
   -3.203772    -3.817841    -1.349868            6      5
   -6.020690    -3.817841    -1.349868            6      5
   -4.171678    -4.785747     1.467050            6      5
   -4.171678    -1.968829    -1.349868            6      5
   -5.052784    -1.968829    -1.349868            6      5
   -4.171678    -4.785747    -1.349868            6      5
   -5.052784    -4.785747    -1.349868            6      5
   -3.805024    -4.184494     1.749282            6      5
   -3.805024    -2.570081    -1.632100            6      5
   -5.419437    -2.570081    -1.632100            6      5
   -3.805024    -4.184494    -1.632100            6      5
   -5.419437    -4.184494    -1.632100            6      5
   -5.419437    -1.686597     0.865797            6      5
   -3.805024    -5.067979     0.865797            6      5
   -3.805024    -1.686597    -0.748616            6      5
   -5.419437    -1.686597    -0.748616            6      5
   -3.805024    -5.067979    -0.748616            6      5
   -5.419437    -5.067979    -0.748616            6      5
   -2.921540    -4.184494     0.865797            6      5
   -2.921540    -2.570081    -0.748616            6      5
   -6.302922    -2.570081    -0.748616            6      5
   -2.921540    -4.184494    -0.748616            6      5
   -6.302922    -4.184494    -0.748616            6      5
   -5.588104    -1.585844     0.058591            6      5
   -3.636358    -5.168732     0.058591            6      5
   -6.403675    -2.401415     0.058591            6      5
   -2.820787    -4.353161     0.058591            6      5
   -3.636358    -3.377288    -1.732853            6      5
   -5.588104    -3.377288    -1.732853            6      5
   -2.820787    -3.377288    -0.917282            6      5
   -6.403675    -3.377288    -0.917282            6      5
   -4.612231    -4.353161     1.850035            6      5
   -4.612231    -2.401415    -1.732853            6      5
   -4.612231    -4.353161    -1.732853            6      5
   -4.612231    -5.168732     1.034464            6      5
   -4.612231    -1.585844    -0.917282            6      5
   -4.612231    -5.168732    -0.917282            6      5
   -1.571264    -2.047973     0.155702            1      6
   -2.891264    -0.727973     0.155702            1      6
   -2.891264    -2.047973    -1.164298            1      6
   -2.129161    -1.285870     0.917804            1      6
   -2.129161    -2.810075     0.917804            1      6
   -2.129161    -1.285870    -0.606401            1      6
   -3.653366    -1.285870    -0.606401            1      6
   -2.129161    -2.810075    -0.606401            1      6
   -2.646911    -1.803620    -1.118262            1      6
   -3.135616    -1.803620    -1.118262            1      6
   -2.646911    -2.292325    -1.118262            1      6
   -3.135616    -2.292325    -1.118262            1      6
   -2.646911    -0.774009     0.400054            1      6
   -3.135616    -0.774009     0.400054            1      6
   -2.646911    -0.774009    -0.088651            1      6
   -3.135616    -0.774009    -0.088651            1      6
   -1.617300    -1.803620     0.400054            1      6
   -1.617300    -2.292325     0.400054            1      6
   -1.617300    -1.803620    -0.088651            1      6
   -1.617300    -2.292325    -0.088651            1      6
   -1.979908    -1.136617     0.440765            1      6
   -1.979908    -2.959328     0.440765            1      6
   -1.979908    -1.136617    -0.129362            1      6
   -1.979908    -2.959328    -0.129362            1      6
   -1.979908    -1.762909     1.067057            1      6
   -1.979908    -2.333036     1.067057            1      6
   -1.979908    -1.762909    -0.755654            1      6
   -1.979908    -2.333036    -0.755654            1      6
   -2.606200    -1.136617     1.067057            1      6
   -2.606200    -1.136617    -0.755654            1      6
   -3.176327    -1.136617    -0.755654            1      6
   -2.606200    -2.959328    -0.755654            1      6
   -2.368953    -1.525663    -0.938275            1      6
   -3.413574    -1.525663    -0.938275            1      6
   -2.368953    -2.570283    -0.938275            1      6
   -2.368953    -0.953996     0.678012            1      6
   -2.368953    -0.953996    -0.366609            1      6
   -3.413574    -0.953996    -0.366609            1      6
   -2.368953    -3.141949    -0.366609            1      6
   -1.797287    -1.525663     0.678012            1      6
   -1.797287    -2.570283     0.678012            1      6
   -1.797287    -1.525663    -0.366609            1      6
   -1.797287    -2.570283    -0.366609            1      6
   -2.259816    -0.888803     0.155702            1      6
   -2.259816    -3.207142     0.155702            1      6
   -1.732094    -1.416526     0.155702            1      6
   -1.732094    -2.679420     0.155702            1      6
   -2.259816    -2.047973    -1.003468            1      6
   -3.522711    -2.047973    -1.003468            1      6
   -1.732094    -2.047973     0.787149            1      6
   -1.732094    -2.047973    -0.475746            1      6
   -2.891264    -1.416526    -1.003468            1      6
   -2.891264    -2.679420    -1.003468            1      6
   -2.891264    -0.888803     0.787149            1      6
   -2.891264    -0.888803    -0.475746            1      6
   -7.765686    -3.829344     0.733822            6      7
   -5.725686    -1.789344     0.733822            6      7
   -5.725686    -5.869344     0.733822            6      7
   -5.725686    -3.829344    -1.306178            6      7
   -4.547892    -5.007139     1.911617            6      7
   -6.903481    -2.651550    -0.443972            6      7
   -4.547892    -5.007139    -0.443972            6      7
   -6.903481    -5.007139    -0.443972            6      7
   -6.103322    -3.451708    -1.235031            6      7
   -5.348050    -4.206980    -1.235031            6      7
   -6.103322    -4.206980    -1.235031            6      7
   -6.103322    -1.860491     1.111458            6      7
   -5.348050    -5.798197     1.111458            6      7
   -6.103322    -5.798197     1.111458            6      7
   -6.103322    -1.860491     0.356186            6      7
   -5.348050    -5.798197     0.356186            6      7
   -6.103322    -5.798197     0.356186            6      7
   -7.694539    -3.451708     1.111458            6      7
   -7.694539    -3.451708     0.356186            6      7
   -7.694539    -4.206980     0.356186            6      7
   -7.134145    -2.420885     1.174375            6      7
   -4.317227    -5.237803     1.174375            6      7
   -7.134145    -2.420885     0.293269            6      7
   -4.317227    -5.237803     0.293269            6      7
   -7.134145    -5.237803     0.293269            6      7
   -4.317227    -4.269897     2.142281            6      7
   -7.134145    -3.388791    -0.674637            6      7
   -7.134145    -4.269897    -0.674637            6      7
   -5.285133    -5.237803     2.142281            6      7
   -6.166239    -5.237803     2.142281            6      7
   -6.166239    -2.420885    -0.674637            6      7
   -5.285133    -5.237803    -0.674637            6      7
   -6.166239    -5.237803    -0.674637            6      7
   -4.918480    -4.636551     2.424513            6      7
   -6.532893    -3.022138    -0.956868            6      7
   -4.918480    -4.636551    -0.956868            6      7
   -6.532893    -4.636551    -0.956868            6      7
   -4.918480    -5.520035     1.541029            6      7
   -6.532893    -5.520035     1.541029            6      7
   -6.532893    -2.138653    -0.073384            6      7
   -4.918480    -5.520035    -0.073384            6      7
   -6.532893    -5.520035    -0.073384            6      7
   -4.034995    -4.636551     1.541029            6      7
   -7.416377    -3.022138    -0.073384            6      7
   -7.416377    -4.636551    -0.073384            6      7
   -6.701559    -2.037900     0.733822            6      7
   -4.749813    -5.620788     0.733822            6      7
   -6.701559    -5.620788     0.733822            6      7
   -7.517130    -2.853471     0.733822            6      7
   -3.934242    -4.805217     0.733822            6      7
   -6.701559    -3.829344    -1.057622            6      7
   -3.934242    -3.829344     1.709695            6      7
   -7.517130    -3.829344    -0.242050            6      7
   -5.725686    -4.805217     2.525267            6      7
   -5.725686    -2.853471    -1.057622            6      7
   -5.725686    -4.805217    -1.057622            6      7
   -5.725686    -5.620788     1.709695            6      7
   -5.725686    -2.037900    -0.242050            6      7
   -5.725686    -5.620788    -0.242050            6      7
   -3.060069    -3.754412    -0.937779            1      8
   -4.380069    -5.074412    -0.937779            1      8
   -4.380069    -3.754412    -2.257779            1      8
   -3.617966    -2.992310    -1.699881            1      8
   -5.142171    -2.992310    -1.699881            1      8
   -3.617966    -4.516514    -1.699881            1      8
   -5.142171    -4.516514    -1.699881            1      8
   -4.135716    -3.510059    -2.211743            1      8
   -4.624421    -3.510059    -2.211743            1      8
   -4.135716    -3.998765    -2.211743            1      8
   -4.624421    -3.998765    -2.211743            1      8
   -4.135716    -5.028376    -0.693426            1      8
   -4.624421    -5.028376    -0.693426            1      8
   -4.135716    -5.028376    -1.182132            1      8
   -4.624421    -5.028376    -1.182132            1      8
   -3.106105    -3.998765    -0.693426            1      8
   -3.106105    -3.510059    -1.182132            1      8
   -3.106105    -3.998765    -1.182132            1      8
   -3.468713    -4.665768    -0.652715            1      8
   -3.468713    -2.843056    -1.222843            1      8
   -3.468713    -4.665768    -1.222843            1      8
   -5.291424    -4.665768    -1.222843            1      8
   -3.468713    -3.469349    -1.849135            1      8
   -5.291424    -3.469349    -1.849135            1      8
   -3.468713    -4.039476    -1.849135            1      8
   -5.291424    -4.039476    -1.849135            1      8
   -4.095005    -2.843056    -1.849135            1      8
   -4.665132    -2.843056    -1.849135            1      8
   -4.095005    -4.665768    -1.849135            1      8
   -4.665132    -4.665768    -1.849135            1      8
   -3.857759    -3.232102    -2.031755            1      8
   -4.902379    -3.232102    -2.031755            1      8
   -3.857759    -4.276722    -2.031755            1      8
   -4.902379    -4.276722    -2.031755            1      8
   -3.857759    -4.848389    -0.415469            1      8
   -3.857759    -2.660436    -1.460089            1      8
   -4.902379    -2.660436    -1.460089            1      8
   -3.857759    -4.848389    -1.460089            1      8
   -4.902379    -4.848389    -1.460089            1      8
   -3.286092    -3.232102    -1.460089            1      8
   -5.474045    -3.232102    -1.460089            1      8
   -3.286092    -4.276722    -1.460089            1      8
   -5.474045    -4.276722    -1.460089            1      8
   -3.748622    -4.913582    -0.937779            1      8
   -5.011516    -4.913582    -0.937779            1      8
   -3.220899    -4.385859    -0.937779            1      8
   -3.748622    -3.754412    -2.096949            1      8
   -5.011516    -3.754412    -2.096949            1      8
   -3.220899    -3.754412    -1.569226            1      8
   -5.539238    -3.754412    -1.569226            1      8
   -4.380069    -3.122965    -2.096949            1      8
   -4.380069    -4.385859    -2.096949            1      8
   -4.380069    -2.595242    -1.569226            1      8
   -4.380069    -4.913582    -1.569226            1      8
   -6.052899    -5.396974     2.026908            6      9
   -7.230694    -2.179180     3.204703            6      9
   -4.875104    -4.534769     3.204703            6      9
   -7.230694    -2.179180     0.849114            6      9
   -5.675263    -3.734610     3.995761            6      9
   -6.430535    -1.388121     2.404544            6      9
   -5.675263    -5.325827     2.404544            6      9
   -6.430535    -5.325827     2.404544            6      9
   -6.430535    -1.388121     1.649272            6      9
   -5.675263    -5.325827     1.649272            6      9
   -6.430535    -5.325827     1.649272            6      9
   -4.084046    -3.734610     2.404544            6      9
   -8.021752    -2.979339     1.649272            6      9
   -7.461358    -1.948516     2.467461            6      9
   -4.644440    -4.765433     2.467461            6      9
   -7.461358    -1.948516     1.586355            6      9
   -4.644440    -4.765433     1.586355            6      9
   -4.644440    -3.797527     3.435367            6      9
   -7.461358    -2.916422     0.618449            6      9
   -7.461358    -3.797527     0.618449            6      9
   -5.612346    -4.765433     3.435367            6      9
   -6.493452    -4.765433     3.435367            6      9
   -5.612346    -1.948516     0.618449            6      9
   -6.493452    -1.948516     0.618449            6      9
   -5.245692    -4.164181     3.717599            6      9
   -6.860105    -2.549768     0.336217            6      9
   -6.860105    -1.666284     2.834115            6      9
   -5.245692    -5.047665     2.834115            6      9
   -6.860105    -1.666284     1.219702            6      9
   -4.362208    -4.164181     2.834115            6      9
   -7.743590    -2.549768     1.219702            6      9
   -7.028772    -1.565530     2.026908            6      9
   -5.077026    -5.148419     2.026908            6      9
   -7.844343    -2.381102     2.026908            6      9
   -4.261455    -4.332847     2.026908            6      9
   -7.844343    -3.356974     1.051035            6      9
   -6.052899    -4.332847     3.818352            6      9
   -6.052899    -5.148419     3.002781            6      9
   -6.052899    -1.565530     1.051035            6      9
   -7.707856    -4.567542     0.283411            1     10
   -6.387856    -5.887542     0.283411            1     10
   -6.387856    -4.567542    -1.036589            1     10
   -7.149959    -3.805439    -0.478691            1     10
   -5.625754    -5.329644    -0.478691            1     10
   -7.149959    -5.329644    -0.478691            1     10
   -6.143504    -4.323189    -0.990552            1     10
   -6.632209    -4.323189    -0.990552            1     10
   -6.143504    -4.811894    -0.990552            1     10
   -6.632209    -4.811894    -0.990552            1     10
   -6.143504    -5.841505     0.527764            1     10
   -6.632209    -5.841505     0.527764            1     10
   -6.143504    -5.841505     0.039059            1     10
   -6.632209    -5.841505     0.039059            1     10
   -7.661820    -4.323189     0.527764            1     10
   -7.661820    -4.323189     0.039059            1     10
   -7.661820    -4.811894     0.039059            1     10
   -7.299212    -5.478897     0.568475            1     10
   -7.299212    -3.656186    -0.001652            1     10
   -5.476501    -5.478897    -0.001652            1     10
   -7.299212    -5.478897    -0.001652            1     10
   -7.299212    -4.282478    -0.627945            1     10
   -7.299212    -4.852605    -0.627945            1     10
   -6.102793    -5.478897     1.194767            1     10
   -6.672920    -5.478897     1.194767            1     10
   -6.102793    -5.478897    -0.627945            1     10
   -6.672920    -5.478897    -0.627945            1     10
   -6.910167    -4.045231    -0.810565            1     10
   -5.865546    -5.089852    -0.810565            1     10
   -6.910167    -5.089852    -0.810565            1     10
   -5.865546    -5.661518     0.805721            1     10
   -6.910167    -5.661518     0.805721            1     10
   -5.865546    -5.661518    -0.238899            1     10
   -6.910167    -5.661518    -0.238899            1     10
   -7.481833    -4.045231    -0.238899            1     10
   -7.481833    -5.089852    -0.238899            1     10
   -5.756409    -5.726711     0.283411            1     10
   -7.019304    -5.726711     0.283411            1     10
   -7.547026    -3.936094     0.283411            1     10
   -7.547026    -5.198989     0.283411            1     10
   -5.756409    -4.567542    -0.875758            1     10
   -7.019304    -4.567542    -0.875758            1     10
   -7.547026    -4.567542    -0.348036            1     10
   -6.387856    -3.936094    -0.875758            1     10
   -6.387856    -5.198989    -0.875758            1     10
   -6.387856    -5.726711     0.914858            1     10
   -6.387856    -5.726711    -0.348036            1     10
   -3.597788    -1.884210     3.869478            8     11
   -7.245788    -1.884210     3.869478            8     11
   -5.421788    -0.060210     3.869478            8     11
   -5.421788    -3.708210     3.869478            8     11
   -5.421788    -1.884210     5.693478            8     11
   -4.368701    -0.831123     4.922564            8     11
   -6.474875    -0.831123     4.922564            8     11
   -4.368701    -2.937297     4.922564            8     11
   -6.474875    -2.937297     4.922564            8     11
   -6.474875    -0.831123     2.816391            8     11
   -5.084137    -1.546559     5.629864            8     11
   -5.759439    -1.546559     5.629864            8     11
   -5.084137    -2.221861     5.629864            8     11
   -5.759439    -2.221861     5.629864            8     11
   -5.084137    -0.123823     4.207129            8     11
   -5.759439    -0.123823     4.207129            8     11
   -5.084137    -3.644596     4.207129            8     11
   -5.759439    -3.644596     4.207129            8     11
   -5.084137    -0.123823     3.531827            8     11
   -5.759439    -0.123823     3.531827            8     11
   -3.661402    -1.546559     4.207129            8     11
   -7.182174    -1.546559     4.207129            8     11
   -3.661402    -2.221861     4.207129            8     11
   -7.182174    -2.221861     4.207129            8     11
   -3.661402    -1.546559     3.531827            8     11
   -7.182174    -1.546559     3.531827            8     11
   -4.162460    -0.624882     4.263384            8     11
   -6.681116    -0.624882     4.263384            8     11
   -4.162460    -3.143538     4.263384            8     11
   -4.162460    -0.624882     3.475571            8     11
   -6.681116    -0.624882     3.475571            8     11
   -4.162460    -1.490304     5.128806            8     11
   -6.681116    -1.490304     5.128806            8     11
   -4.162460    -2.278116     5.128806            8     11
   -6.681116    -2.278116     5.128806            8     11
   -6.681116    -1.490304     2.610150            8     11
   -5.027882    -0.624882     5.128806            8     11
   -5.815694    -0.624882     5.128806            8     11
   -5.027882    -3.143538     5.128806            8     11
   -5.815694    -3.143538     5.128806            8     11
   -5.027882    -0.624882     2.610150            8     11
   -5.815694    -0.624882     2.610150            8     11
   -4.700050    -1.162472     5.381154            8     11
   -6.143525    -1.162472     5.381154            8     11
   -4.700050    -2.605947     5.381154            8     11
   -6.143525    -2.605947     5.381154            8     11
   -4.700050    -0.372533     4.591215            8     11
   -6.143525    -0.372533     4.591215            8     11
   -4.700050    -3.395886     4.591215            8     11
   -6.143525    -3.395886     4.591215            8     11
   -4.700050    -0.372533     3.147740            8     11
   -6.143525    -0.372533     3.147740            8     11
   -3.910111    -1.162472     4.591215            8     11
   -6.933464    -1.162472     4.591215            8     11
   -3.910111    -2.605947     4.591215            8     11
   -6.933464    -2.605947     4.591215            8     11
   -6.933464    -1.162472     3.147740            8     11
   -4.549243    -0.282448     3.869478            8     11
   -6.294333    -0.282448     3.869478            8     11
   -4.549243    -3.485972     3.869478            8     11
   -3.820026    -1.011665     3.869478            8     11
   -7.023550    -1.011665     3.869478            8     11
   -3.820026    -2.756755     3.869478            8     11
   -4.549243    -1.884210     5.471239            8     11
   -6.294333    -1.884210     5.471239            8     11
   -3.820026    -1.884210     4.742023            8     11
   -7.023550    -1.884210     4.742023            8     11
   -7.023550    -1.884210     2.996932            8     11
   -5.421788    -1.011665     5.471239            8     11
   -5.421788    -2.756755     5.471239            8     11
   -5.421788    -0.282448     4.742023            8     11
   -5.421788    -3.485972     4.742023            8     11
   -5.421788    -0.282448     2.996932            8     11
   -9.721978    -4.761690     1.989635            8     12
   -7.897978    -6.585690     1.989635            8     12
   -7.897978    -4.761690     0.165635            8     12
   -8.951065    -3.708604     3.042722            8     12
   -6.844891    -5.814777     3.042722            8     12
   -8.951065    -5.814777     3.042722            8     12
   -8.951065    -3.708604     0.936548            8     12
   -6.844891    -5.814777     0.936548            8     12
   -8.951065    -5.814777     0.936548            8     12
   -7.560327    -5.099341     3.750021            8     12
   -8.235629    -5.099341     3.750021            8     12
   -7.560327    -4.424040     0.229248            8     12
   -8.235629    -4.424040     0.229248            8     12
   -7.560327    -5.099341     0.229248            8     12
   -8.235629    -5.099341     0.229248            8     12
   -7.560327    -6.522077     2.327286            8     12
   -8.235629    -6.522077     2.327286            8     12
   -8.235629    -3.001304     1.651984            8     12
   -7.560327    -6.522077     1.651984            8     12
   -8.235629    -6.522077     1.651984            8     12
   -9.658364    -4.424040     2.327286            8     12
   -6.137592    -5.099341     2.327286            8     12
   -9.658364    -5.099341     2.327286            8     12
   -9.658364    -4.424040     1.651984            8     12
   -9.658364    -5.099341     1.651984            8     12
   -9.157306    -3.502362     2.383541            8     12
   -6.638650    -6.021018     2.383541            8     12
   -9.157306    -6.021018     2.383541            8     12
   -9.157306    -3.502362     1.595729            8     12
   -6.638650    -6.021018     1.595729            8     12
   -9.157306    -6.021018     1.595729            8     12
   -9.157306    -4.367784     3.248963            8     12
   -6.638650    -5.155597     3.248963            8     12
   -9.157306    -5.155597     3.248963            8     12
   -9.157306    -4.367784     0.730307            8     12
   -9.157306    -5.155597     0.730307            8     12
   -7.504072    -6.021018     3.248963            8     12
   -8.291884    -6.021018     3.248963            8     12
   -7.504072    -3.502362     0.730307            8     12
   -8.291884    -3.502362     0.730307            8     12
   -7.504072    -6.021018     0.730307            8     12
   -8.291884    -6.021018     0.730307            8     12
   -7.176241    -5.483428     3.501311            8     12
   -8.619716    -5.483428     3.501311            8     12
   -8.619716    -4.039953     0.477958            8     12
   -7.176241    -5.483428     0.477958            8     12
   -8.619716    -5.483428     0.477958            8     12
   -7.176241    -6.273367     2.711372            8     12
   -8.619716    -6.273367     2.711372            8     12
   -8.619716    -3.250014     1.267897            8     12
   -7.176241    -6.273367     1.267897            8     12
   -8.619716    -6.273367     1.267897            8     12
   -9.409655    -4.039953     2.711372            8     12
   -6.386302    -5.483428     2.711372            8     12
   -9.409655    -5.483428     2.711372            8     12
   -9.409655    -4.039953     1.267897            8     12
   -6.386302    -5.483428     1.267897            8     12
   -9.409655    -5.483428     1.267897            8     12
   -8.770523    -3.159929     1.989635            8     12
   -7.025433    -6.363452     1.989635            8     12
   -8.770523    -6.363452     1.989635            8     12
   -9.499740    -3.889145     1.989635            8     12
   -6.296216    -5.634236     1.989635            8     12
   -9.499740    -5.634236     1.989635            8     12
   -8.770523    -4.761690     3.591397            8     12
   -8.770523    -4.761690     0.387873            8     12
   -9.499740    -4.761690     2.862180            8     12
   -9.499740    -4.761690     1.117090            8     12
   -7.897978    -5.634236     3.591397            8     12
   -7.897978    -3.889145     0.387873            8     12
   -7.897978    -5.634236     0.387873            8     12
   -7.897978    -6.363452     2.862180            8     12
   -7.897978    -3.159929     1.117090            8     12
   -7.897978    -6.363452     1.117090            8     12
   -9.419076    -3.516123     3.757441            8     13
   -7.595076    -1.692123     3.757441            8     13
   -7.595076    -5.340123     3.757441            8     13
   -7.595076    -3.516123     5.581441            8     13
   -6.541989    -2.463036     4.810528            8     13
   -8.648163    -2.463036     4.810528            8     13
   -6.541989    -4.569210     4.810528            8     13
   -8.648163    -4.569210     4.810528            8     13
   -8.648163    -2.463036     2.704354            8     13
   -7.257425    -3.178472     5.517827            8     13
   -7.932727    -3.178472     5.517827            8     13
   -7.257425    -3.853774     5.517827            8     13
   -7.932727    -3.853774     5.517827            8     13
   -7.257425    -1.755737     4.095092            8     13
   -7.932727    -1.755737     4.095092            8     13
   -7.257425    -5.276509     4.095092            8     13
   -7.932727    -5.276509     4.095092            8     13
   -7.257425    -1.755737     3.419790            8     13
   -7.932727    -1.755737     3.419790            8     13
   -7.257425    -5.276509     3.419790            8     13
   -7.932727    -5.276509     3.419790            8     13
   -9.355462    -3.178472     4.095092            8     13
   -5.834690    -3.853774     4.095092            8     13
   -9.355462    -3.853774     4.095092            8     13
   -9.355462    -3.178472     3.419790            8     13
   -9.355462    -3.853774     3.419790            8     13
   -8.854404    -2.256795     4.151347            8     13
   -6.335748    -4.775451     4.151347            8     13
   -8.854404    -4.775451     4.151347            8     13
   -8.854404    -2.256795     3.363535            8     13
   -6.335748    -4.775451     3.363535            8     13
   -8.854404    -4.775451     3.363535            8     13
   -6.335748    -3.122217     5.016769            8     13
   -8.854404    -3.122217     5.016769            8     13
   -6.335748    -3.910029     5.016769            8     13
   -8.854404    -3.910029     5.016769            8     13
   -8.854404    -3.122217     2.498113            8     13
   -7.201170    -2.256795     5.016769            8     13
   -7.988982    -2.256795     5.016769            8     13
   -7.201170    -4.775451     5.016769            8     13
   -7.988982    -4.775451     5.016769            8     13
   -7.988982    -2.256795     2.498113            8     13
   -6.873339    -2.794385     5.269118            8     13
   -8.316814    -2.794385     5.269118            8     13
   -6.873339    -4.237861     5.269118            8     13
   -8.316814    -4.237861     5.269118            8     13
   -8.316814    -2.794385     2.245765            8     13
   -6.873339    -2.004446     4.479179            8     13
   -8.316814    -2.004446     4.479179            8     13
   -6.873339    -5.027799     4.479179            8     13
   -8.316814    -5.027799     4.479179            8     13
   -6.873339    -2.004446     3.035704            8     13
   -8.316814    -2.004446     3.035704            8     13
   -9.106753    -2.794385     4.479179            8     13
   -6.083400    -4.237861     4.479179            8     13
   -9.106753    -4.237861     4.479179            8     13
   -9.106753    -2.794385     3.035704            8     13
   -9.106753    -4.237861     3.035704            8     13
   -8.467621    -1.914361     3.757441            8     13
   -6.722531    -5.117885     3.757441            8     13
   -8.467621    -5.117885     3.757441            8     13
   -9.196838    -2.643578     3.757441            8     13
   -5.993314    -4.388668     3.757441            8     13
   -9.196838    -4.388668     3.757441            8     13
   -6.722531    -3.516123     5.359203            8     13
   -8.467621    -3.516123     5.359203            8     13
   -5.993314    -3.516123     4.629986            8     13
   -9.196838    -3.516123     4.629986            8     13
   -9.196838    -3.516123     2.884896            8     13
   -7.595076    -2.643578     5.359203            8     13
   -7.595076    -4.388668     5.359203            8     13
   -7.595076    -1.914361     4.629986            8     13
   -7.595076    -5.117885     4.629986            8     13
   -7.595076    -1.914361     2.884896            8     13
