$hessian                                                                        
        0.4587448315   0.0027591818   0.0262865444  -0.1502005569  -0.0402630423
        0.0669713159  -0.0398287498  -0.0124252678  -0.0034142286  -0.1860685254
        0.0763988431  -0.0564730777  -0.0504906197  -0.0100633756  -0.0419864643
       -0.0306130069  -0.0130950244   0.0044408428  -0.0005691743   0.0006276390
       -0.0008786449   0.0002817526  -0.0002228466  -0.0006537598  -0.0006664420
       -0.0045297776  -0.0013639115  -0.0000875559  -0.0002991594   0.0004146590
       -0.0008209445  -0.0005412591   0.0006527284   0.0003704365   0.0018746690
        0.0058134370  -0.0001146426   0.0000830458  -0.0000494068   0.0001099000
       -0.0003819608   0.0001171963  -0.0000467027   0.0000783347   0.0001227697
        0.0027591818   0.4635033093   0.0172023262  -0.0401093679  -0.0684275967
        0.0243264615  -0.0182804825  -0.2478349160  -0.0126617898   0.0807868097
       -0.0820389329   0.0277189571  -0.0099976307  -0.0610643159  -0.0584363024
       -0.0139336730  -0.0100533062   0.0044398856   0.0042033236  -0.0002658165
       -0.0031131282  -0.0000703796   0.0000295070   0.0000593928  -0.0054562279
        0.0065992522  -0.0024248829  -0.0017736576  -0.0006030195   0.0009599197
        0.0011665822   0.0005929472  -0.0008534505   0.0005118724  -0.0008546961
        0.0029118362   0.0000510968  -0.0000602702   0.0000223734   0.0001531072
        0.0004679642  -0.0002173667  -0.0000105545   0.0000098901   0.0000657679
        0.0262865444   0.0172023262   0.4840769781   0.0645807454   0.0231157900
       -0.1169918911  -0.0044539942  -0.0173765333  -0.0429232672  -0.0621178758
        0.0287155291  -0.0637399322  -0.0412929469  -0.0580938310  -0.2505508361
       -0.0002692921   0.0014561070   0.0081210736   0.0223402235   0.0087836466
       -0.0187443817  -0.0003285176   0.0002457046   0.0004687486  -0.0012190601
       -0.0026175869   0.0005212427  -0.0002863983   0.0001927566   0.0002570844
       -0.0004727061  -0.0000418508   0.0002439584  -0.0027647803  -0.0012897510
       -0.0009714377   0.0000956778  -0.0001076759   0.0000168549  -0.0001217267
       -0.0002962303   0.0002103270   0.0000241071   0.0001115991   0.0000054783
       -0.1502005569  -0.0401093679   0.0645807454   0.5721738306   0.2609247936
        0.0478060214  -0.0109460742  -0.0155919446   0.0068967740  -0.0335624618
       -0.0082758675   0.0161487977   0.0025599843   0.0013167823   0.0027768286
       -0.3020496183  -0.1589388712  -0.1146616503  -0.0383047079  -0.0140031332
       -0.0089159401  -0.0002488623  -0.0004499851  -0.0012405296  -0.0301571785
       -0.0156091712   0.0036224948  -0.0035735556  -0.0011858092   0.0016388716
       -0.0010336851   0.0014959789  -0.0006957676  -0.0051229516  -0.0088051294
       -0.0183947910   0.0001896050  -0.0001254606   0.0004163292   0.0003414581
       -0.0005798950   0.0001332572  -0.0000652257  -0.0000629200  -0.0001114413
       -0.0402630423  -0.0684275967   0.0231157900   0.2609247936   0.2214895022
        0.0991156250  -0.0275417852  -0.0113080520   0.0179484182   0.0000645005
        0.0068154192  -0.0056592846   0.0048227464   0.0029679655  -0.0026253311
       -0.1582631596  -0.1164517236  -0.0738469963  -0.0132846583  -0.0270951276
       -0.0434959866   0.0000122531   0.0001374795   0.0001474578  -0.0131143782
       -0.0074116377   0.0017180540  -0.0003141262   0.0000356962   0.0002678606
       -0.0006836183   0.0004503175   0.0004241420  -0.0118315927  -0.0015946890
       -0.0169616965  -0.0002330957   0.0004580272  -0.0002957912  -0.0002581454
       -0.0003088240   0.0001428297  -0.0000366916   0.0002432434   0.0000049089
        0.0669713159   0.0243264615  -0.1169918911   0.0478060214   0.0991156250
        0.5626449686   0.0012687987   0.0031697015   0.0018508086  -0.0025133189
       -0.0033914388   0.0065321648   0.0223210444   0.0076103791  -0.0231697653
       -0.1128270329  -0.0728554594  -0.1230907210  -0.0058672027  -0.0420627710
       -0.2640114531   0.0020388037   0.0015981068   0.0005175072   0.0130027635
        0.0062994160   0.0030521695   0.0038371591   0.0010341817  -0.0016798906
        0.0013976031   0.0007014658  -0.0012177359  -0.0379023411  -0.0267273855
       -0.0442942041   0.0002101745  -0.0000033425   0.0003641571   0.0002752016
        0.0009471396  -0.0003686739  -0.0000189903   0.0002379201  -0.0001374409
       -0.0398287498  -0.0182804825  -0.0044539942  -0.0109460742  -0.0275417852
        0.0012687987   0.0529529827   0.0233011784   0.0006972043  -0.0015245403
        0.0299834219   0.0007689307  -0.0002287874  -0.0069902710  -0.0017409431
        0.0015009279  -0.0012124524   0.0064881898   0.0002640326   0.0001589082
       -0.0001614689  -0.0000457073   0.0000077670   0.0001282075  -0.0015218055
        0.0008586093  -0.0003553841  -0.0005814446  -0.0001293814   0.0002146042
        0.0000679773   0.0001705669  -0.0000737467  -0.0001105764  -0.0004336425
       -0.0027548403   0.0000263500   0.0000471624  -0.0000302757  -0.0000411817
        0.0000104745   0.0000188812   0.0000165967   0.0000499264  -0.0000141634
       -0.0124252678  -0.2478349160  -0.0173765333  -0.0155919446  -0.0113080520
        0.0031697015   0.0233011784   0.2963670306   0.0150594237   0.0037782943
       -0.0237198062  -0.0004941493  -0.0011425751  -0.0137019823  -0.0038716288
        0.0040932218  -0.0002264853   0.0066712745   0.0001580051   0.0003768784
        0.0004832131  -0.0001119586   0.0000441736   0.0002902605  -0.0007343709
        0.0005114276  -0.0002224284  -0.0005316510  -0.0000602367   0.0001193814
       -0.0000476077   0.0002496736  -0.0000034531  -0.0007614754  -0.0006622116
       -0.0038232868   0.0000678727   0.0000148063  -0.0000498225  -0.0001032625
       -0.0000889196   0.0000898277   0.0000515413   0.0000386196  -0.0000417803
       -0.0034142286  -0.0126617898  -0.0429232672   0.0068967740   0.0179484182
        0.0018508086   0.0006972043   0.0150594237   0.0473163004  -0.0013940221
        0.0124893446   0.0008104516  -0.0028594511  -0.0334108433  -0.0052190542
       -0.0010151423   0.0007454218  -0.0037990997  -0.0001106224   0.0001571673
        0.0000351866   0.0000384348  -0.0000085348  -0.0000905409   0.0009832320
       -0.0007662450   0.0003331951   0.0003531570   0.0000906768  -0.0001384844
       -0.0000268394  -0.0001064050   0.0000799597  -0.0001126273   0.0005031560
        0.0017564478  -0.0000427786  -0.0000135316   0.0000012797   0.0000093580
       -0.0000082169  -0.0000054727  -0.0000024483  -0.0000180419  -0.0000077103
       -0.1860685254   0.0807868097  -0.0621178758  -0.0335624618   0.0000645005
       -0.0025133189  -0.0015245403   0.0037782943  -0.0013940221   0.2292743390
       -0.0907406198   0.0669674119  -0.0079975536   0.0038958662  -0.0057249235
        0.0002182702   0.0061745908   0.0080684714   0.0005548187   0.0000439744
        0.0002844738  -0.0000439017   0.0001411216   0.0001338633   0.0002916595
       -0.0026794146   0.0002979311  -0.0000676681   0.0001144611  -0.0000309140
       -0.0005010459  -0.0001878146   0.0004026870  -0.0004191503  -0.0011350727
       -0.0045360874  -0.0000328633   0.0000185572   0.0000655771  -0.0000929666
       -0.0003406135   0.0001760181  -0.0000284103   0.0000653595  -0.0000792922
        0.0763988431  -0.0820389329   0.0287155291  -0.0082758675   0.0068154192
       -0.0033914388   0.0299834219  -0.0237198062   0.0124893446  -0.0907406198
        0.0963128402  -0.0356031311  -0.0061671246   0.0034220665  -0.0027143394
       -0.0013003355  -0.0004199930   0.0006372990   0.0000931518   0.0000178846
       -0.0004005415   0.0000653818  -0.0000413596  -0.0000882721  -0.0002196489
       -0.0004820220   0.0000412201   0.0000529304  -0.0000319155   0.0000054791
       -0.0001113732  -0.0000268660   0.0000466719   0.0002006061   0.0002029579
        0.0002500970  -0.0000150129   0.0000128004   0.0000018945   0.0000368542
       -0.0000225850   0.0000032971  -0.0000012070  -0.0000004887   0.0000068905
       -0.0564730777   0.0277189571  -0.0637399322   0.0161487977  -0.0056592846
        0.0065321648   0.0007689307  -0.0004941493   0.0008104516   0.0669674119
       -0.0356031311   0.0717838396  -0.0286015872   0.0141626483  -0.0142400097
        0.0010508683  -0.0011624716  -0.0023851968   0.0001168196  -0.0001793390
        0.0003833317  -0.0000237233  -0.0000318282   0.0000548036  -0.0000627589
        0.0013140278  -0.0000651968  -0.0000229332  -0.0000159411  -0.0000180356
        0.0002448406   0.0001311686  -0.0001303684  -0.0001333861  -0.0002281845
        0.0010762745   0.0000242414  -0.0000224252   0.0000160974   0.0000055511
        0.0001121052  -0.0000600108  -0.0000099950  -0.0000421524  -0.0000182129
       -0.0504906197  -0.0099976307  -0.0412929469   0.0025599843   0.0048227464
        0.0223210444  -0.0002287874  -0.0011425751  -0.0028594511  -0.0079975536
       -0.0061671246  -0.0286015872   0.0576442499   0.0125754555   0.0453978215
        0.0007418179   0.0006931181   0.0029863275  -0.0037138955  -0.0016721532
        0.0041712930   0.0001082076   0.0000198598  -0.0001264950   0.0004023787
        0.0000916067  -0.0004246514   0.0000314393  -0.0000036014  -0.0000645666
        0.0000277315  -0.0000797830  -0.0000544861   0.0009234968   0.0007483431
       -0.0014139405  -0.0000212468   0.0000631957  -0.0000175954   0.0000123271
        0.0000669527  -0.0000405805   0.0000004697  -0.0000184101   0.0000198144
       -0.0100633756  -0.0610643159  -0.0580938310   0.0013167823   0.0029679655
        0.0076103791  -0.0069902710  -0.0137019823  -0.0334108433   0.0038958662
        0.0034220665   0.0141626483   0.0125754555   0.0681703669   0.0675382783
       -0.0000883299   0.0005397497   0.0011890188  -0.0018205144   0.0003142022
        0.0014543944   0.0000653039  -0.0000247062  -0.0000770132   0.0001197007
        0.0000701644  -0.0002232290   0.0000609935  -0.0000000710  -0.0000165371
       -0.0000267596  -0.0000361701   0.0000222717   0.0009411737  -0.0006463680
       -0.0001354439   0.0000058705   0.0000069722   0.0000090708   0.0000320286
        0.0000072249  -0.0000352145  -0.0000239243  -0.0000250987   0.0000060506
       -0.0419864643  -0.0584363024  -0.2505508361   0.0027768286  -0.0026253311
       -0.0231697653  -0.0017409431  -0.0038716288  -0.0052190542  -0.0057249235
       -0.0027143394  -0.0142400097   0.0453978215   0.0675382783   0.2958461386
       -0.0016595252  -0.0009597353  -0.0011062645   0.0038142202   0.0010544409
       -0.0035378185  -0.0000533040  -0.0000535579  -0.0000457746  -0.0003121733
       -0.0000365638  -0.0000489676   0.0000138278  -0.0000220246   0.0001312873
        0.0000194331  -0.0000421382   0.0001162469  -0.0005234321   0.0001838684
        0.0018513560  -0.0000431231  -0.0000520508  -0.0000812622  -0.0000159999
       -0.0000096280  -0.0000039840   0.0000377572   0.0000467125   0.0000587081
       -0.0306130069  -0.0139336730  -0.0002692921  -0.3020496183  -0.1582631596
       -0.1128270329   0.0015009279   0.0040932218  -0.0010151423   0.0002182702
       -0.0013003355   0.0010508683   0.0007418179  -0.0000883299  -0.0016595252
        0.5453775159   0.2193513700   0.1150033781  -0.0021322502   0.0043646104
        0.0022766787   0.0025351049  -0.0007291599  -0.0013375291  -0.1177814847
       -0.0173981902   0.0343695110  -0.0264416352  -0.0089913041   0.0156365704
        0.0005987914  -0.0095993245   0.0026740337  -0.0735166236  -0.0200440137
       -0.0519228481   0.0003054358   0.0009120672  -0.0011360023   0.0009070965
        0.0020657588  -0.0008972907   0.0003496583  -0.0004395378   0.0000536225
       -0.0130950244  -0.0100533062   0.0014561070  -0.1589388712  -0.1164517236
       -0.0728554594  -0.0012124524  -0.0002264853   0.0007454218   0.0061745908
       -0.0004199930  -0.0011624716   0.0006931181   0.0005397497  -0.0009597353
        0.2193513700   0.2868762464   0.1244783975   0.0000460375  -0.0083377125
       -0.0002649487   0.0109491569   0.0026499665  -0.0110896796  -0.0248079572
       -0.0664478693   0.0141097960  -0.0005662893   0.0010614558  -0.0012562820
       -0.0187466297  -0.0129118249   0.0176718957  -0.0184383001  -0.0707320826
       -0.0736417393  -0.0003256095   0.0007130852   0.0000911046  -0.0002192788
       -0.0058813073   0.0024175152  -0.0008638608  -0.0003781989   0.0002600781
        0.0044408428   0.0044398856   0.0081210736  -0.1146616503  -0.0738469963
       -0.1230907210   0.0064881898   0.0066712745  -0.0037990997   0.0080684714
        0.0006372990  -0.0023851968   0.0029863275   0.0011890188  -0.0011062645
        0.1150033781   0.1244783975   0.6109946339  -0.0208407322  -0.0122257200
       -0.0173123868   0.0137240222   0.0030143257  -0.0182278069   0.0348878029
        0.0103417269  -0.0844965039  -0.0108247341  -0.0021859125   0.0075010982
        0.0055870161   0.0118147540  -0.0073847520  -0.0437255180  -0.0710943874
       -0.3701986479   0.0000116399   0.0001628409  -0.0000903146  -0.0005138583
       -0.0013107880   0.0012099360  -0.0006311977  -0.0020857187   0.0002649525
       -0.0005691743   0.0042033236   0.0223402235  -0.0383047079  -0.0132846583
       -0.0058672027   0.0002640326   0.0001580051  -0.0001106224   0.0005548187
        0.0000931518   0.0001168196  -0.0037138955  -0.0018205144   0.0038142202
       -0.0021322502   0.0000460375  -0.0208407322   0.0482407009   0.0176934117
        0.0067732925  -0.0014818369  -0.0001632254   0.0004475309  -0.0004921116
       -0.0000377425  -0.0023871737  -0.0001038111   0.0000595538   0.0001458373
        0.0001474983   0.0001059942   0.0000021198  -0.0024925972  -0.0072700966
       -0.0044677412   0.0001359987  -0.0000832060   0.0000145630  -0.0000740496
        0.0001019323   0.0000177596   0.0000213851   0.0001980333   0.0000011058
        0.0006276390  -0.0002658165   0.0087836466  -0.0140031332  -0.0270951276
       -0.0420627710   0.0001589082   0.0003768784   0.0001571673   0.0000439744
        0.0000178846  -0.0001793390  -0.0016721532   0.0003142022   0.0010544409
        0.0043646104  -0.0083377125  -0.0122257200   0.0176934117   0.0310486662
        0.0489510981  -0.0006249473   0.0001171867   0.0001089124   0.0009219380
       -0.0018554601  -0.0001509474   0.0003987119   0.0001411711  -0.0000327197
       -0.0005929472  -0.0001068844   0.0001351727  -0.0075307682   0.0060030287
       -0.0047425392   0.0000980343  -0.0002565606   0.0000531195   0.0000102060
       -0.0001683436   0.0001353499   0.0001065154   0.0000668874   0.0000151289
       -0.0008786449  -0.0031131282  -0.0187443817  -0.0089159401  -0.0434959866
       -0.2640114531  -0.0001614689   0.0004832131   0.0000351866   0.0002844738
       -0.0004005415   0.0003833317   0.0041712930   0.0014543944  -0.0035378185
        0.0022766787  -0.0002649487  -0.0173123868   0.0067732925   0.0489510981
        0.3066957983  -0.0002148812   0.0002638599   0.0011458510   0.0016297551
        0.0010852800   0.0009971708   0.0000596372   0.0002126504  -0.0000452077
        0.0002067478   0.0003623100   0.0004021703  -0.0051674258  -0.0051087641
       -0.0059443546   0.0000261099  -0.0002925631   0.0000074155  -0.0000981468
       -0.0001455742   0.0000423324   0.0000085196   0.0000087006  -0.0001136542
        0.0002817526  -0.0000703796  -0.0003285176  -0.0002488623   0.0000122531
        0.0020388037  -0.0000457073  -0.0001119586   0.0000384348  -0.0000439017
        0.0000653818  -0.0000237233   0.0001082076   0.0000653039  -0.0000533040
        0.0025351049   0.0109491569   0.0137240222  -0.0014818369  -0.0006249473
       -0.0002148812   0.0495715495   0.0059751940   0.0092524968  -0.0451310704
       -0.0034198254  -0.0082161570  -0.0038935672  -0.0157862222  -0.0259558421
        0.0009807081   0.0026255734   0.0030357298  -0.0033986356  -0.0011264723
        0.0060347789   0.0001432750   0.0004889275   0.0005992474  -0.0000616408
       -0.0003481245  -0.0002206476   0.0006846244   0.0013061394   0.0002895594
       -0.0002228466   0.0000295070   0.0002457046  -0.0004499851   0.0001374795
        0.0015981068   0.0000077670   0.0000441736  -0.0000085348   0.0001411216
       -0.0000413596  -0.0000318282   0.0000198598  -0.0000247062  -0.0000535579
       -0.0007291599   0.0026499665   0.0030143257  -0.0001632254   0.0001171867
        0.0002638599   0.0059751940   0.1364231579   0.1211433089  -0.0037187860
       -0.1109971566  -0.1031268206  -0.0007216752   0.0012573313   0.0000369476
       -0.0000188997  -0.0234515368  -0.0245565970  -0.0007470109   0.0003421598
        0.0011790584  -0.0001368463   0.0009411550  -0.0005221481  -0.0001789078
        0.0005320800  -0.0003982762   0.0009434005  -0.0079594380   0.0012164508
       -0.0006537598   0.0000593928   0.0004687486  -0.0012405296   0.0001474578
        0.0005175072   0.0001282075   0.0002902605  -0.0000905409   0.0001338633
       -0.0000882721   0.0000548036  -0.0001264950  -0.0000770132  -0.0000457746
       -0.0013375291  -0.0110896796  -0.0182278069   0.0004475309   0.0001089124
        0.0011458510   0.0092524968   0.1211433089   0.2236446215  -0.0085416868
       -0.1057074871  -0.1900272512  -0.0040515616  -0.0099780857  -0.0167966894
        0.0003000688   0.0024719037   0.0047746640   0.0057131570   0.0018462261
       -0.0072767051   0.0003021247   0.0001574335   0.0005144119  -0.0002727307
       -0.0000753259   0.0004863351  -0.0000531562   0.0007909678   0.0008578251
       -0.0006664420  -0.0054562279  -0.0012190601  -0.0301571785  -0.0131143782
        0.0130027635  -0.0015218055  -0.0007343709   0.0009832320   0.0002916595
       -0.0002196489  -0.0000627589   0.0004023787   0.0001197007  -0.0003121733
       -0.1177814847  -0.0248079572   0.0348878029  -0.0004921116   0.0009219380
        0.0016297551  -0.0451310704  -0.0037187860  -0.0085416868   0.4665357405
       -0.0025547743   0.0461445448  -0.2113845950   0.0215624405  -0.0894098249
       -0.0647074082   0.0227051617  -0.0084241656   0.0067140884   0.0018001082
        0.0124776824  -0.0048846449   0.0256820610  -0.0076155013   0.0019999169
       -0.0221672710   0.0065386953   0.0007829568  -0.0000179957  -0.0000793051
       -0.0045297776   0.0065992522  -0.0026175869  -0.0156091712  -0.0074116377
        0.0062994160   0.0008586093   0.0005114276  -0.0007662450  -0.0026794146
       -0.0004820220   0.0013140278   0.0000916067   0.0000701644  -0.0000365638
       -0.0173981902  -0.0664478693   0.0103417269  -0.0000377425  -0.0018554601
        0.0010852800  -0.0034198254  -0.1109971566  -0.1057074871  -0.0025547743
        0.4464181588   0.0404483336   0.0240320416  -0.0429507794   0.0085507803
        0.0128931033  -0.1878024694   0.0324050478   0.0029554113   0.0099230514
       -0.0019051520   0.0042572217  -0.0073355761   0.0038502146  -0.0012841507
       -0.0152352303   0.0062192384   0.0024250525  -0.0230038534   0.0005189693
       -0.0013639115  -0.0024248829   0.0005212427   0.0036224948   0.0017180540
        0.0030521695  -0.0003553841  -0.0002224284   0.0003331951   0.0002979311
        0.0000412201  -0.0000651968  -0.0004246514  -0.0002232290  -0.0000489676
        0.0343695110   0.0141097960  -0.0844965039  -0.0023871737  -0.0001509474
        0.0009971708  -0.0082161570  -0.1031268206  -0.1900272512   0.0461445448
        0.0404483336   0.4962942501  -0.0914761190   0.0078446259  -0.0932946697
       -0.0048763465   0.0253102825  -0.0731387237   0.0261690565   0.0040309531
       -0.0552124481  -0.0041487381   0.0158114237  -0.0044969314  -0.0003174592
        0.0207148622  -0.0059018113   0.0029624024  -0.0238812428   0.0054844755
       -0.0000875559  -0.0017736576  -0.0002863983  -0.0035735556  -0.0003141262
        0.0038371591  -0.0005814446  -0.0005316510   0.0003531570  -0.0000676681
        0.0000529304  -0.0000229332   0.0000314393   0.0000609935   0.0000138278
       -0.0264416352  -0.0005662893  -0.0108247341  -0.0001038111   0.0003987119
        0.0000596372  -0.0038935672  -0.0007216752  -0.0040515616  -0.2113845950
        0.0240320416  -0.0914761190   0.2475596315  -0.0263238930   0.1067144409
       -0.0055978295   0.0031772546  -0.0038684016   0.0031930759   0.0005000298
       -0.0000675377   0.0002782894   0.0022147262  -0.0006016197   0.0007217985
       -0.0001653379   0.0000138977  -0.0000525726  -0.0000400577   0.0002071855
       -0.0002991594  -0.0006030195   0.0001927566  -0.0011858092   0.0000356962
        0.0010341817  -0.0001293814  -0.0000602367   0.0000906768   0.0001144611
       -0.0000319155  -0.0000159411  -0.0000036014  -0.0000000710  -0.0000220246
       -0.0089913041   0.0010614558  -0.0021859125   0.0000595538   0.0001411711
        0.0002126504  -0.0157862222   0.0012573313  -0.0099780857   0.0215624405
       -0.0429507794   0.0078446259  -0.0263238930   0.0555861034  -0.0146300289
        0.0274654035  -0.0087038781   0.0156361456   0.0006354514  -0.0005372194
       -0.0006986668   0.0021241994  -0.0068542664   0.0024452468   0.0003431681
        0.0009073903  -0.0000906597   0.0004146928   0.0007522379   0.0001650355
        0.0004146590   0.0009599197   0.0002570844   0.0016388716   0.0002678606
       -0.0016798906   0.0002146042   0.0001193814  -0.0001384844  -0.0000309140
        0.0000054791  -0.0000180356  -0.0000645666  -0.0000165371   0.0001312873
        0.0156365704  -0.0012562820   0.0075010982   0.0001458373  -0.0000327197
       -0.0000452077  -0.0259558421   0.0000369476  -0.0167966894  -0.0894098249
        0.0085507803  -0.0932946697   0.1067144409  -0.0146300289   0.1056201726
       -0.0085158511   0.0038849521  -0.0039319243  -0.0007773011   0.0001908935
        0.0018380228  -0.0003312976   0.0025150216   0.0002462383  -0.0002008099
       -0.0001238237  -0.0002094538   0.0005214238  -0.0004718444   0.0005204519
       -0.0008209445   0.0011665822  -0.0004727061  -0.0010336851  -0.0006836183
        0.0013976031   0.0000679773  -0.0000476077  -0.0000268394  -0.0005010459
       -0.0001113732   0.0002448406   0.0000277315  -0.0000267596   0.0000194331
        0.0005987914  -0.0187466297   0.0055870161   0.0001474983  -0.0005929472
        0.0002067478   0.0009807081  -0.0000188997   0.0003000688  -0.0647074082
        0.0128931033  -0.0048763465  -0.0055978295   0.0274654035  -0.0085158511
        0.5166276450   0.0078241155  -0.0029365307   0.0000939206  -0.0002399118
        0.0009295076  -0.2247165947   0.0214489173  -0.0966236581  -0.1754918786
       -0.0514334489   0.1026596659  -0.0456748857   0.0011030743   0.0021070490
       -0.0005412591   0.0005929472  -0.0000418508   0.0014959789   0.0004503175
        0.0007014658   0.0001705669   0.0002496736  -0.0001064050  -0.0001878146
       -0.0000268660   0.0001311686  -0.0000797830  -0.0000361701  -0.0000421382
       -0.0095993245  -0.0129118249   0.0118147540   0.0001059942  -0.0001068844
        0.0003623100   0.0026255734  -0.0234515368   0.0024719037   0.0227051617
       -0.1878024694   0.0253102825   0.0031772546  -0.0087038781   0.0038849521
        0.0078241155   0.4430317771   0.0165379455  -0.0000070650   0.0001783129
       -0.0020878845   0.0212517815  -0.0439082138   0.0108352782  -0.0500051466
       -0.0584954390   0.0376075683   0.0010639661  -0.1090597457  -0.1073793503
        0.0006527284  -0.0008534505   0.0002439584  -0.0006957676   0.0004241420
       -0.0012177359  -0.0000737467  -0.0000034531   0.0000799597   0.0004026870
        0.0000466719  -0.0001303684  -0.0000544861   0.0000222717   0.0001162469
        0.0026740337   0.0176718957  -0.0073847520   0.0000021198   0.0001351727
        0.0004021703   0.0030357298  -0.0245565970   0.0047746640  -0.0084241656
        0.0324050478  -0.0731387237  -0.0038684016   0.0156361456  -0.0039319243
       -0.0029365307   0.0165379455   0.5118236844   0.0012530791   0.0004855435
        0.0002930090  -0.0965220087   0.0106652343  -0.0971519230   0.1021489109
        0.0386335854  -0.1232560545   0.0024058182  -0.1072501555  -0.2115222111
        0.0003704365   0.0005118724  -0.0027647803  -0.0051229516  -0.0118315927
       -0.0379023411  -0.0001105764  -0.0007614754  -0.0001126273  -0.0004191503
        0.0002006061  -0.0001333861   0.0009234968   0.0009411737  -0.0005234321
       -0.0735166236  -0.0184383001  -0.0437255180  -0.0024925972  -0.0075307682
       -0.0051674258  -0.0033986356  -0.0007470109   0.0057131570   0.0067140884
        0.0029554113   0.0261690565   0.0031930759   0.0006354514  -0.0007773011
        0.0000939206  -0.0000070650   0.0012530791   0.0741059612   0.0337512416
        0.0580954616   0.0000894307  -0.0000647301   0.0002927832  -0.0000045938
       -0.0001854016  -0.0001409493  -0.0004252814   0.0005705875  -0.0002757764
        0.0018746690  -0.0008546961  -0.0012897510  -0.0088051294  -0.0015946890
       -0.0267273855  -0.0004336425  -0.0006622116   0.0005031560  -0.0011350727
        0.0002029579  -0.0002281845   0.0007483431  -0.0006463680   0.0001838684
       -0.0200440137  -0.0707320826  -0.0710943874  -0.0072700966   0.0060030287
       -0.0051087641  -0.0011264723   0.0003421598   0.0018462261   0.0018001082
        0.0099230514   0.0040309531   0.0005000298  -0.0005372194   0.0001908935
       -0.0002399118   0.0001783129   0.0004855435   0.0337512416   0.0567370367
        0.0979191010   0.0001000801  -0.0000137647  -0.0001181573  -0.0001636148
        0.0004784125  -0.0002105292   0.0004434822   0.0011760716  -0.0003825825
        0.0058134370   0.0029118362  -0.0009714377  -0.0183947910  -0.0169616965
       -0.0442942041  -0.0027548403  -0.0038232868   0.0017564478  -0.0045360874
        0.0002500970   0.0010762745  -0.0014139405  -0.0001354439   0.0018513560
       -0.0519228481  -0.0736417393  -0.3701986479  -0.0044677412  -0.0047425392
       -0.0059443546   0.0060347789   0.0011790584  -0.0072767051   0.0124776824
       -0.0019051520  -0.0552124481  -0.0000675377  -0.0006986668   0.0018380228
        0.0009295076  -0.0020878845   0.0002930090   0.0580954616   0.0979191010
        0.4771610930  -0.0002425807  -0.0003396515  -0.0003206777   0.0003506106
        0.0015346957  -0.0005675679   0.0000988887   0.0005412722   0.0008098400
       -0.0001146426   0.0000510968   0.0000956778   0.0001896050  -0.0002330957
        0.0002101745   0.0000263500   0.0000678727  -0.0000427786  -0.0000328633
       -0.0000150129   0.0000242414  -0.0000212468   0.0000058705  -0.0000431231
        0.0003054358  -0.0003256095   0.0000116399   0.0001359987   0.0000980343
        0.0000261099   0.0001432750  -0.0001368463   0.0003021247  -0.0048846449
        0.0042572217  -0.0041487381   0.0002782894   0.0021241994  -0.0003312976
       -0.2247165947   0.0212517815  -0.0965220087   0.0000894307   0.0001000801
       -0.0002425807   0.2591944937  -0.0272979378   0.1147603044  -0.0281577912
        0.0009923420  -0.0111851057  -0.0024350948  -0.0009399967  -0.0029146402
        0.0000830458  -0.0000602702  -0.0001076759  -0.0001254606   0.0004580272
       -0.0000033425   0.0000471624   0.0000148063  -0.0000135316   0.0000185572
        0.0000128004  -0.0000224252   0.0000631957   0.0000069722  -0.0000520508
        0.0009120672   0.0007130852   0.0001628409  -0.0000832060  -0.0002565606
       -0.0002925631   0.0004889275   0.0009411550   0.0001574335   0.0256820610
       -0.0073355761   0.0158114237   0.0022147262  -0.0068542664   0.0025150216
        0.0214489173  -0.0439082138   0.0106652343  -0.0000647301  -0.0000137647
       -0.0003396515  -0.0272979378   0.0536391283  -0.0149659872  -0.0079274359
        0.0011619122  -0.0039254257  -0.0154598898   0.0014807649  -0.0095893004
       -0.0000494068   0.0000223734   0.0000168549   0.0004163292  -0.0002957912
        0.0003641571  -0.0000302757  -0.0000498225   0.0000012797   0.0000655771
        0.0000018945   0.0000160974  -0.0000175954   0.0000090708  -0.0000812622
       -0.0011360023   0.0000911046  -0.0000903146   0.0000145630   0.0000531195
        0.0000074155   0.0005992474  -0.0005221481   0.0005144119  -0.0076155013
        0.0038502146  -0.0044969314  -0.0006016197   0.0024452468   0.0002462383
       -0.0966236581   0.0108352782  -0.0971519230   0.0002927832  -0.0001181573
       -0.0003206777   0.1147603044  -0.0149659872   0.1105453447   0.0168153049
       -0.0015248315   0.0080060699  -0.0268900499   0.0001684354  -0.0175767603
        0.0001099000   0.0001531072  -0.0001217267   0.0003414581  -0.0002581454
        0.0002752016  -0.0000411817  -0.0001032625   0.0000093580  -0.0000929666
        0.0000368542   0.0000055511   0.0000123271   0.0000320286  -0.0000159999
        0.0009070965  -0.0002192788  -0.0005138583  -0.0000740496   0.0000102060
       -0.0000981468  -0.0000616408  -0.0001789078  -0.0002727307   0.0019999169
       -0.0012841507  -0.0003174592   0.0007217985   0.0003431681  -0.0002008099
       -0.1754918786  -0.0500051466   0.1021489109  -0.0000045938  -0.0001636148
        0.0003506106  -0.0281577912  -0.0079274359   0.0168153049   0.2020289283
        0.0595758563  -0.1208436282  -0.0021973230  -0.0000112778   0.0027794227
       -0.0003819608   0.0004679642  -0.0002962303  -0.0005798950  -0.0003088240
        0.0009471396   0.0000104745  -0.0000889196  -0.0000082169  -0.0003406135
       -0.0000225850   0.0001121052   0.0000669527   0.0000072249  -0.0000096280
        0.0020657588  -0.0058813073  -0.0013107880   0.0001019323  -0.0001683436
       -0.0001455742  -0.0003481245   0.0005320800  -0.0000753259  -0.0221672710
       -0.0152352303   0.0207148622  -0.0001653379   0.0009073903  -0.0001238237
       -0.0514334489  -0.0584954390   0.0386335854  -0.0001854016   0.0004784125
        0.0015346957   0.0009923420   0.0011619122  -0.0015248315   0.0595758563
        0.0719737297  -0.0475814480   0.0127887366   0.0046719351  -0.0108665215
        0.0001171963  -0.0002173667   0.0002103270   0.0001332572   0.0001428297
       -0.0003686739   0.0000188812   0.0000898277  -0.0000054727   0.0001760181
        0.0000032971  -0.0000600108  -0.0000405805  -0.0000352145  -0.0000039840
       -0.0008972907   0.0024175152   0.0012099360   0.0000177596   0.0001353499
        0.0000423324  -0.0002206476  -0.0003982762   0.0004863351   0.0065386953
        0.0062192384  -0.0059018113   0.0000138977  -0.0000906597  -0.0002094538
        0.1026596659   0.0376075683  -0.1232560545  -0.0001409493  -0.0002105292
       -0.0005675679  -0.0111851057  -0.0039254257   0.0080060699  -0.1208436282
       -0.0475814480   0.1418163553   0.0236528307   0.0058432937  -0.0213983268
       -0.0000467027  -0.0000105545   0.0000241071  -0.0000652257  -0.0000366916
       -0.0000189903   0.0000165967   0.0000515413  -0.0000024483  -0.0000284103
       -0.0000012070  -0.0000099950   0.0000004697  -0.0000239243   0.0000377572
        0.0003496583  -0.0008638608  -0.0006311977   0.0000213851   0.0001065154
        0.0000085196   0.0006846244   0.0009434005  -0.0000531562   0.0007829568
        0.0024250525   0.0029624024  -0.0000525726   0.0004146928   0.0005214238
       -0.0456748857   0.0010639661   0.0024058182  -0.0004252814   0.0004434822
        0.0000988887  -0.0024350948  -0.0154598898  -0.0268900499  -0.0021973230
        0.0127887366   0.0236528307   0.0490698051  -0.0018412593  -0.0021059104
        0.0000783347   0.0000098901   0.0001115991  -0.0000629200   0.0002432434
        0.0002379201   0.0000499264   0.0000386196  -0.0000180419   0.0000653595
       -0.0000004887  -0.0000421524  -0.0000184101  -0.0000250987   0.0000467125
       -0.0004395378  -0.0003781989  -0.0020857187   0.0001980333   0.0000668874
        0.0000087006   0.0013061394  -0.0079594380   0.0007909678  -0.0000179957
       -0.0230038534  -0.0238812428  -0.0000400577   0.0007522379  -0.0004718444
        0.0011030743  -0.1090597457  -0.1072501555   0.0005705875   0.0011760716
        0.0005412722  -0.0009399967   0.0014807649   0.0001684354  -0.0000112778
        0.0046719351   0.0058432937  -0.0018412593   0.1319871735   0.1260002542
        0.0001227697   0.0000657679   0.0000054783  -0.0001114413   0.0000049089
       -0.0001374409  -0.0000141634  -0.0000417803  -0.0000077103  -0.0000792922
        0.0000068905  -0.0000182129   0.0000198144   0.0000060506   0.0000587081
        0.0000536225   0.0002600781   0.0002649525   0.0000011058   0.0000151289
       -0.0001136542   0.0002895594   0.0012164508   0.0008578251  -0.0000793051
        0.0005189693   0.0054844755   0.0002071855   0.0001650355   0.0005204519
        0.0021070490  -0.1073793503  -0.2115222111  -0.0002757764  -0.0003825825
        0.0008098400  -0.0029146402  -0.0095893004  -0.0175767603   0.0027794227
       -0.0108665215  -0.0213983268  -0.0021059104   0.1260002542   0.2427725850
