           1           2   1.02587297713715     
           1           3  0.979230573322439     
           1           4  0.979773748532535     
           1           5  0.987139478243902     
           2           6   1.64004683381903     
           2           7  0.968899990962628     
           6           9  0.954814494386936     
           8           9  0.979916146924743     
           9          10  0.978679231481924     
           9          11   1.01145126762239     
           2          12  0.213424703262963     
           6          12   1.32277050906479     
          11          13  0.989481593883359     
          11          14  0.986555396482428     
          11          15  0.989292217180228     
