$hessian                                                                        
        0.4435122187  -0.0657740022  -0.0480736344  -0.0487125987  -0.0143165503
       -0.0064910957  -0.0633039186   0.0108810972   0.0668112240  -0.0439408127
        0.0079947864  -0.0019010346  -0.2270790936   0.0767792183   0.0070445985
        0.0032551436  -0.0008080823  -0.0026629332   0.0007654232   0.0002959687
        0.0006915408  -0.0012209555  -0.0101947258  -0.0004862592  -0.0000722574
        0.0004105128   0.0003770241   0.0001088866   0.0010135601   0.0019226111
       -0.0640440118  -0.0074542983  -0.0173970891   0.0006757937   0.0005570403
       -0.0000240740   0.0002573993   0.0002332866   0.0003561663  -0.0002012167
        0.0003821883  -0.0001670447
       -0.0657740022   0.4516309596  -0.0431367796  -0.0089755601  -0.0788823679
       -0.0143644150   0.0097935125  -0.0454922625  -0.0237447238   0.0054674297
       -0.2254611521   0.0941551431   0.0809270513  -0.0738599337  -0.0008908991
       -0.0028983654  -0.0064630993  -0.0088377440  -0.0001468228  -0.0003271709
       -0.0002394870  -0.0148361821  -0.0306710666  -0.0076785708  -0.0001471970
        0.0005940914   0.0010793149   0.0002683597   0.0002646160  -0.0011769577
       -0.0017558889   0.0146465597   0.0041913916  -0.0007084718  -0.0004758658
       -0.0005892275  -0.0007937814  -0.0062778581   0.0021921367  -0.0004200815
        0.0007745501  -0.0009591817
       -0.0480736344  -0.0431367796   0.4752261075  -0.0035821628  -0.0153900137
       -0.0647023142   0.0632989324  -0.0269305110  -0.2523919938  -0.0003541670
        0.0979975798  -0.0917765608   0.0093197615  -0.0016674941  -0.0431566718
       -0.0114177699  -0.0214229350  -0.0256481909  -0.0007036736  -0.0004984200
       -0.0000833328   0.0046068447   0.0061824950   0.0030412472  -0.0008604148
       -0.0006813662   0.0005671973   0.0008653075  -0.0018959521  -0.0067389289
       -0.0142937059   0.0031121007   0.0053381073   0.0004226631   0.0000104972
        0.0001575268   0.0004412749   0.0032518497  -0.0003378811   0.0003307443
        0.0010689493   0.0005056882
       -0.0487125987  -0.0089755601  -0.0035821628   0.4636242123  -0.0436529070
       -0.0012872227   0.0057794169   0.0052267490   0.0053740345   0.0015156861
        0.0007541473   0.0007307329  -0.0181973905  -0.0080734623  -0.0078261540
       -0.0460848616  -0.0035231278  -0.0044727161  -0.0143125621   0.0050416994
        0.0181830189  -0.0498675671  -0.0156534022   0.0072245905   0.0012295410
       -0.0001000062  -0.0020182853   0.0046386014  -0.0048147062  -0.0172282852
       -0.2909447351   0.0784543901   0.0023157579  -0.0096403634   0.0215635196
       -0.0097763653   0.0000719247  -0.0180786130   0.0059753014   0.0009006960
       -0.0081687207   0.0063877553
       -0.0143165503  -0.0788823679  -0.0153900137  -0.0436529070   0.3607173631
        0.0004689068  -0.0024940227  -0.0026165050  -0.0036115901  -0.0162974922
       -0.0202689416  -0.0083289795   0.0114321410   0.0062407761   0.0059071319
       -0.0035019523  -0.0543337501   0.0016366305   0.0050297295  -0.0023876531
       -0.0066346966  -0.0103042996  -0.0777361205   0.0140500253  -0.0088340828
       -0.0011558453   0.0243292888   0.0039324511  -0.0045928144  -0.0172988379
        0.0784420694  -0.1060960958  -0.0008501953   0.0020351487  -0.0023574185
        0.0005787701  -0.0009653332  -0.0188043535   0.0058839609  -0.0005048996
        0.0022737267  -0.0007404009
       -0.0064910957  -0.0143644150  -0.0647023142  -0.0012872227   0.0004689068
        0.3446439864  -0.0151295904  -0.0161905113  -0.0173728557   0.0077086510
        0.0089586923   0.0044844971   0.0028830907   0.0021611176   0.0011908089
        0.0012965384  -0.0004737282  -0.0918539694  -0.0031508197   0.0011569966
        0.0059379600   0.0043520751   0.0151637236  -0.0647099267   0.0049593653
        0.0016426805  -0.0143368224   0.0027220511  -0.0044681186  -0.0142815951
        0.0023286291  -0.0008591434  -0.0773036121   0.0008126034  -0.0035723896
        0.0012159075   0.0000661648  -0.0117575314   0.0044736998  -0.0010704403
        0.0221337201  -0.0173857641
       -0.0633039186   0.0097935125   0.0632989324   0.0057794169  -0.0024940227
       -0.0151295904   0.0702467961  -0.0108940541  -0.0777655524   0.0003289805
       -0.0002044834   0.0002996964  -0.0130458840   0.0049900995   0.0313255791
       -0.0017410817  -0.0021778395  -0.0018720041   0.0000759093  -0.0001521779
        0.0000179129   0.0002191024   0.0008826643  -0.0004390033  -0.0001087005
        0.0000029007   0.0000605394   0.0004069794  -0.0003512662  -0.0010697383
        0.0011856288   0.0006369981   0.0011587823  -0.0001261831  -0.0000090358
        0.0001430748  -0.0000291202   0.0001468372  -0.0000452117   0.0001120747
       -0.0001701328   0.0000165828
        0.0108810972  -0.0454922625  -0.0269305110   0.0052267490  -0.0026165050
       -0.0161905113  -0.0108940541   0.0515357363   0.0283984083  -0.0090084553
        0.0008541058   0.0306644251   0.0058716547  -0.0020051431  -0.0132555806
       -0.0024335660  -0.0026477260  -0.0026461805  -0.0001476709   0.0000166089
        0.0001958745   0.0000819290   0.0003463971  -0.0010277956  -0.0000877254
       -0.0000540463   0.0000730418   0.0001279843  -0.0002018026  -0.0014185487
        0.0006310306   0.0006086304   0.0015261475   0.0000818060   0.0000059715
        0.0000013651   0.0001146073   0.0002717311   0.0001761582  -0.0004453864
       -0.0006216956   0.0004337072
        0.0668112240  -0.0237447238  -0.2523919938   0.0053740345  -0.0036115901
       -0.0173728557  -0.0777655524   0.0283984083   0.2929206547   0.0062445253
        0.0013326024  -0.0207721208   0.0031159788  -0.0008547307  -0.0039707094
       -0.0031902555  -0.0032646779  -0.0019766488  -0.0003004709   0.0001716077
        0.0002836749   0.0004924649   0.0008367240   0.0005015101  -0.0000169384
       -0.0001743720   0.0004976412   0.0001313239  -0.0006126669  -0.0014879266
       -0.0008113736   0.0015835419   0.0027715331   0.0000508603  -0.0000990608
       -0.0000588289   0.0001296956   0.0003785046   0.0000963808  -0.0002655163
       -0.0003395665   0.0009596893
       -0.0439408127   0.0054674297  -0.0003541670   0.0015156861  -0.0162974922
        0.0077086510   0.0003289805  -0.0090084553   0.0062445253   0.0466331760
       -0.0082970377   0.0019891261  -0.0037282960   0.0295497248  -0.0148987336
        0.0001307106   0.0004130489   0.0009790815  -0.0000690532   0.0000942844
       -0.0001250263  -0.0022049214  -0.0026642459  -0.0017669677   0.0001799461
        0.0000782051  -0.0002212386  -0.0000500115   0.0000852730   0.0001888216
        0.0010773128   0.0017586287   0.0001817338   0.0000485340  -0.0000056699
       -0.0001095430   0.0001105275  -0.0013193652   0.0003329453  -0.0000317787
        0.0001456716  -0.0001492084
        0.0079947864  -0.2254611521   0.0979975798   0.0007541473  -0.0202689416
        0.0089586923  -0.0002044834   0.0008541058   0.0013326024  -0.0082970377
        0.2606582066  -0.1129963360   0.0033936688  -0.0152822199   0.0078596464
        0.0002485264   0.0002902475   0.0007735873   0.0000979391  -0.0001153638
        0.0000046170  -0.0037001949  -0.0038179824  -0.0027591222  -0.0000749463
        0.0005787692  -0.0011313554   0.0001457281   0.0003656539   0.0003139779
        0.0001072108   0.0033247615  -0.0003547222  -0.0002523675   0.0004289230
       -0.0001187099  -0.0003243130  -0.0018296104   0.0004948206   0.0001113357
        0.0002746028  -0.0003752779
       -0.0019010346   0.0941551431  -0.0917765608   0.0007307329  -0.0083289795
        0.0044844971   0.0002996964   0.0306644251  -0.0207721208   0.0019891261
       -0.1129963360   0.1073893737  -0.0004681567   0.0002448318  -0.0000016123
       -0.0004691473  -0.0008963565   0.0006748080   0.0000206119   0.0000810523
        0.0000112605  -0.0011460008  -0.0019026609  -0.0003369388  -0.0001658415
       -0.0002866827  -0.0003099854   0.0000267008   0.0001012467   0.0000239538
        0.0012255179  -0.0000889954   0.0001724711   0.0000719121  -0.0000516639
       -0.0000930429  -0.0000670963  -0.0005908957   0.0004365613  -0.0001470209
       -0.0001041280   0.0000973357
       -0.2270790936   0.0809270513   0.0093197615  -0.0181973905   0.0114321410
        0.0028830907  -0.0130458840   0.0058716547   0.0031159788  -0.0037282960
        0.0033936688  -0.0004681567   0.2664652124  -0.0947198960  -0.0102078633
        0.0005882629   0.0003593386   0.0001401720   0.0015300234  -0.0006910116
       -0.0006812476   0.0002729182   0.0000850332   0.0003160209  -0.0000598265
        0.0000692468  -0.0000740892   0.0002504433   0.0001902442   0.0003348000
       -0.0085526273  -0.0059043527  -0.0049951276   0.0013291415  -0.0013629990
        0.0001171698   0.0003382604   0.0003349515   0.0000887098  -0.0001111443
        0.0000149294   0.0001107810
        0.0767792183  -0.0738599337  -0.0016674941  -0.0080734623   0.0062407761
        0.0021611176   0.0049900995  -0.0020051431  -0.0008547307   0.0295497248
       -0.0152822199   0.0002448318  -0.0947198960   0.0860218942   0.0024189063
       -0.0004518211   0.0001834574   0.0002008665  -0.0002425552   0.0000500930
       -0.0003670769  -0.0011935761  -0.0000583257  -0.0002842838   0.0001564871
       -0.0001040016  -0.0000028125  -0.0000628486   0.0000139237   0.0001764790
       -0.0064689108  -0.0005263410  -0.0019669728  -0.0004529643  -0.0008033205
       -0.0000920601   0.0000840138   0.0001418703  -0.0000077094   0.0001064909
       -0.0000127291   0.0000409391
        0.0070445985  -0.0008908991  -0.0431566718  -0.0078261540   0.0059071319
        0.0011908089   0.0313255791  -0.0132555806  -0.0039707094  -0.0148987336
        0.0078596464  -0.0000016123  -0.0102078633   0.0024189063   0.0479499862
       -0.0010537579  -0.0001534216  -0.0004222359   0.0000578084  -0.0007173424
       -0.0007922665   0.0003624232   0.0004681885   0.0001611533   0.0000234096
        0.0000918243  -0.0000112970   0.0001585280   0.0000999985   0.0001190368
       -0.0052417937  -0.0018854760  -0.0011902908   0.0001507946  -0.0000119508
        0.0002767660  -0.0000051995   0.0001627355  -0.0000937696   0.0001103606
       -0.0000937610  -0.0000588979
        0.0032551436  -0.0028983654  -0.0114177699  -0.0460848616  -0.0035019523
        0.0012965384  -0.0017410817  -0.0024335660  -0.0031902555   0.0001307106
        0.0002485264  -0.0004691473   0.0005882629  -0.0004518211  -0.0010537579
        0.4911346046   0.0061298605   0.0554478387  -0.2348381799   0.0696491645
       -0.0068974273   0.0010226385  -0.0034456626   0.0051488115  -0.0451356797
        0.0069584909  -0.0046604368  -0.1249270819  -0.0890823386  -0.0683784687
       -0.0438982936   0.0184560554   0.0349756925   0.0004698004   0.0002150914
       -0.0007026621  -0.0001350616   0.0001050572   0.0002240999   0.0001590793
        0.0000514598  -0.0003230555
       -0.0008080823  -0.0064630993  -0.0214229350  -0.0035231278  -0.0543337501
       -0.0004737282  -0.0021778395  -0.0026477260  -0.0032646779   0.0004130489
        0.0002902475  -0.0008963565   0.0003593386   0.0001834574  -0.0001534216
        0.0061298605   0.5055798012  -0.0203863244   0.0696411287  -0.0694571354
        0.0025281214  -0.0055263999  -0.0042120977   0.0237122616   0.0056606697
       -0.2221629876   0.1008385765  -0.0877686822  -0.1426639749  -0.0739799790
        0.0184643834  -0.0004297080  -0.0128394527  -0.0006011847   0.0003068879
        0.0007995546  -0.0000617736   0.0005497763   0.0009844663  -0.0002013398
       -0.0045396913   0.0045538950
       -0.0026629332  -0.0088377440  -0.0256481909  -0.0044727161   0.0016366305
       -0.0918539694  -0.0018720041  -0.0026461805  -0.0019766488   0.0009790815
        0.0007735873   0.0006748080   0.0001401720   0.0002008665  -0.0004222359
        0.0554478387  -0.0203863244   0.3735809022  -0.0114127381   0.0041720009
       -0.0398106793   0.0036816937   0.0084510665  -0.0256634164  -0.0041297570
        0.0962118063  -0.0938670003  -0.0649957793  -0.0707724791  -0.0935508396
        0.0287841704  -0.0105695202   0.0002665911  -0.0000191090  -0.0002408830
       -0.0004221321   0.0002434447  -0.0012271393   0.0006740764   0.0002886359
        0.0032343125  -0.0019812650
        0.0007654232  -0.0001468228  -0.0007036736  -0.0143125621   0.0050297295
       -0.0031508197   0.0000759093  -0.0001476709  -0.0003004709  -0.0000690532
        0.0000979391   0.0000206119   0.0015300234  -0.0002425552   0.0000578084
       -0.2348381799   0.0696411287  -0.0114127381   0.2764293442  -0.0831753466
        0.0122963035   0.0002317066  -0.0003270479  -0.0002106795  -0.0040497255
        0.0029142941  -0.0012359201  -0.0243365731   0.0059350813  -0.0030393345
       -0.0028172833   0.0013494663   0.0075473873   0.0013699309  -0.0008878538
        0.0005068021  -0.0001779623  -0.0000357990  -0.0000382429   0.0001990017
       -0.0000045428  -0.0003370337
        0.0002959687  -0.0003271709  -0.0004984200   0.0050416994  -0.0023876531
        0.0011569966  -0.0001521779   0.0000166089   0.0001716077   0.0000942844
       -0.0001153638   0.0000810523  -0.0006910116   0.0000500930  -0.0007173424
        0.0696491645  -0.0694571354   0.0041720009  -0.0831753466   0.0789385939
       -0.0044870725  -0.0007730761   0.0002009881   0.0008290367   0.0300068709
       -0.0138187460   0.0032541411  -0.0211834955   0.0064669348  -0.0016910984
        0.0013466727   0.0003377272  -0.0027695634  -0.0004243662   0.0002044287
        0.0005128375  -0.0000349392  -0.0000031222  -0.0000748719  -0.0000002475
       -0.0001061830   0.0000606959
        0.0006915408  -0.0002394870  -0.0000833328   0.0181830189  -0.0066346966
        0.0059379600   0.0000179129   0.0001958745   0.0002836749  -0.0001250263
        0.0000046170   0.0000112605  -0.0006812476  -0.0003670769  -0.0007922665
       -0.0068974273   0.0025281214  -0.0398106793   0.0122963035  -0.0044870725
        0.0450749196   0.0006759964  -0.0002625726  -0.0000873011  -0.0155284213
        0.0067433216  -0.0011383202  -0.0161717586   0.0048324139  -0.0011321346
        0.0080336518  -0.0029543288  -0.0077694515  -0.0002815304   0.0007245755
       -0.0007862827  -0.0000993287   0.0000755687   0.0000097792  -0.0001136842
       -0.0001592581   0.0002821745
       -0.0012209555  -0.0148361821   0.0046068447  -0.0498675671  -0.0103042996
        0.0043520751   0.0002191024   0.0000819290   0.0004924649  -0.0022049214
       -0.0037001949  -0.0011460008   0.0002729182  -0.0011935761   0.0003624232
        0.0010226385  -0.0055263999   0.0036816937   0.0002317066  -0.0007730761
        0.0006759964   0.5118087013   0.0146924716  -0.0087127334  -0.0004568031
       -0.0003978191   0.0022221595   0.0000800461   0.0000254037  -0.0004132410
       -0.0265266326   0.0424054321  -0.0159813080  -0.2404737873   0.0651175265
        0.0064673608  -0.1272300798  -0.0921537196  -0.0623508992  -0.0656543663
        0.0065625045   0.0657431641
       -0.0101947258  -0.0306710666   0.0061824950  -0.0156534022  -0.0777361205
        0.0151637236   0.0008826643   0.0003463971   0.0008367240  -0.0026642459
       -0.0038179824  -0.0019026609   0.0000850332  -0.0000583257   0.0004681885
       -0.0034456626  -0.0042120977   0.0084510665  -0.0003270479   0.0002009881
       -0.0002625726   0.0146924716   0.3833261429   0.0640076710   0.0003478512
        0.0008299890  -0.0003523891   0.0005913347   0.0004475938  -0.0010671095
        0.0367093379  -0.0228657466   0.0080671935   0.0609751052  -0.0604283593
       -0.0040575192  -0.0896494444  -0.1425786296  -0.0701880635   0.0076507307
       -0.0427827826  -0.0253467471
       -0.0004862592  -0.0076785708   0.0030412472   0.0072245905   0.0140500253
       -0.0647099267  -0.0004390033  -0.0010277956   0.0005015101  -0.0017669677
       -0.0027591222  -0.0003369388   0.0003160209  -0.0002842838   0.0001611533
        0.0051488115   0.0237122616  -0.0256634164  -0.0002106795   0.0008290367
       -0.0000873011  -0.0087127334   0.0640076710   0.4752064215   0.0018873637
        0.0008863996  -0.0067392259  -0.0002189966   0.0010850198   0.0005693405
       -0.0129083217   0.0068753700   0.0053421771   0.0087008622  -0.0049570457
       -0.0431865855  -0.0636598337  -0.0741081076  -0.0913748787   0.0651251463
       -0.0206308584  -0.2527235768
       -0.0000722574  -0.0001471970  -0.0008604148   0.0012295410  -0.0088340828
        0.0049593653  -0.0001087005  -0.0000877254  -0.0000169384   0.0001799461
       -0.0000749463  -0.0001658415  -0.0000598265   0.0001564871   0.0000234096
       -0.0451356797   0.0056606697  -0.0041297570  -0.0040497255   0.0300068709
       -0.0155284213  -0.0004568031   0.0003478512   0.0018873637   0.0482359471
       -0.0070120601   0.0059618229  -0.0004424742  -0.0200265131   0.0085354281
        0.0003216408   0.0003778875  -0.0011711427   0.0000850494  -0.0000003725
        0.0000538102   0.0000121253   0.0001553407  -0.0000452429   0.0002612174
       -0.0005222099   0.0004965589
        0.0004105128   0.0005940914  -0.0006813662  -0.0001000062  -0.0011558453
        0.0016426805   0.0000029007  -0.0000540463  -0.0001743720   0.0000782051
        0.0005787692  -0.0002866827   0.0000692468  -0.0001040016   0.0000918243
        0.0069584909  -0.2221629876   0.0962118063   0.0029142941  -0.0138187460
        0.0067433216  -0.0003978191   0.0008299890   0.0008863996  -0.0070120601
        0.2596148786  -0.1140689070  -0.0016410662  -0.0261608582   0.0103301923
       -0.0012061373   0.0014174355  -0.0008060265  -0.0002547239   0.0001773660
       -0.0001773260   0.0002198551   0.0002999888  -0.0000936391  -0.0000416926
       -0.0000560335   0.0003820949
        0.0003770241   0.0010793149   0.0005671973  -0.0020182853   0.0243292888
       -0.0143368224   0.0000605394   0.0000730418   0.0004976412  -0.0002212386
       -0.0011313554  -0.0003099854  -0.0000740892  -0.0000028125  -0.0000112970
       -0.0046604368   0.1008385765  -0.0938670003  -0.0012359201   0.0032541411
       -0.0011383202   0.0022221595  -0.0003523891  -0.0067392259   0.0059618229
       -0.1140689070   0.1068323638  -0.0001192696  -0.0133375270   0.0070089141
       -0.0004765974  -0.0017427549   0.0028433298   0.0001408617  -0.0003537736
        0.0001185632  -0.0000588989  -0.0003576699   0.0000232874   0.0001023285
        0.0017728264  -0.0014886455
        0.0001088866   0.0002683597   0.0008653075   0.0046386014   0.0039324511
        0.0027220511   0.0004069794   0.0001279843   0.0001313239  -0.0000500115
        0.0001457281   0.0000267008   0.0002504433  -0.0000628486   0.0001585280
       -0.1249270819  -0.0877686822  -0.0649957793  -0.0243365731  -0.0211834955
       -0.0161717586   0.0000800461   0.0005913347  -0.0002189966  -0.0004424742
       -0.0016410662  -0.0001192696   0.1429929226   0.1055043547   0.0778648172
        0.0011707567  -0.0001815942  -0.0003774376  -0.0001899396  -0.0000840413
       -0.0000442654   0.0003443376   0.0002699477   0.0000593400  -0.0000468933
        0.0000815677   0.0000994386
        0.0010135601   0.0002646160  -0.0018959521  -0.0048147062  -0.0045928144
       -0.0044681186  -0.0003512662  -0.0002018026  -0.0006126669   0.0000852730
        0.0003656539   0.0001012467   0.0001902442   0.0000139237   0.0000999985
       -0.0890823386  -0.1426639749  -0.0707724791   0.0059350813   0.0064669348
        0.0048324139   0.0000254037   0.0004475938   0.0010850198  -0.0200265131
       -0.0261608582  -0.0133375270   0.1055043547   0.1651766648   0.0832162353
        0.0014081971   0.0005581742   0.0013691403   0.0000027832   0.0000287714
       -0.0000866184   0.0001221272   0.0004171140   0.0003238086  -0.0000122005
       -0.0001199964   0.0001454989
        0.0019226111  -0.0011769577  -0.0067389289  -0.0172282852  -0.0172988379
       -0.0142815951  -0.0010697383  -0.0014185487  -0.0014879266   0.0001888216
        0.0003139779   0.0000239538   0.0003348000   0.0001764790   0.0001190368
       -0.0683784687  -0.0739799790  -0.0935508396  -0.0030393345  -0.0016910984
       -0.0011321346  -0.0004132410  -0.0010671095   0.0005693405   0.0085354281
        0.0103301923   0.0070089141   0.0778648172   0.0832162353   0.1064757747
        0.0007775974   0.0016365775   0.0028216181  -0.0000596297   0.0000524963
       -0.0000128827   0.0005680023   0.0010027725  -0.0003143084  -0.0000033803
       -0.0000961995   0.0004999779
       -0.0640440118  -0.0017558889  -0.0142937059  -0.2909447351   0.0784420694
        0.0023286291   0.0011856288   0.0006310306  -0.0008113736   0.0010773128
        0.0001072108   0.0012255179  -0.0085526273  -0.0064689108  -0.0052417937
       -0.0438982936   0.0184643834   0.0287841704  -0.0028172833   0.0013466727
        0.0080336518  -0.0265266326   0.0367093379  -0.0129083217   0.0003216408
       -0.0012061373  -0.0004765974   0.0011707567   0.0014081971   0.0007775974
        0.4306779539  -0.1343237559  -0.0039927420   0.0009367621   0.0052298553
       -0.0027788562   0.0010879151   0.0017930109   0.0009943713   0.0003256134
       -0.0003770754  -0.0016405474
       -0.0074542983   0.0146465597   0.0031121007   0.0784543901  -0.1060960958
       -0.0008591434   0.0006369981   0.0006086304   0.0015835419   0.0017586287
        0.0033247615  -0.0000889954  -0.0059043527  -0.0005263410  -0.0018854760
        0.0184560554  -0.0004297080  -0.0105695202   0.0013494663   0.0003377272
       -0.0029543288   0.0424054321  -0.0228657466   0.0068753700   0.0003778875
        0.0014174355  -0.0017427549  -0.0001815942   0.0005581742   0.0016365775
       -0.1343237559   0.1142389223   0.0014652620   0.0046787335  -0.0099884037
        0.0048270968   0.0001405820   0.0033136400  -0.0007320396  -0.0003941727
        0.0014604443  -0.0006676905
       -0.0173970891   0.0041913916   0.0053381073   0.0023157579  -0.0008501953
       -0.0773036121   0.0011587823   0.0015261475   0.0027715331   0.0001817338
       -0.0003547222   0.0001724711  -0.0049951276  -0.0019669728  -0.0011902908
        0.0349756925  -0.0128394527   0.0002665911   0.0075473873  -0.0027695634
       -0.0077694515  -0.0159813080   0.0080671935   0.0053421771  -0.0011711427
       -0.0008060265   0.0028433298  -0.0003774376   0.0013691403   0.0028216181
       -0.0039927420   0.0014652620   0.0649552412  -0.0025376848   0.0047383704
       -0.0011907751   0.0003698076   0.0001389891   0.0001721384  -0.0000966299
       -0.0019095614   0.0027709222
        0.0006757937  -0.0007084718   0.0004226631  -0.0096403634   0.0020351487
        0.0008126034  -0.0001261831   0.0000818060   0.0000508603   0.0000485340
       -0.0002523675   0.0000719121   0.0013291415  -0.0004529643   0.0001507946
        0.0004698004  -0.0006011847  -0.0000191090   0.0013699309  -0.0004243662
       -0.0002815304  -0.2404737873   0.0609751052   0.0087008622   0.0000850494
       -0.0002547239   0.0001408617  -0.0001899396   0.0000027832  -0.0000596297
        0.0009367621   0.0046787335  -0.0025376848   0.2840744158  -0.0739513688
       -0.0099606368  -0.0248872819   0.0047547885  -0.0004476633  -0.0136718726
        0.0041170821   0.0029556966
        0.0005570403  -0.0004758658   0.0000104972   0.0215635196  -0.0023574185
       -0.0035723896  -0.0000090358   0.0000059715  -0.0000990608  -0.0000056699
        0.0004289230  -0.0000516639  -0.0013629990  -0.0008033205  -0.0000119508
        0.0002150914   0.0003068879  -0.0002408830  -0.0008878538   0.0002044287
        0.0007245755   0.0651175265  -0.0604283593  -0.0049570457  -0.0000003725
        0.0001773660  -0.0003537736  -0.0000840413   0.0000287714   0.0000524963
        0.0052298553  -0.0099884037   0.0047383704  -0.0739513688   0.0683536367
        0.0049694466  -0.0214150635   0.0058375357   0.0001749560   0.0050333715
       -0.0012901531  -0.0013835746
       -0.0000240740  -0.0005892275   0.0001575268  -0.0097763653   0.0005787701
        0.0012159075   0.0001430748   0.0000013651  -0.0000588289  -0.0001095430
       -0.0001187099  -0.0000930429   0.0001171698  -0.0000920601   0.0002767660
       -0.0007026621   0.0007995546  -0.0004221321   0.0005068021   0.0005128375
       -0.0007862827   0.0064673608  -0.0040575192  -0.0431865855   0.0000538102
       -0.0001773260   0.0001185632  -0.0000442654  -0.0000866184  -0.0000128827
       -0.0027788562   0.0048270968  -0.0011907751  -0.0099606368   0.0049694466
        0.0480013616  -0.0163621532   0.0036596908   0.0000436590   0.0324703385
       -0.0102273005  -0.0040632542
        0.0002573993  -0.0007937814   0.0004412749   0.0000719247  -0.0009653332
        0.0000661648  -0.0000291202   0.0001146073   0.0001296956   0.0001105275
       -0.0003243130  -0.0000670963   0.0003382604   0.0000840138  -0.0000051995
       -0.0001350616  -0.0000617736   0.0002434447  -0.0001779623  -0.0000349392
       -0.0000993287  -0.1272300798  -0.0896494444  -0.0636598337   0.0000121253
        0.0002198551  -0.0000588989   0.0003443376   0.0001221272   0.0005680023
        0.0010879151   0.0001405820   0.0003698076  -0.0248872819  -0.0214150635
       -0.0163621532   0.1451844003   0.1072278612   0.0746166599   0.0050526157
        0.0053356016   0.0038174605
        0.0002332866  -0.0062778581   0.0032518497  -0.0180786130  -0.0188043535
       -0.0117575314   0.0001468372   0.0002717311   0.0003785046  -0.0013193652
       -0.0018296104  -0.0005908957   0.0003349515   0.0001418703   0.0001627355
        0.0001050572   0.0005497763  -0.0012271393  -0.0000357990  -0.0000031222
        0.0000755687  -0.0921537196  -0.1425786296  -0.0741081076   0.0001553407
        0.0002999888  -0.0003576699   0.0002699477   0.0004171140   0.0010027725
        0.0017930109   0.0033136400   0.0001389891   0.0047547885   0.0058375357
        0.0036596908   0.1072278612   0.1625871127   0.0844303898  -0.0034335847
       -0.0039251950  -0.0050591569
        0.0003561663   0.0021921367  -0.0003378811   0.0059753014   0.0058839609
        0.0044736998  -0.0000452117   0.0001761582   0.0000963808   0.0003329453
        0.0004948206   0.0004365613   0.0000887098  -0.0000077094  -0.0000937696
        0.0002240999   0.0009844663   0.0006740764  -0.0000382429  -0.0000748719
        0.0000097792  -0.0623508992  -0.0701880635  -0.0913748787  -0.0000452429
       -0.0000936391   0.0000232874   0.0000593400   0.0003238086  -0.0003143084
        0.0009943713  -0.0007320396   0.0001721384  -0.0004476633   0.0001749560
        0.0000436590   0.0746166599   0.0844303898   0.1069080690  -0.0197203338
       -0.0235643736  -0.0207168135
       -0.0002012167  -0.0004200815   0.0003307443   0.0009006960  -0.0005048996
       -0.0010704403   0.0001120747  -0.0004453864  -0.0002655163  -0.0000317787
        0.0001113357  -0.0001470209  -0.0001111443   0.0001064909   0.0001103606
        0.0001590793  -0.0002013398   0.0002886359   0.0001990017  -0.0000002475
       -0.0001136842  -0.0656543663   0.0076507307   0.0651251463   0.0002612174
       -0.0000416926   0.0001023285  -0.0000468933  -0.0000122005  -0.0000033803
        0.0003256134  -0.0003941727  -0.0000966299  -0.0136718726   0.0050333715
        0.0324703385   0.0050526157  -0.0034335847  -0.0197203338   0.0727069738
       -0.0074483234  -0.0770105482
        0.0003821883   0.0007745501   0.0010689493  -0.0081687207   0.0022737267
        0.0221337201  -0.0001701328  -0.0006216956  -0.0003395665   0.0001456716
        0.0002746028  -0.0001041280   0.0000149294  -0.0000127291  -0.0000937610
        0.0000514598  -0.0045396913   0.0032343125  -0.0000045428  -0.0001061830
       -0.0001592581   0.0065625045  -0.0427827826  -0.0206308584  -0.0005222099
       -0.0000560335   0.0017728264   0.0000815677  -0.0001199964  -0.0000961995
       -0.0003770754   0.0014604443  -0.0019095614   0.0041170821  -0.0012901531
       -0.0102273005   0.0053356016  -0.0039251950  -0.0235643736  -0.0074483234
        0.0486711356   0.0289151987
       -0.0001670447  -0.0009591817   0.0005056882   0.0063877553  -0.0007404009
       -0.0173857641   0.0000165828   0.0004337072   0.0009596893  -0.0001492084
       -0.0003752779   0.0000973357   0.0001107810   0.0000409391  -0.0000588979
       -0.0003230555   0.0045538950  -0.0019812650  -0.0003370337   0.0000606959
        0.0002821745   0.0657431641  -0.0253467471  -0.2527235768   0.0004965589
        0.0003820949  -0.0014886455   0.0000994386   0.0001454989   0.0004999779
       -0.0016405474  -0.0006676905   0.0027709222   0.0029556966  -0.0013835746
       -0.0040632542   0.0038174605  -0.0050591569  -0.0207168135  -0.0770105482
        0.0289151987   0.2933024291
