           1           2  0.95297733065608514     
           1           3  0.98853033484872810     
           1           4  0.98854284993632613     
           1           5  0.98758917555182180     
           2           6  0.95296694787160763     
           6           7  0.98757890240575075     
           2           8  0.95299228783241052     
           6           9  0.98854347471577542     
           6          10  0.98853911601632272     
           2          11   1.1243473228703522     
           8          12  0.98759033397447082     
           8          13  0.98853710523847504     
           8          14  0.98853219452486885     
