$hessian                                                                        
        0.4417211592   0.0070248695   0.0040510726  -0.0712518385  -0.0104736445
       -0.0039480829  -0.0092545722  -0.0193462838  -0.0017483477  -0.0087584294
        0.0053235202   0.0314025966  -0.1781086792   0.0853537821  -0.0664890739
       -0.0637949778   0.0031671449   0.0579600420  -0.0796665944  -0.0826368491
       -0.0121516298  -0.0037368189   0.0059319883  -0.0017282396  -0.0003521759
        0.0016420996   0.0007244112   0.0025085730   0.0009188235  -0.0004048618
       -0.0293056460   0.0030945493  -0.0076678868
        0.0070248695   0.4037211031  -0.0069400513  -0.0130775120  -0.0381514444
        0.0062935514  -0.0302176348  -0.0102338462   0.0011517541   0.0053683694
       -0.0002190626  -0.0048343497   0.0646658645  -0.0919367420   0.0374813375
        0.0001127242  -0.0458733904  -0.0046625021  -0.0549374517  -0.2073970433
       -0.0297623539   0.0042829608  -0.0014684884   0.0009598578   0.0023089193
       -0.0008168962  -0.0016024926  -0.0035178406  -0.0068213857  -0.0007577402
        0.0179867315  -0.0008028039   0.0026729891
        0.0040510726  -0.0069400513   0.3758759573  -0.0060674470   0.0034214551
       -0.0176820111  -0.0008009946   0.0020569518   0.0123874250   0.0315314561
       -0.0033534832  -0.0489846509  -0.0425944949   0.0313638406  -0.0742732389
        0.0331184478  -0.0116599675  -0.1842606026  -0.0033021974  -0.0143926126
       -0.0515726475  -0.0015863061   0.0002587038  -0.0023589156   0.0021709173
        0.0002703450  -0.0069870293  -0.0015645769  -0.0019493922  -0.0008372977
       -0.0149558770   0.0009242105  -0.0013069888
       -0.0712518385  -0.0130775120  -0.0060674470   0.3030774360  -0.0137297805
       -0.0024530031  -0.0377984668  -0.0097525868  -0.0033642121  -0.0806758883
        0.0088970054   0.0431740912  -0.0129331421  -0.0022737937   0.0054610524
        0.0050692893  -0.0000106973  -0.0147055617  -0.0053107549   0.0035550740
        0.0048269943  -0.0020782488   0.0193016240  -0.0006579920   0.0011899075
        0.0040837172   0.0052328671  -0.0238830879  -0.0297925207  -0.0025586658
       -0.0754052056   0.0327994704  -0.0288881235
       -0.0104736445  -0.0381514444   0.0034214551  -0.0137297805   0.3024785557
        0.0040041369  -0.0124089887  -0.0715335582   0.0064635300   0.0090004595
       -0.0810067607  -0.0444412587   0.0186966020  -0.0015509749   0.0006860853
        0.0044683983   0.0012212186  -0.0058861471  -0.0294467986  -0.0246308531
        0.0032460188  -0.0022056245  -0.0122708114  -0.0054099773   0.0001575251
        0.0050555243   0.0146956722   0.0031514699  -0.0058790498  -0.0049724472
        0.0327903821  -0.0737318462   0.0281929320
       -0.0039480829   0.0062935514  -0.0176820111  -0.0024530031   0.0040041369
        0.5177121830  -0.0060547087   0.0042367079  -0.0177375709   0.0528812184
       -0.0539218589  -0.3716544325  -0.0297603449   0.0089596600  -0.0056741748
        0.0211725020   0.0030182356  -0.0180928212  -0.0083552972  -0.0160511035
       -0.0015663812  -0.0096737115   0.0292375766  -0.0055297615  -0.0028915203
       -0.0214223129  -0.0181301645   0.0161871473   0.0091763140  -0.0018303448
       -0.0271041990   0.0264690929  -0.0598145205
       -0.0092545722  -0.0302176348  -0.0008009946  -0.0377984668  -0.0124089887
       -0.0060547087   0.4038457232   0.0063413706   0.0063301391  -0.0003700192
        0.0053463486   0.0050219697  -0.0017118796   0.0043239952  -0.0010426456
       -0.0008784471   0.0023052032   0.0015393137  -0.0067402582  -0.0036964533
        0.0008495967  -0.0965367499   0.0670466108  -0.0388359317  -0.0457034344
       -0.0000798603   0.0035292196  -0.2036174634  -0.0575914350   0.0324370392
       -0.0012344324   0.0186308436  -0.0029729973
       -0.0193462838  -0.0102338462   0.0020569518  -0.0097525868  -0.0715335582
        0.0042367079   0.0063413706   0.4418009799  -0.0042391396   0.0052351687
       -0.0090023205  -0.0316087667   0.0059965490  -0.0034661859   0.0017154241
        0.0016412739  -0.0003293662  -0.0007699711   0.0007159289   0.0024565333
        0.0003631679   0.0881134682  -0.1740301876   0.0644095509   0.0026186023
       -0.0641095001  -0.0584485856  -0.0852666345  -0.0828269570   0.0145017887
        0.0037031435  -0.0287255913   0.0077828718
       -0.0017483477   0.0011517541   0.0123874250  -0.0033642121   0.0064635300
       -0.0177375709   0.0063301391  -0.0042391396   0.3756690283   0.0035881279
       -0.0318024998  -0.0485629236  -0.0003629526   0.0015712399  -0.0023688635
       -0.0002931565  -0.0022601181  -0.0069626518   0.0019703652   0.0016369008
       -0.0008858759  -0.0322664875   0.0411349865  -0.0734658827   0.0100060030
       -0.0333892503  -0.1841635672   0.0173734511   0.0047632414  -0.0524695927
       -0.0012329298   0.0149693553  -0.0014395251
       -0.0087584294   0.0053683694   0.0315314561  -0.0806758883   0.0090004595
        0.0528812184  -0.0003700192   0.0052351687   0.0035881279   0.0710934949
       -0.0146058705  -0.0858734598   0.0049579658  -0.0015635238   0.0003126136
       -0.0112514370  -0.0016542046   0.0141443769   0.0031503796   0.0025169761
       -0.0002500997   0.0013039734  -0.0009305722   0.0000278924   0.0010376901
       -0.0013049872  -0.0015741859   0.0061894435   0.0025704790  -0.0016422507
        0.0133228267  -0.0046322944  -0.0131456892
        0.0053235202  -0.0002190626  -0.0033534832   0.0088970054  -0.0810067607
       -0.0539218589   0.0053463486  -0.0090023205  -0.0318024998  -0.0146058705
        0.0717336101   0.0875167060  -0.0007698949   0.0012155783   0.0000200902
       -0.0014851340   0.0010125293   0.0018163277   0.0025217912   0.0063502326
        0.0015457160  -0.0015986343   0.0047098456  -0.0002258190  -0.0016354423
       -0.0114165720  -0.0141422409   0.0026155587   0.0033154207   0.0001761408
       -0.0046092480   0.0133074992   0.0123709211
        0.0314025966  -0.0048343497  -0.0489846509   0.0431740912  -0.0444412587
       -0.3716544325   0.0050219697  -0.0316087667  -0.0485629236  -0.0858734598
        0.0875167060   0.5269189077   0.0091074797  -0.0036175694   0.0066110805
        0.0088916400   0.0012795512  -0.0083616522   0.0012094786   0.0059765488
        0.0046184333   0.0039250522  -0.0090997961   0.0065492422  -0.0012277700
       -0.0088432905  -0.0081692906  -0.0059487023  -0.0013145353   0.0047552259
       -0.0096823760   0.0089867605  -0.0637199397
       -0.1781086792   0.0646658645  -0.0425944949  -0.0129331421   0.0186966020
       -0.0297603449  -0.0017118796   0.0059965490  -0.0003629526   0.0049579658
       -0.0007698949   0.0091074797   0.1801246770  -0.1115328058   0.0904449917
        0.0062046046   0.0026062778  -0.0283128805   0.0114005170   0.0267817132
        0.0004378582   0.0009582472  -0.0033754505   0.0007947251   0.0005562454
       -0.0010035838  -0.0005299245   0.0002816907  -0.0006839849   0.0001408055
       -0.0117302467  -0.0013812864   0.0006347371
        0.0853537821  -0.0919367420   0.0313638406  -0.0022737937  -0.0015509749
        0.0089596600   0.0043239952  -0.0034661859   0.0015712399  -0.0015635238
        0.0012155783  -0.0036175694  -0.1115328058   0.1549783503  -0.0753158746
        0.0028782825   0.0028902984   0.0225516087   0.0268586217  -0.0655821138
        0.0160024606  -0.0044614429   0.0007490933  -0.0011470796  -0.0006461904
        0.0008430749   0.0001550437  -0.0000564868   0.0008315626  -0.0001366863
        0.0011195618   0.0010280588  -0.0003866435
       -0.0664890739   0.0374813375  -0.0742732389   0.0054610524   0.0006860853
       -0.0056741748  -0.0010426456   0.0017154241  -0.0023688635   0.0003126136
        0.0000200902   0.0066110805   0.0904449917  -0.0753158746   0.1199918353
       -0.0312567816   0.0244119998  -0.0544986280   0.0019713745   0.0124851971
        0.0069364951   0.0011948530  -0.0007645301   0.0013193844  -0.0002307661
       -0.0001743052   0.0009547861  -0.0000867566  -0.0002495161   0.0002876200
       -0.0002788613  -0.0002959080   0.0007137039
       -0.0637949778   0.0001127242   0.0331184478   0.0050692893   0.0044683983
        0.0211725020  -0.0008784471   0.0016412739  -0.0002931565  -0.0112514370
       -0.0014851340   0.0088916400   0.0062046046   0.0028782825  -0.0312567816
        0.0543805510  -0.0038889687  -0.0226472038   0.0099270232   0.0008566616
       -0.0079767368   0.0008931279  -0.0010012904   0.0001746122  -0.0017760649
       -0.0034763934  -0.0005692534   0.0001764863  -0.0001489330  -0.0000854714
        0.0010498444   0.0000433791  -0.0005285984
        0.0031671449  -0.0458733904  -0.0116599675  -0.0000106973   0.0012212186
        0.0030182356   0.0023052032  -0.0003293662  -0.0022601181  -0.0016542046
        0.0010125293   0.0012795512   0.0026062778   0.0028902984   0.0244119998
       -0.0038889687   0.0654330894   0.0322089715   0.0020537827  -0.0237953085
       -0.0484896473  -0.0006623364   0.0005438975   0.0002492179  -0.0036515602
       -0.0018344221   0.0017732719  -0.0000229460   0.0004121903   0.0001918509
       -0.0002416955   0.0003192637  -0.0007233659
        0.0579600420  -0.0046625021  -0.1842606026  -0.0147055617  -0.0058861471
       -0.0180928212   0.0015393137  -0.0007699711  -0.0069626518   0.0141443769
        0.0018163277  -0.0083616522  -0.0283128805   0.0225516087  -0.0544986280
       -0.0226472038   0.0322089715   0.2931816328  -0.0072257393  -0.0456412378
       -0.0331707460  -0.0001820841   0.0005608297   0.0009531954  -0.0016750999
        0.0006190536   0.0063343722   0.0001303833   0.0004895670   0.0007926319
        0.0009744533  -0.0012865002   0.0040852694
       -0.0796665944  -0.0549374517  -0.0033021974  -0.0053107549  -0.0294467986
       -0.0083552972  -0.0067402582   0.0007159289   0.0019703652   0.0031503796
        0.0025217912   0.0012094786   0.0114005170   0.0268586217   0.0019713745
        0.0099270232   0.0020537827  -0.0072257393   0.0674802846   0.0564819124
        0.0138581002   0.0008504499  -0.0006497800   0.0002372994   0.0004019448
       -0.0001587316  -0.0005012846  -0.0030818051  -0.0035112577  -0.0001717447
        0.0015888134   0.0000719827   0.0003096454
       -0.0826368491  -0.2073970433  -0.0143926126   0.0035550740  -0.0246308531
       -0.0160511035  -0.0036964533   0.0024565333   0.0016369008   0.0025169761
        0.0063502326   0.0059765488   0.0267817132  -0.0655821138   0.0124851971
        0.0008566616  -0.0237953085  -0.0456412378   0.0564819124   0.3141700778
        0.0571927466  -0.0000464102   0.0002915129   0.0000850026  -0.0000279187
        0.0001562454  -0.0001677934  -0.0033273718  -0.0032311931  -0.0000625076
       -0.0004573341   0.0012119098  -0.0010611411
       -0.0121516298  -0.0297623539  -0.0515726475   0.0048269943   0.0032460188
       -0.0015663812   0.0008495967   0.0003631679  -0.0008858759  -0.0002500997
        0.0015457160   0.0046184333   0.0004378582   0.0160024606   0.0069364951
       -0.0079767368  -0.0484896473  -0.0331707460   0.0138581002   0.0571927466
        0.0738440943   0.0001324940  -0.0001273275   0.0002803923  -0.0001888584
        0.0000874743   0.0008049399   0.0001296654   0.0002461008   0.0001906395
        0.0003326158  -0.0003043563   0.0005206562
       -0.0037368189   0.0042829608  -0.0015863061  -0.0020782488  -0.0022056245
       -0.0096737115  -0.0965367499   0.0881134682  -0.0322664875   0.0013039734
       -0.0015986343   0.0039250522   0.0009582472  -0.0044614429   0.0011948530
        0.0008931279  -0.0006623364  -0.0001820841   0.0008504499  -0.0000464102
        0.0001324940   0.1626322227  -0.1130271965   0.0770697321   0.0019097764
        0.0032207064  -0.0241876566  -0.0672321394   0.0249631978  -0.0148131956
        0.0010361595   0.0014213116   0.0003873102
        0.0059319883  -0.0014684884   0.0002587038   0.0193016240  -0.0122708114
        0.0292375766   0.0670466108  -0.1740301876   0.0411349865  -0.0009305722
        0.0047098456  -0.0090997961  -0.0033754505   0.0007490933  -0.0007645301
       -0.0010012904   0.0005438975   0.0005608297  -0.0006497800   0.0002915129
       -0.0001273275  -0.1130271965   0.1740510187  -0.0868943843   0.0028938762
        0.0065851547   0.0274672149   0.0249264647   0.0125740913  -0.0012614172
       -0.0011162743  -0.0117351265  -0.0005118563
       -0.0017282396   0.0009598578  -0.0023589156  -0.0006579920  -0.0054099773
       -0.0055297615  -0.0388359317   0.0644095509  -0.0734658827   0.0000278924
       -0.0002258190   0.0065492422   0.0007947251  -0.0011470796   0.0013193844
        0.0001746122   0.0002492179   0.0009531954   0.0002372994   0.0000850026
        0.0002803923   0.0770697321  -0.0868943843   0.1180000370  -0.0261049093
        0.0303744887  -0.0538748957  -0.0112616384  -0.0027147397   0.0074251949
        0.0002844498   0.0003138820   0.0007020093
       -0.0003521759   0.0023089193   0.0021709173   0.0011899075   0.0001575251
       -0.0028915203  -0.0457034344   0.0026186023   0.0100060030   0.0010376901
       -0.0016354423  -0.0012277700   0.0005562454  -0.0006461904  -0.0002307661
       -0.0017760649  -0.0036515602  -0.0016750999   0.0004019448  -0.0000279187
       -0.0001888584   0.0019097764   0.0028938762  -0.0261049093   0.0646182115
       -0.0034053631  -0.0287510118  -0.0222315301   0.0016335072   0.0481112400
        0.0003494295  -0.0002459552   0.0007817755
        0.0016420996  -0.0008168962   0.0002703450   0.0040837172   0.0050555243
       -0.0214223129  -0.0000798603  -0.0641095001  -0.0333892503  -0.0013049872
       -0.0114165720  -0.0088432905  -0.0010035838   0.0008430749  -0.0001743052
       -0.0034763934  -0.0018344221   0.0006190536  -0.0001587316   0.0001562454
        0.0000874743   0.0032207064   0.0065851547   0.0303744887  -0.0034053631
        0.0544249862   0.0231018179   0.0004473548   0.0100502604   0.0088674598
        0.0000350415   0.0010621445   0.0005085196
        0.0007244112  -0.0016024926  -0.0069870293   0.0052328671   0.0146956722
       -0.0181301645   0.0035292196  -0.0584485856  -0.1841635672  -0.0015741859
       -0.0141422409  -0.0081692906  -0.0005299245   0.0001550437   0.0009547861
       -0.0005692534   0.0017732719   0.0063343722  -0.0005012846  -0.0001677934
        0.0008049399  -0.0241876566   0.0274672149  -0.0538748957  -0.0287510118
        0.0231018179   0.2940494788   0.0452900776   0.0080481871  -0.0348931164
        0.0013367414  -0.0008800951   0.0040744868
        0.0025085730  -0.0035178406  -0.0015645769  -0.0238830879   0.0031514699
        0.0161871473  -0.2036174634  -0.0852666345   0.0173734511   0.0061894435
        0.0026155587  -0.0059487023   0.0002816907  -0.0000564868  -0.0000867566
        0.0001764863  -0.0000229460   0.0001303833  -0.0030818051  -0.0033273718
        0.0001296654  -0.0672321394   0.0249264647  -0.0112616384  -0.0222315301
        0.0004473548   0.0452900776   0.3096831132   0.0615576290  -0.0613028836
        0.0012067192  -0.0005071974   0.0010538331
        0.0009188235  -0.0068213857  -0.0019493922  -0.0297925207  -0.0058790498
        0.0091763140  -0.0575914350  -0.0828269570   0.0047632414   0.0025704790
        0.0033154207  -0.0013145353  -0.0006839849   0.0008315626  -0.0002495161
       -0.0001489330   0.0004121903   0.0004895670  -0.0035112577  -0.0032311931
        0.0002461008   0.0249631978   0.0125740913  -0.0027147397   0.0016335072
        0.0100502604   0.0080481871   0.0615576290   0.0700389266  -0.0162036922
        0.0000844948   0.0015361336  -0.0002915349
       -0.0004048618  -0.0007577402  -0.0008372977  -0.0025586658  -0.0049724472
       -0.0018303448   0.0324370392   0.0145017887  -0.0524695927  -0.0016422507
        0.0001761408   0.0047552259   0.0001408055  -0.0001366863   0.0002876200
       -0.0000854714   0.0001918509   0.0007926319  -0.0001717447  -0.0000625076
        0.0001906395  -0.0148131956  -0.0012614172   0.0074251949   0.0481112400
        0.0088674598  -0.0348931164  -0.0613028836  -0.0162036922   0.0760698565
        0.0002899889  -0.0003427494   0.0005091829
       -0.0293056460   0.0179867315  -0.0149558770  -0.0754052056   0.0327903821
       -0.0271041990  -0.0012344324   0.0037031435  -0.0012329298   0.0133228267
       -0.0046092480  -0.0096823760  -0.0117302467   0.0011195618  -0.0002788613
        0.0010498444  -0.0002416955   0.0009744533   0.0015888134  -0.0004573341
        0.0003326158   0.0010361595  -0.0011162743   0.0002844498   0.0003494295
        0.0000350415   0.0013367414   0.0012067192   0.0000844948   0.0002899889
        0.0991217380  -0.0492948032   0.0500359939
        0.0030945493  -0.0008028039   0.0009242105   0.0327994704  -0.0737318462
        0.0264690929   0.0186308436  -0.0287255913   0.0149693553  -0.0046322944
        0.0133074992   0.0089867605  -0.0013812864   0.0010280588  -0.0002959080
        0.0000433791   0.0003192637  -0.0012865002   0.0000719827   0.0012119098
       -0.0003043563   0.0014213116  -0.0117351265   0.0003138820  -0.0002459552
        0.0010621445  -0.0008800951  -0.0005071974   0.0015361336  -0.0003427494
       -0.0492948032   0.0965303583  -0.0485536920
       -0.0076678868   0.0026729891  -0.0013069888  -0.0288881235   0.0281929320
       -0.0598145205  -0.0029729973   0.0077828718  -0.0014395251  -0.0131456892
        0.0123709211  -0.0637199397   0.0006347371  -0.0003866435   0.0007137039
       -0.0005285984  -0.0007233659   0.0040852694   0.0003096454  -0.0010611411
        0.0005206562   0.0003873102  -0.0005118563   0.0007020093   0.0007817755
        0.0005085196   0.0040744868   0.0010538331  -0.0002915349   0.0005091829
        0.0500359939  -0.0485536920   0.1156756657
