           1           2  0.84847880047033097     
           2           3  0.84846411770019003     
           2           4   1.2275458405110520     
           1           5  0.95431522995880602     
           1           6  0.93421150489049221     
           1           7  0.95178283446443857     
           3           8  0.95411141645086239     
           3           9  0.93425008312721891     
           3          10  0.95195266680243229     
           2          11  0.92073201296294716     
