$hessian                                                                        
        0.4726114729  -0.0411490529   0.0102412508  -0.1423321716  -0.0258658623
        0.0591564677  -0.0000104420  -0.0000373524   0.0001231498  -0.0006904685
       -0.0009147128  -0.0005819575  -0.0001497599   0.0000117142   0.0000529909
       -0.0137537318  -0.0097843223   0.0021608165   0.0049298906   0.0007555935
       -0.0030995709  -0.0207994619  -0.0050849085   0.0123313470  -0.0016939109
        0.0009446354   0.0032367802  -0.0031560958  -0.0041709283  -0.0018673908
       -0.0925099614  -0.0363176865  -0.0362325774  -0.0173618847  -0.0173503361
       -0.0085147793   0.0077486241   0.0095224699   0.0078757947  -0.0076785952
       -0.0075391214  -0.0100301980  -0.0032703658  -0.0017115271   0.0020451068
        0.0005218674  -0.0006273828  -0.0007460454   0.0007157810   0.0005198751
       -0.0007430050  -0.1142852692   0.1030173599   0.0301465673  -0.0688355173
        0.0357815454  -0.0655547475
       -0.0411490529   0.4989201427  -0.0090602483  -0.0289263745  -0.0768414186
        0.0265142508  -0.0000433790  -0.0001086041   0.0001125614  -0.0002584308
       -0.0001476449  -0.0003326155  -0.0000612962   0.0001018864   0.0000555493
       -0.0128952682  -0.0059751136   0.0070364953  -0.0115433061  -0.0062265644
        0.0094902171   0.0183999177   0.0056286486  -0.0125177739  -0.0010487695
       -0.0006484039   0.0016159654  -0.0062179475  -0.0049235840  -0.0017562797
       -0.0380629650  -0.1176800230  -0.0435740966  -0.0105743715  -0.0092334908
       -0.0034057884  -0.0112211060  -0.0217790309  -0.0159609289   0.0045822900
        0.0072639489   0.0046999565  -0.0013566341  -0.0002958018   0.0008863922
        0.0012106778   0.0007452917  -0.0002251124   0.0001716965   0.0002259926
       -0.0005644824   0.1034613603  -0.1839385086  -0.0428656814   0.0355329590
       -0.0850877222   0.0798516194
        0.0102412508  -0.0090602483   0.5010038651   0.0539897591   0.0223200694
       -0.1051788258   0.0000753966  -0.0000411244   0.0000664379   0.0008040327
        0.0006738350   0.0003947881  -0.0000651193   0.0000836454  -0.0000135402
       -0.0037263635   0.0023419998   0.0101299924   0.0211164683   0.0118423170
       -0.0188843563   0.0089004613   0.0012024877  -0.0049533616  -0.0007330346
       -0.0013274581  -0.0022995283  -0.0057755251  -0.0048299500   0.0004171062
       -0.0394385285  -0.0459446296  -0.1011076474   0.0054187955   0.0070507203
        0.0064677536  -0.0032621767  -0.0085332974  -0.0049487928  -0.0162923910
       -0.0157811032  -0.0186917314   0.0026204519   0.0013263622  -0.0009908831
        0.0003783897   0.0006527262   0.0003753707   0.0009704969   0.0006861552
        0.0006014130   0.0295534168  -0.0419884382  -0.0589555804  -0.0647757807
        0.0793259311  -0.2034324798
       -0.1423321716  -0.0289263745   0.0539897591   0.4572187663  -0.0452423909
       -0.0405011246   0.0000242703   0.0000130690   0.0000431754  -0.0003448982
       -0.0003038898  -0.0001164887  -0.0000176885   0.0000437037   0.0000073633
       -0.0587115761   0.0025802511  -0.0063922945  -0.0655719057   0.0284821044
       -0.0589196950  -0.1241291681   0.1089854637   0.0346589053   0.0121568452
       -0.0055328157  -0.0027146013  -0.0421546485  -0.0443057061   0.0007173431
       -0.0205190174  -0.0123514770   0.0069293821  -0.0016494464  -0.0025217728
       -0.0019355923   0.0010413396   0.0011616541   0.0005017444   0.0005841000
        0.0004093074   0.0009695155  -0.0007755220  -0.0004671792   0.0005336146
       -0.0000234769  -0.0000103828  -0.0000348455  -0.0001140762  -0.0001070192
        0.0000126299  -0.0203483975  -0.0027073092   0.0133846349   0.0056666718
        0.0008007638  -0.0011334259
       -0.0258658623  -0.0768414186   0.0223200694  -0.0452423909   0.4301005657
       -0.0411475305   0.0000360814   0.0000186513   0.0000184296  -0.0004761153
       -0.0003961460  -0.0001030974   0.0000358083   0.0000446150   0.0000312021
        0.0014869615  -0.0663464122  -0.0020596709   0.0342187908  -0.0784977135
        0.0876577027   0.1015902521  -0.1718131906  -0.0379544732  -0.0086017067
       -0.0079928485  -0.0358043979  -0.0395244224  -0.0169953283  -0.0009437383
       -0.0199464930  -0.0102570665   0.0085925564  -0.0025289068  -0.0026095886
       -0.0022742439  -0.0005711649   0.0006370426   0.0008060190   0.0007408401
        0.0006808195   0.0006609274  -0.0011031087  -0.0003388672   0.0005833951
       -0.0002047569  -0.0000095382   0.0000095001   0.0000287562  -0.0000995514
        0.0000526888   0.0169951817   0.0067925953  -0.0117106336  -0.0110677443
       -0.0060766198   0.0112652952
        0.0591564677   0.0265142508  -0.1051788258  -0.0405011246  -0.0411475305
        0.4693803826   0.0000274250   0.0000707354  -0.0000027255  -0.0004076261
       -0.0003141649  -0.0000403596   0.0000601598   0.0000124481   0.0000098263
       -0.0088751553  -0.0041381870  -0.0608593915  -0.0577739029   0.0787882656
       -0.2025862851   0.0307494399  -0.0313646923  -0.0507875683  -0.0084292143
       -0.0403374374  -0.0463687273   0.0098651722   0.0062039706   0.0115786688
       -0.0080740059  -0.0026865279   0.0071820392  -0.0019987424  -0.0022626540
       -0.0011864946  -0.0006357929  -0.0000350281   0.0004238475  -0.0008930065
       -0.0007338264   0.0008123394  -0.0007244704  -0.0003770234   0.0005373019
       -0.0001326998   0.0001208118  -0.0000093176  -0.0000008901  -0.0001718246
        0.0001376877   0.0085053536   0.0010659771  -0.0049549118   0.0200826130
        0.0107924372  -0.0180874863
       -0.0000104420  -0.0000433790   0.0000753966   0.0000242703   0.0000360814
        0.0000274250   0.0807016887  -0.0408224235   0.0779798542   0.0070815082
       -0.0121874798   0.0219556121  -0.0080663254   0.0125776544  -0.0166422015
        0.0000506175   0.0000118382  -0.0000939211  -0.0000062964  -0.0000559355
        0.0000746857  -0.0000126191   0.0000087454  -0.0000085839  -0.0000193857
       -0.0000111800   0.0000750219  -0.0000080126   0.0000018575   0.0000599667
        0.0004697927   0.0007725761  -0.0010106100  -0.0077582350   0.0054629401
       -0.0166674084  -0.0000951479   0.0001162855  -0.0000268435  -0.0001916294
       -0.0006738901   0.0004639043  -0.0711743884   0.0371153482  -0.0645516656
        0.0005322386   0.0003633900   0.0006812520  -0.0016763346  -0.0027473007
       -0.0025694444   0.0000399390   0.0000516865   0.0000136287   0.0001187616
        0.0000231853   0.0001639310
       -0.0000373524  -0.0001086041  -0.0000411244   0.0000130690   0.0000186513
        0.0000707354  -0.0408224235   0.1046286846  -0.1011584214   0.0026988017
       -0.0056566949   0.0107289055   0.0111960723  -0.0154856851   0.0223437722
       -0.0000357512  -0.0000449372  -0.0000464272  -0.0000127340   0.0000035564
        0.0000027125   0.0000175339  -0.0000099399  -0.0000001162  -0.0000018996
        0.0000098097   0.0000273725   0.0000393161   0.0000205066  -0.0000067176
        0.0002727190   0.0005938950  -0.0007912427  -0.0071232636   0.0081538021
       -0.0157735266   0.0001012513  -0.0001662956   0.0001378964  -0.0000636779
       -0.0000018979   0.0000694481   0.0368352871  -0.0912399867   0.0876759056
       -0.0002081333   0.0009165754  -0.0003211940  -0.0028811908  -0.0016254061
       -0.0029368273  -0.0000220029   0.0000318482  -0.0000292582   0.0000343788
       -0.0000378819   0.0000481074
        0.0001231498   0.0001125614   0.0000664379   0.0000431754   0.0000184296
       -0.0000027255   0.0779798542  -0.1011584214   0.2392698502  -0.0043176703
        0.0119161224  -0.0198409119   0.0015731301  -0.0016090633   0.0050735470
        0.0001600007   0.0001381765  -0.0000821869  -0.0000065068  -0.0000519250
        0.0000935718  -0.0000131343   0.0000034372  -0.0000072447  -0.0000304889
       -0.0000750539   0.0000363333  -0.0000855458  -0.0000643750   0.0000957037
        0.0008315738   0.0005747266   0.0007591145  -0.0099487460   0.0048011730
       -0.0188052431  -0.0000472280  -0.0000209668  -0.0000967905  -0.0001981803
       -0.0003706042   0.0006242945  -0.0641007067   0.0884577508  -0.2052634632
        0.0003759715   0.0004530643   0.0002030938  -0.0025449449  -0.0031790579
       -0.0021813444   0.0000380770   0.0000061342  -0.0000331743   0.0001682194
        0.0000478912   0.0000911377
       -0.0006904685  -0.0002584308   0.0008040327  -0.0003448982  -0.0004761153
       -0.0004076261   0.0070815082   0.0026988017  -0.0043176703   0.2136613564
        0.0672671523  -0.1158600877  -0.0190023770  -0.0037776597   0.0141185397
        0.0004182176   0.0005343362   0.0003886621   0.0000304755   0.0000243505
        0.0000024184   0.0000346719   0.0000305822   0.0000000511  -0.0000503514
       -0.0001902736  -0.0002874432  -0.0003788469  -0.0002739314   0.0000418767
       -0.0018586251  -0.0031970212  -0.0029982613  -0.0167820528  -0.0088411022
        0.0080816165   0.0004763856  -0.0000372344  -0.0001813330   0.0001187705
        0.0001954354  -0.0002603771  -0.1835808910  -0.0544413159   0.1005013803
        0.0007556215   0.0003111413   0.0001920795   0.0000501979   0.0004062155
        0.0001986837   0.0000488639  -0.0000373394  -0.0000037369   0.0000124421
        0.0000624087  -0.0000128049
       -0.0009147128  -0.0001476449   0.0006738350  -0.0003038898  -0.0003961460
       -0.0003141649  -0.0121874798  -0.0056566949   0.0119161224   0.0672671523
        0.0760929985  -0.0464677365   0.0209189598   0.0065007884  -0.0147615397
        0.0002483130   0.0003394930   0.0002702477   0.0000361350   0.0000207850
       -0.0000038005   0.0000155769   0.0000208349  -0.0000024014  -0.0000305436
       -0.0001200549  -0.0001800463  -0.0002538555  -0.0001838857   0.0000242656
       -0.0024393438  -0.0025823245  -0.0028214528  -0.0181361092  -0.0085074163
        0.0094059774   0.0000425743  -0.0000150542  -0.0000737483   0.0001953137
        0.0001514264  -0.0002386465  -0.0548886702  -0.0663148683   0.0417724189
       -0.0001102187   0.0001408445   0.0005092025   0.0004659933   0.0005554698
        0.0002540024   0.0000582909   0.0000634004   0.0000463748   0.0000165142
        0.0000380488  -0.0000089099
       -0.0005819575  -0.0003326155   0.0003947881  -0.0001164887  -0.0001030974
       -0.0000403596   0.0219556121   0.0107289055  -0.0198409119  -0.1158600877
       -0.0464677365   0.1311068277   0.0088793201   0.0018564884  -0.0059237468
       -0.0000897018  -0.0000946224  -0.0000483732   0.0000054293  -0.0000103121
        0.0000010814   0.0000015279   0.0000050421  -0.0000091379   0.0000024740
        0.0000442171   0.0000791856   0.0000409253   0.0000249235  -0.0000065475
       -0.0014321749  -0.0016789388  -0.0008245770  -0.0118591884  -0.0052212012
        0.0078359955  -0.0001825860   0.0000881187  -0.0000207621  -0.0000512857
       -0.0002487133   0.0001809836   0.0995663746   0.0410955660  -0.1141060057
       -0.0001950932   0.0003818039   0.0003929242  -0.0001887243  -0.0001918312
        0.0007059039   0.0000224417   0.0000832310   0.0000329140   0.0000831832
        0.0000407720   0.0000898176
       -0.0001497599  -0.0000612962  -0.0000651193  -0.0000176885   0.0000358083
        0.0000601598  -0.0080663254   0.0111960723   0.0015731301  -0.0190023770
        0.0209189598   0.0088793201   0.1374711947  -0.1216747503  -0.0391898272
       -0.0000677197  -0.0000630336  -0.0000358177  -0.0000010469   0.0000096070
       -0.0000108891   0.0000004165  -0.0000145264  -0.0000007390   0.0000097993
        0.0000175061   0.0000373109   0.0000626773   0.0000354171  -0.0000199901
        0.0010374021  -0.0007112417  -0.0007060841   0.0087622184  -0.0117654747
       -0.0035376779  -0.0001016316  -0.0000123638  -0.0000633028  -0.0000938074
        0.0001409792   0.0000317214  -0.1196355290   0.1051003945   0.0344137202
       -0.0007660050  -0.0029394750  -0.0017875504   0.0005825937  -0.0002352569
        0.0003714685  -0.0000570824   0.0000456191   0.0000236686   0.0000326710
       -0.0000229447   0.0000264981
        0.0000117142   0.0001018864   0.0000836454   0.0000437037   0.0000446150
        0.0000124481   0.0125776544  -0.0154856851  -0.0016090633  -0.0037776597
        0.0065007884   0.0018564884  -0.1216747503   0.2194499960   0.0562944665
        0.0001862660   0.0000376881  -0.0001157590   0.0000072523  -0.0000293028
        0.0000153195  -0.0001104404   0.0000631965   0.0000380054  -0.0000904223
        0.0000196872   0.0000541509  -0.0001063746   0.0000061021   0.0000891568
        0.0011455453   0.0004045447  -0.0000813738   0.0093097218  -0.0213866376
       -0.0089636602  -0.0009895622   0.0002739830   0.0001901737   0.0000871233
       -0.0001911019   0.0000597172   0.1058718386  -0.1879889341  -0.0452319575
       -0.0029180485  -0.0029895919  -0.0032746629   0.0003246458   0.0008834640
        0.0004989677   0.0000402441   0.0002396495   0.0000803432   0.0000615483
        0.0000456524   0.0000035940
        0.0000529909   0.0000555493  -0.0000135402   0.0000073633   0.0000312021
        0.0000098263  -0.0166422015   0.0223437722   0.0050735470   0.0141185397
       -0.0147615397  -0.0059237468  -0.0391898272   0.0562944665   0.0675765751
        0.0001022413   0.0000433521  -0.0000045199  -0.0000030950   0.0000034468
       -0.0000073362  -0.0000322700   0.0000138648   0.0000241172  -0.0000515395
       -0.0000121000  -0.0000161289  -0.0000531110  -0.0000017658   0.0000198786
        0.0004040457   0.0007096398   0.0004214886   0.0079463973  -0.0161840226
       -0.0057185399  -0.0002010526   0.0000755541   0.0002653932  -0.0001148812
        0.0000772462  -0.0000896358   0.0349877715  -0.0453279260  -0.0600190228
       -0.0020464356  -0.0031773846  -0.0017142744   0.0006612337  -0.0002625895
        0.0001609143   0.0000292709   0.0001021935  -0.0000150140   0.0000245593
       -0.0000229590  -0.0000299812
       -0.0137537318  -0.0128952682  -0.0037263635  -0.0587115761   0.0014869615
       -0.0088751553   0.0000506175  -0.0000357512   0.0001600007   0.0004182176
        0.0002483130  -0.0000897018  -0.0000677197   0.0001862660   0.0001022413
        0.5714336237   0.1089243688  -0.3379242657  -0.0030744881  -0.0062866868
       -0.0051034100   0.0064739063   0.0143620714   0.0089844179  -0.1267950194
        0.0362425535   0.1571151401  -0.3743227614  -0.1419797715   0.1877278082
       -0.0004082637  -0.0002216765   0.0007410086  -0.0003809542  -0.0003489052
        0.0002614273  -0.0002165897   0.0004740823   0.0002348338   0.0001549023
       -0.0000556978   0.0003337833   0.0000761532  -0.0000349479  -0.0001497648
       -0.0000441350  -0.0000638901  -0.0000235225  -0.0000424567   0.0000263223
       -0.0001073504  -0.0011503697   0.0002567851   0.0000409089   0.0003606450
       -0.0002851287   0.0002979640
       -0.0097843223  -0.0059751136   0.0023419998   0.0025802511  -0.0663464122
       -0.0041381870   0.0000118382  -0.0000449372   0.0001381765   0.0005343362
        0.0003394930  -0.0000946224  -0.0000630336   0.0000376881   0.0000433521
        0.1089243688   0.3079481975   0.0302044115   0.0069008027   0.0074698246
        0.0075294521  -0.0080728333  -0.0152864118  -0.0122383633   0.0269480363
       -0.0988022507  -0.0990385483  -0.1320346005  -0.1316547177   0.0761621799
        0.0017285273   0.0010964385  -0.0009684398   0.0001122595   0.0006479777
        0.0006630303  -0.0001350013  -0.0001380133  -0.0001124816  -0.0000683679
       -0.0002126892   0.0001412123   0.0002890139   0.0001155594  -0.0002446604
        0.0002290276  -0.0001972763  -0.0000678797  -0.0000624894   0.0001238373
       -0.0001745000   0.0019133866   0.0001675481  -0.0000241987   0.0000488003
        0.0007112576  -0.0001219333
        0.0021608165   0.0070364953   0.0101299924  -0.0063922945  -0.0020596709
       -0.0608593915  -0.0000939211  -0.0000464272  -0.0000821869   0.0003886621
        0.0002702477  -0.0000483732  -0.0000358177  -0.0001157590  -0.0000045199
       -0.3379242657   0.0302044115   0.7688325005  -0.0128251665  -0.0126748784
       -0.0162173083  -0.0007486155  -0.0056378088  -0.0027805418   0.1393301031
       -0.1130696390  -0.4910006637   0.2067125138   0.0910899678  -0.2036456208
        0.0041689420   0.0016766324  -0.0025537106   0.0010829050   0.0012412625
        0.0010829736  -0.0001580925  -0.0006410816  -0.0003767713  -0.0004600223
       -0.0002463173  -0.0006469969   0.0004551768   0.0002149114  -0.0002132753
        0.0003338539  -0.0002121348  -0.0000565277  -0.0000405854   0.0003378117
       -0.0003014111   0.0032362278  -0.0006469835   0.0003964537   0.0008095803
        0.0032789601  -0.0016546212
        0.0049298906  -0.0115433061   0.0211164683  -0.0655719057   0.0342187908
       -0.0577739029  -0.0000062964  -0.0000127340  -0.0000065068   0.0000304755
        0.0000361350   0.0000054293  -0.0000010469   0.0000072523  -0.0000030950
       -0.0030744881   0.0069008027  -0.0128251665   0.0737017581  -0.0350027893
        0.0633910669  -0.0084344765   0.0122261600  -0.0179485824  -0.0003430476
       -0.0031783964  -0.0020267255   0.0003464715  -0.0011722543   0.0019880808
        0.0008681920   0.0001177179   0.0011099501  -0.0000418320   0.0000884983
        0.0000604972  -0.0000607595   0.0000826717  -0.0001411139  -0.0001411480
       -0.0000428556  -0.0001442183   0.0000249312   0.0000156989  -0.0000870293
        0.0000595672  -0.0000272921   0.0000152331  -0.0000043192   0.0000631077
       -0.0000657508   0.0009093551  -0.0002571525   0.0000135146  -0.0031913212
       -0.0025200548   0.0033218511
        0.0007555935  -0.0062265644   0.0118423170   0.0284821044  -0.0784977135
        0.0787882656  -0.0000559355   0.0000035564  -0.0000519250   0.0000243505
        0.0000207850  -0.0000103121   0.0000096070  -0.0000293028   0.0000034468
       -0.0062866868   0.0074698246  -0.0126748784  -0.0350027893   0.0950070325
       -0.0991656853   0.0126823684  -0.0146071749   0.0233153112  -0.0002274384
       -0.0036551933  -0.0028933355   0.0015803399  -0.0000659786  -0.0000773524
        0.0005904010   0.0002256556   0.0007779748   0.0000904458   0.0000645469
       -0.0000840681   0.0001363233  -0.0001993907   0.0000495544  -0.0006471563
       -0.0000156596  -0.0003767694   0.0000331549   0.0000197834  -0.0000326576
        0.0000475868   0.0000258253  -0.0000231640   0.0000675976   0.0000841719
       -0.0001218952   0.0001836377   0.0005951990  -0.0006492205  -0.0024635045
       -0.0002194027   0.0013843937
       -0.0030995709   0.0094902171  -0.0188843563  -0.0589196950   0.0876577027
       -0.2025862851   0.0000746857   0.0000027125   0.0000935718   0.0000024184
       -0.0000038005   0.0000010814  -0.0000108891   0.0000153195  -0.0000073362
       -0.0051034100   0.0075294521  -0.0162173083   0.0633910669  -0.0991656853
        0.2338791374   0.0003085337  -0.0003959303   0.0040158145  -0.0003115621
       -0.0050479969  -0.0027332334   0.0004671974  -0.0012437817   0.0034593707
       -0.0005550075  -0.0003474465   0.0006086914  -0.0001736723  -0.0000893230
        0.0001933773   0.0000319857   0.0000268060  -0.0001046348   0.0005983450
        0.0001201939   0.0006836175  -0.0000203273  -0.0000215072   0.0000047223
       -0.0000088518  -0.0000229525  -0.0000337198  -0.0001112859  -0.0001819690
        0.0001312660  -0.0003660454  -0.0000282287   0.0001798285   0.0038060845
        0.0017062180  -0.0026836051
       -0.0207994619   0.0183999177   0.0089004613  -0.1241291681   0.1015902521
        0.0307494399  -0.0000126191   0.0000175339  -0.0000131343   0.0000346719
        0.0000155769   0.0000015279   0.0000004165  -0.0001104404  -0.0000322700
        0.0064739063  -0.0080728333  -0.0007486155  -0.0084344765   0.0126823684
        0.0003085337   0.1500129321  -0.1225090720  -0.0385499344  -0.0008089096
       -0.0010778972  -0.0023312607   0.0008125905   0.0005372107  -0.0010837520
        0.0003152599   0.0011900948   0.0003512673   0.0001835649  -0.0000032454
       -0.0000845659  -0.0000903183  -0.0010031130  -0.0001876371  -0.0000728403
        0.0000891036  -0.0000612226   0.0000637658  -0.0000039293  -0.0000370489
        0.0002512656  -0.0000343357  -0.0000892062   0.0000363034   0.0000427432
       -0.0000053160  -0.0047651399  -0.0019188173   0.0034393699   0.0009282567
        0.0001688823  -0.0005266361
       -0.0050849085   0.0056286486   0.0012024877   0.1089854637  -0.1718131906
       -0.0313646923   0.0000087454  -0.0000099399   0.0000034372   0.0000305822
        0.0000208349   0.0000050421  -0.0000145264   0.0000631965   0.0000138648
        0.0143620714  -0.0152864118  -0.0056378088   0.0122261600  -0.0146071749
       -0.0003959303  -0.1225090720   0.1931363284   0.0388560152  -0.0031139687
       -0.0016958206  -0.0048544678  -0.0028558932   0.0024398068   0.0013751877
       -0.0003653467   0.0008756588   0.0005993666  -0.0000979031  -0.0000406114
        0.0001807545   0.0000375842   0.0003835901   0.0001015392   0.0001077571
       -0.0001443377  -0.0000676131   0.0000246085  -0.0000359040  -0.0000521396
       -0.0000783157  -0.0000371700   0.0000246953  -0.0000157487   0.0000397575
       -0.0000470553  -0.0015124951   0.0004204052   0.0003294471  -0.0001347944
        0.0006623342  -0.0002721303
        0.0123313470  -0.0125177739  -0.0049533616   0.0346589053  -0.0379544732
       -0.0507875683  -0.0000085839  -0.0000001162  -0.0000072447   0.0000000511
       -0.0000024014  -0.0000091379  -0.0000007390   0.0000380054   0.0000241172
        0.0089844179  -0.0122383633  -0.0027805418  -0.0179485824   0.0233153112
        0.0040158145  -0.0385499344   0.0388560152   0.0592767727  -0.0023394508
       -0.0013468676  -0.0041156107  -0.0006856233   0.0016998141   0.0003850250
       -0.0004300021  -0.0001075023   0.0003293201  -0.0000727206   0.0000034328
        0.0000378454  -0.0000274673   0.0002322765   0.0002285359  -0.0000542268
        0.0001262033  -0.0001251597  -0.0000208339   0.0000123923   0.0000139906
       -0.0001225877   0.0000068465  -0.0000049529   0.0000244668  -0.0000281000
       -0.0000234985   0.0039782748   0.0005966930  -0.0018261642   0.0002832894
       -0.0006913924   0.0003218191
       -0.0016939109  -0.0010487695  -0.0007330346   0.0121568452  -0.0086017067
       -0.0084292143  -0.0000193857  -0.0000018996  -0.0000304889  -0.0000503514
       -0.0000305436   0.0000024740   0.0000097993  -0.0000904223  -0.0000515395
       -0.1267950194   0.0269480363   0.1393301031  -0.0003430476  -0.0002274384
       -0.0003115621  -0.0008089096  -0.0031139687  -0.0023394508   0.1331727797
       -0.0152740875  -0.1922878366  -0.0189422285   0.0010452117   0.0668181109
        0.0010738400   0.0004738450  -0.0007313146   0.0002439603   0.0003960002
        0.0001499971  -0.0000894901  -0.0004166664  -0.0002048198  -0.0001302772
       -0.0001269970  -0.0000916813   0.0000311945   0.0000358252   0.0000104607
        0.0002164279  -0.0000989811  -0.0000303307  -0.0000214847   0.0000776848
       -0.0000587327   0.0021726030  -0.0007369858  -0.0001891774  -0.0001833446
        0.0007918635  -0.0008219624
        0.0009446354  -0.0006484039  -0.0013274581  -0.0055328157  -0.0079928485
       -0.0403374374  -0.0000111800   0.0000098097  -0.0000750539  -0.0001902736
       -0.0001200549   0.0000442171   0.0000175061   0.0000196872  -0.0000121000
        0.0362425535  -0.0988022507  -0.1130696390  -0.0031783964  -0.0036551933
       -0.0050479969  -0.0010778972  -0.0016958206  -0.0013468676  -0.0152740875
        0.0894204298   0.1473982408  -0.0117338988   0.0227537699   0.0144427738
        0.0004294017   0.0001539601  -0.0001457862   0.0001796382  -0.0000531307
       -0.0000515275  -0.0000649619   0.0001702015   0.0000325898  -0.0000731628
       -0.0000538841  -0.0001403080  -0.0000323705   0.0000050430   0.0000744638
       -0.0001381532   0.0000562291   0.0000607307   0.0000136264   0.0000111700
        0.0000093625  -0.0006881742  -0.0002235438   0.0000056568   0.0001680106
        0.0006448301  -0.0005138607
        0.0032367802   0.0016159654  -0.0022995283  -0.0027146013  -0.0358043979
       -0.0463687273   0.0000750219   0.0000273725   0.0000363333  -0.0002874432
       -0.0001800463   0.0000791856   0.0000373109   0.0000541509  -0.0000161289
        0.1571151401  -0.0990385483  -0.4910006637  -0.0020267255  -0.0028933355
       -0.0027332334  -0.0023312607  -0.0048544678  -0.0041156107  -0.1922878366
        0.1473982408   0.5915015298   0.0424416343  -0.0047147369  -0.0479574222
       -0.0008839129  -0.0002369285   0.0007377899  -0.0002598451  -0.0003530580
       -0.0004729546   0.0000859137   0.0003702852   0.0001287001   0.0003855410
        0.0001004053   0.0003921819  -0.0001202669  -0.0000276267   0.0001140279
       -0.0003018240   0.0001802105   0.0000737583  -0.0000088816  -0.0003012403
        0.0003183701  -0.0018352100   0.0007894951   0.0000511622  -0.0003195343
       -0.0021317395   0.0015312299
       -0.0031560958  -0.0062179475  -0.0057755251  -0.0421546485  -0.0395244224
        0.0098651722  -0.0000080126   0.0000393161  -0.0000855458  -0.0003788469
       -0.0002538555   0.0000409253   0.0000626773  -0.0001063746  -0.0000531110
       -0.3743227614  -0.1320346005   0.2067125138   0.0003464715   0.0015803399
        0.0004671974   0.0008125905  -0.0028558932  -0.0006856233  -0.0189422285
       -0.0117338988   0.0424416343   0.4402069697   0.1929310592  -0.2536394453
       -0.0029124113  -0.0013366218   0.0016459188  -0.0004351595  -0.0005773669
       -0.0006515704   0.0001241824  -0.0002164743  -0.0000410628  -0.0000078763
        0.0001070859  -0.0000382130  -0.0003546964  -0.0001364637   0.0002258231
        0.0000879190   0.0000273322  -0.0000288334   0.0000469066   0.0000041783
        0.0000352716   0.0007928299  -0.0000126837  -0.0002562030   0.0001921903
        0.0003172913  -0.0001793232
       -0.0041709283  -0.0049235840  -0.0048299500  -0.0443057061  -0.0169953283
        0.0062039706   0.0000018575   0.0000205066  -0.0000643750  -0.0002739314
       -0.0001838857   0.0000249235   0.0000354171   0.0000061021  -0.0000017658
       -0.1419797715  -0.1316547177   0.0910899678  -0.0011722543  -0.0000659786
       -0.0012437817   0.0005372107   0.0024398068   0.0016998141   0.0010452117
        0.0227537699  -0.0047147369   0.1929310592   0.1298777521  -0.0888529126
       -0.0021361430  -0.0010182808   0.0013339635  -0.0003904524  -0.0005857239
       -0.0004569614   0.0000331849   0.0001849637   0.0001146790  -0.0000077066
        0.0000655301  -0.0000238543  -0.0002727628  -0.0001454980   0.0001718542
       -0.0000507233   0.0000504273   0.0000096715   0.0000301929   0.0000164015
       -0.0000224052  -0.0000806049   0.0000652744  -0.0000626032   0.0002268505
        0.0000924625  -0.0003754981
       -0.0018673908  -0.0017562797   0.0004171062   0.0007173431  -0.0009437383
        0.0115786688   0.0000599667  -0.0000067176   0.0000957037   0.0000418767
        0.0000242656  -0.0000065475  -0.0000199901   0.0000891568   0.0000198786
        0.1877278082   0.0761621799  -0.2036456208   0.0019880808  -0.0000773524
        0.0034593707  -0.0010837520   0.0013751877   0.0003850250   0.0668181109
        0.0144427738  -0.0479574222  -0.2536394453  -0.0888529126   0.2350434573
        0.0002381305   0.0002182833  -0.0000225836  -0.0001894587  -0.0000936867
        0.0000354163  -0.0000710548   0.0002978587   0.0001178389   0.0002390761
       -0.0000221058   0.0003728959  -0.0000173220  -0.0000178470  -0.0000418675
       -0.0000723369  -0.0000106194  -0.0000018324  -0.0000359014  -0.0000944936
        0.0000579400  -0.0006005893  -0.0000107215  -0.0002367955  -0.0002331516
       -0.0007232312   0.0003293679
       -0.0925099614  -0.0380629650  -0.0394385285  -0.0205190174  -0.0199464930
       -0.0080740059   0.0004697927   0.0002727190   0.0008315738  -0.0018586251
       -0.0024393438  -0.0014321749   0.0010374021   0.0011455453   0.0004040457
       -0.0004082637   0.0017285273   0.0041689420   0.0008681920   0.0005904010
       -0.0005550075   0.0003152599  -0.0003653467  -0.0004300021   0.0010738400
        0.0004294017  -0.0008839129  -0.0029124113  -0.0021361430   0.0002381305
        0.4737459863  -0.0403553451   0.0048451148  -0.1396610474  -0.0269008425
        0.0529574211  -0.1183137706   0.1027618831   0.0303029354  -0.0671892907
        0.0345412382  -0.0592178726  -0.0185722982  -0.0109607950   0.0063842038
       -0.0197166886  -0.0029855492   0.0132152708   0.0053898352   0.0009001836
       -0.0019004605   0.0068622920   0.0097801740   0.0081282606  -0.0081012255
       -0.0079972501  -0.0095439337
       -0.0363176865  -0.1176800230  -0.0459446296  -0.0123514770  -0.0102570665
       -0.0026865279   0.0007725761   0.0005938950   0.0005747266  -0.0031970212
       -0.0025823245  -0.0016789388  -0.0007112417   0.0004045447   0.0007096398
       -0.0002216765   0.0010964385   0.0016766324   0.0001177179   0.0002256556
       -0.0003474465   0.0011900948   0.0008756588  -0.0001075023   0.0004738450
        0.0001539601  -0.0002369285  -0.0013366218  -0.0010182808   0.0002182833
       -0.0403553451   0.4937119336  -0.0139376798  -0.0254384618  -0.0769476162
        0.0225500451   0.1014399853  -0.1760844569  -0.0387846296   0.0353506350
       -0.0877793464   0.0822463806  -0.0183390475  -0.0093958516   0.0076853423
        0.0177866717   0.0058555981  -0.0123914926  -0.0115847356  -0.0058257868
        0.0111981067  -0.0119298125  -0.0218641737  -0.0160680273   0.0046516014
        0.0065172421   0.0053246461
       -0.0362325774  -0.0435740966  -0.1011076474   0.0069293821   0.0085925564
        0.0071820392  -0.0010106100  -0.0007912427   0.0007591145  -0.0029982613
       -0.0028214528  -0.0008245770  -0.0007060841  -0.0000813738   0.0004214886
        0.0007410086  -0.0009684398  -0.0025537106   0.0011099501   0.0007779748
        0.0006086914   0.0003512673   0.0005993666   0.0003293201  -0.0007313146
       -0.0001457862   0.0007377899   0.0016459188   0.0013339635  -0.0000225836
        0.0048451148  -0.0139376798   0.4950367215   0.0558760482   0.0247323061
       -0.1036182265   0.0297154049  -0.0381884060  -0.0579863087  -0.0595021507
        0.0809369296  -0.1975374442  -0.0092298592  -0.0037365505   0.0067893657
        0.0093699163   0.0008416774  -0.0052963877   0.0198250319   0.0111103822
       -0.0187114172  -0.0037418056  -0.0082263077  -0.0054424323  -0.0162563802
       -0.0164538206  -0.0187637955
       -0.0173618847  -0.0105743715   0.0054187955  -0.0016494464  -0.0025289068
       -0.0019987424  -0.0077582350  -0.0071232636  -0.0099487460  -0.0167820528
       -0.0181361092  -0.0118591884   0.0087622184   0.0093097218   0.0079463973
       -0.0003809542   0.0001122595   0.0010829050  -0.0000418320   0.0000904458
       -0.0001736723   0.0001835649  -0.0000979031  -0.0000727206   0.0002439603
        0.0001796382  -0.0002598451  -0.0004351595  -0.0003904524  -0.0001894587
       -0.1396610474  -0.0254384618   0.0558760482   0.4755767790  -0.0390511878
        0.0124064997  -0.0202108012  -0.0038196569   0.0133187393   0.0048575871
        0.0009812558  -0.0026889614  -0.1023971461  -0.0434239481  -0.0388079360
       -0.1157826482   0.1021728643   0.0312495095  -0.0681038488   0.0367694907
       -0.0622714939   0.0007397754   0.0009200616   0.0003719324   0.0002011712
        0.0000485233   0.0005999378
       -0.0173503361  -0.0092334908   0.0070507203  -0.0025217728  -0.0026095886
       -0.0022626540   0.0054629401   0.0081538021   0.0048011730  -0.0088411022
       -0.0085074163  -0.0052212012  -0.0117654747  -0.0213866376  -0.0161840226
       -0.0003489052   0.0006479777   0.0012412625   0.0000884983   0.0000645469
       -0.0000893230  -0.0000032454  -0.0000406114   0.0000034328   0.0003960002
       -0.0000531307  -0.0003530580  -0.0005773669  -0.0005857239  -0.0000936867
       -0.0269008425  -0.0769476162   0.0247323061  -0.0390511878   0.5049263217
       -0.0073586077   0.0183743346   0.0052380473  -0.0128134062  -0.0117083069
       -0.0059762251   0.0109161955  -0.0442530130  -0.1216745813  -0.0458089134
        0.1030230300  -0.1819262632  -0.0430995103   0.0363424492  -0.0906383890
        0.0835098995  -0.0008483206   0.0000978419   0.0004845015   0.0004826217
        0.0004511363   0.0005448919
       -0.0085147793  -0.0034057884   0.0064677536  -0.0019355923  -0.0022742439
       -0.0011864946  -0.0166674084  -0.0157735266  -0.0188052431   0.0080816165
        0.0094059774   0.0078359955  -0.0035376779  -0.0089636602  -0.0057185399
        0.0002614273   0.0006630303   0.0010829736   0.0000604972  -0.0000840681
        0.0001933773  -0.0000845659   0.0001807545   0.0000378454   0.0001499971
       -0.0000515275  -0.0004729546  -0.0006515704  -0.0004569614   0.0000354163
        0.0529574211   0.0225500451  -0.1036182265   0.0124064997  -0.0073586077
        0.5019259789   0.0093098008   0.0011219110  -0.0055531497   0.0204663137
        0.0112783475  -0.0194292935  -0.0404591360  -0.0470094324  -0.1049295868
        0.0312986631  -0.0427333345  -0.0599695040  -0.0615105008   0.0838385174
       -0.1987810805  -0.0006889595  -0.0001619915   0.0003529004  -0.0009420460
       -0.0007654408   0.0005318323
        0.0077486241  -0.0112211060  -0.0032621767   0.0010413396  -0.0005711649
       -0.0006357929  -0.0000951479   0.0001012513  -0.0000472280   0.0004763856
        0.0000425743  -0.0001825860  -0.0001016316  -0.0009895622  -0.0002010526
       -0.0002165897  -0.0001350013  -0.0001580925  -0.0000607595   0.0001363233
        0.0000319857  -0.0000903183   0.0000375842  -0.0000274673  -0.0000894901
       -0.0000649619   0.0000859137   0.0001241824   0.0000331849  -0.0000710548
       -0.1183137706   0.1014399853   0.0297154049  -0.0202108012   0.0183743346
        0.0093098008   0.1412778441  -0.1161883705  -0.0371786917  -0.0080888098
        0.0122965411   0.0005649214   0.0003593168   0.0009258821   0.0002287642
       -0.0044720766  -0.0016896969   0.0035659938   0.0009542230   0.0002565392
       -0.0005972319  -0.0008201479  -0.0025933964  -0.0014809491   0.0005776276
       -0.0001909403   0.0003395392
        0.0095224699  -0.0217790309  -0.0085332974   0.0011616541   0.0006370426
       -0.0000350281   0.0001162855  -0.0001662956  -0.0000209668  -0.0000372344
       -0.0000150542   0.0000881187  -0.0000123638   0.0002739830   0.0000755541
        0.0004740823  -0.0001380133  -0.0006410816   0.0000826717  -0.0001993907
        0.0000268060  -0.0010031130   0.0003835901   0.0002322765  -0.0004166664
        0.0001702015   0.0003702852  -0.0002164743   0.0001849637   0.0002978587
        0.1027618831  -0.1760844569  -0.0381884060  -0.0038196569   0.0052380473
        0.0011219110  -0.1161883705   0.2072041121   0.0479717412   0.0124243940
       -0.0153861112  -0.0008301275  -0.0006157657   0.0007853303   0.0006140365
       -0.0016622107   0.0004233628   0.0005145001  -0.0002883866   0.0005920373
       -0.0002320985  -0.0026554137  -0.0030581798  -0.0033268815   0.0003722154
        0.0009338618   0.0004947994
        0.0078757947  -0.0159609289  -0.0049487928   0.0005017444   0.0008060190
        0.0004238475  -0.0000268435   0.0001378964  -0.0000967905  -0.0001813330
       -0.0000737483  -0.0000207621  -0.0000633028   0.0001901737   0.0002653932
        0.0002348338  -0.0001124816  -0.0003767713  -0.0001411139   0.0000495544
       -0.0001046348  -0.0001876371   0.0001015392   0.0002285359  -0.0002048198
        0.0000325898   0.0001287001  -0.0000410628   0.0001146790   0.0001178389
        0.0303029354  -0.0387846296  -0.0579863087   0.0133187393  -0.0128134062
       -0.0055531497  -0.0371786917   0.0479717412   0.0666216789  -0.0166827999
        0.0221151841   0.0040186159  -0.0006758833  -0.0001488966   0.0003869070
        0.0037663125   0.0005480974  -0.0018310717   0.0001482224  -0.0007683146
        0.0002201906  -0.0014540208  -0.0031496085  -0.0017124774   0.0006889261
       -0.0002554601   0.0002190509
       -0.0076785952   0.0045822900  -0.0162923910   0.0005841000   0.0007408401
       -0.0008930065  -0.0001916294  -0.0000636779  -0.0001981803   0.0001187705
        0.0001953137  -0.0000512857  -0.0000938074   0.0000871233  -0.0001148812
        0.0001549023  -0.0000683679  -0.0004600223  -0.0001411480  -0.0006471563
        0.0005983450  -0.0000728403   0.0001077571  -0.0000542268  -0.0001302772
       -0.0000731628   0.0003855410  -0.0000078763  -0.0000077066   0.0002390761
       -0.0671892907   0.0353506350  -0.0595021507   0.0048575871  -0.0117083069
        0.0204663137  -0.0080888098   0.0124243940  -0.0166827999   0.0803814628
       -0.0357854234   0.0697627987   0.0007168160  -0.0000102728   0.0010034565
        0.0009179856  -0.0003082818   0.0000514886  -0.0032021819  -0.0023881234
        0.0034302052   0.0005838988   0.0003612014   0.0006606106  -0.0015190669
       -0.0027890745  -0.0023488909
       -0.0075391214   0.0072639489  -0.0157811032   0.0004093074   0.0006808195
       -0.0007338264  -0.0006738901  -0.0000018979  -0.0003706042   0.0001954354
        0.0001514264  -0.0002487133   0.0001409792  -0.0001911019   0.0000772462
       -0.0000556978  -0.0002126892  -0.0002463173  -0.0000428556  -0.0000156596
        0.0001201939   0.0000891036  -0.0001443377   0.0001262033  -0.0001269970
       -0.0000538841   0.0001004053   0.0001070859   0.0000655301  -0.0000221058
        0.0345412382  -0.0877793464   0.0809369296   0.0009812558  -0.0059762251
        0.0112783475   0.0122965411  -0.0153861112   0.0221151841  -0.0357854234
        0.1016644480  -0.0955462676   0.0003862035   0.0001172224   0.0005587231
        0.0002500196   0.0005550352  -0.0007273203  -0.0023219557  -0.0000571315
        0.0014353868  -0.0001703964   0.0009136208  -0.0003018627  -0.0026808324
       -0.0015936666  -0.0027704990
       -0.0100301980   0.0046999565  -0.0186917314   0.0009695155   0.0006609274
        0.0008123394   0.0004639043   0.0000694481   0.0006242945  -0.0002603771
       -0.0002386465   0.0001809836   0.0000317214   0.0000597172  -0.0000896358
        0.0003337833   0.0001412123  -0.0006469969  -0.0001442183  -0.0003767694
        0.0006836175  -0.0000612226  -0.0000676131  -0.0001251597  -0.0000916813
       -0.0001403080   0.0003921819  -0.0000382130  -0.0000238543   0.0003728959
       -0.0592178726   0.0822463806  -0.1975374442  -0.0026889614   0.0109161955
       -0.0194292935   0.0005649214  -0.0008301275   0.0040186159   0.0697627987
       -0.0955462676   0.2333559815  -0.0006892513  -0.0005617675   0.0008071858
       -0.0005527907  -0.0001582544   0.0001639019   0.0035167608   0.0014917920
       -0.0026079183   0.0003831148   0.0005121511   0.0002325754  -0.0022517336
       -0.0028541724  -0.0025163934
       -0.0032703658  -0.0013566341   0.0026204519  -0.0007755220  -0.0011031087
       -0.0007244704  -0.0711743884   0.0368352871  -0.0641007067  -0.1835808910
       -0.0548886702   0.0995663746  -0.1196355290   0.1058718386   0.0349877715
        0.0000761532   0.0002890139   0.0004551768   0.0000249312   0.0000331549
       -0.0000203273   0.0000637658   0.0000246085  -0.0000208339   0.0000311945
       -0.0000323705  -0.0001202669  -0.0003546964  -0.0002727628  -0.0000173220
       -0.0185722982  -0.0183390475  -0.0092298592  -0.1023971461  -0.0442530130
       -0.0404591360   0.0003593168  -0.0006157657  -0.0006758833   0.0007168160
        0.0003862035  -0.0006892513   0.4986305891  -0.0244916535  -0.0201987909
        0.0076242206   0.0095916269   0.0079215331  -0.0077726798  -0.0077184091
       -0.0094522548  -0.0000845586   0.0000231760   0.0000200496   0.0000910882
        0.0000165256   0.0001377451
       -0.0017115271  -0.0002958018   0.0013263622  -0.0004671792  -0.0003388672
       -0.0003770234   0.0371153482  -0.0912399867   0.0884577508  -0.0544413159
       -0.0663148683   0.0410955660   0.1051003945  -0.1879889341  -0.0453279260
       -0.0000349479   0.0001155594   0.0002149114   0.0000156989   0.0000197834
       -0.0000215072  -0.0000039293  -0.0000359040   0.0000123923   0.0000358252
        0.0000050430  -0.0000276267  -0.0001364637  -0.0001454980  -0.0000178470
       -0.0109607950  -0.0093958516  -0.0037365505  -0.0434239481  -0.1216745813
       -0.0470094324   0.0009258821   0.0007853303  -0.0001488966  -0.0000102728
        0.0001172224  -0.0005617675  -0.0244916535   0.4903590212  -0.0235092450
       -0.0126504698  -0.0210513705  -0.0161239996   0.0051672399   0.0069645337
        0.0056005250  -0.0000227178   0.0002230322   0.0000757945  -0.0000051686
       -0.0001078622   0.0000785197
        0.0020451068   0.0008863922  -0.0009908831   0.0005336146   0.0005833951
        0.0005373019  -0.0645516656   0.0876759056  -0.2052634632   0.1005013803
        0.0417724189  -0.1141060057   0.0344137202  -0.0452319575  -0.0600190228
       -0.0001497648  -0.0002446604  -0.0002132753  -0.0000870293  -0.0000326576
        0.0000047223  -0.0000370489  -0.0000521396   0.0000139906   0.0000104607
        0.0000744638   0.0001140279   0.0002258231   0.0001718542  -0.0000418675
        0.0063842038   0.0076853423   0.0067893657  -0.0388079360  -0.0458089134
       -0.1049295868   0.0002287642   0.0006140365   0.0003869070   0.0010034565
        0.0005587231   0.0008071858  -0.0201987909  -0.0235092450   0.5005205041
       -0.0046728868  -0.0086504939  -0.0055789194  -0.0168602383  -0.0165402560
       -0.0181743407  -0.0001024635   0.0000916540  -0.0000058763   0.0001212940
       -0.0000438623   0.0001492354
        0.0005218674   0.0012106778   0.0003783897  -0.0000234769  -0.0002047569
       -0.0001326998   0.0005322386  -0.0002081333   0.0003759715   0.0007556215
       -0.0001102187  -0.0001950932  -0.0007660050  -0.0029180485  -0.0020464356
       -0.0000441350   0.0002290276   0.0003338539   0.0000595672   0.0000475868
       -0.0000088518   0.0002512656  -0.0000783157  -0.0001225877   0.0002164279
       -0.0001381532  -0.0003018240   0.0000879190  -0.0000507233  -0.0000723369
       -0.0197166886   0.0177866717   0.0093699163  -0.1157826482   0.1030230300
        0.0312986631  -0.0044720766  -0.0016622107   0.0037663125   0.0009179856
        0.0002500196  -0.0005527907   0.0076242206  -0.0126504698  -0.0046728868
        0.1378414914  -0.1159597355  -0.0380668886  -0.0077973981   0.0123625654
        0.0008564385  -0.0000772045  -0.0010501418  -0.0001287958  -0.0001289719
        0.0001213285  -0.0000783548
       -0.0006273828   0.0007452917   0.0006527262  -0.0000103828  -0.0000095382
        0.0001208118   0.0003633900   0.0009165754   0.0004530643   0.0003111413
        0.0001408445   0.0003818039  -0.0029394750  -0.0029895919  -0.0031773846
       -0.0000638901  -0.0001972763  -0.0002121348  -0.0000272921   0.0000258253
       -0.0000229525  -0.0000343357  -0.0000371700   0.0000068465  -0.0000989811
        0.0000562291   0.0001802105   0.0000273322   0.0000504273  -0.0000106194
       -0.0029855492   0.0058555981   0.0008416774   0.1021728643  -0.1819262632
       -0.0427333345  -0.0016896969   0.0004233628   0.0005480974  -0.0003082818
        0.0005550352  -0.0001582544   0.0095916269  -0.0210513705  -0.0086504939
       -0.1159597355   0.2129992860   0.0528846460   0.0122390965  -0.0155564354
       -0.0011764788  -0.0001192039   0.0001506564   0.0000818792   0.0001587558
       -0.0001514863  -0.0000101102
       -0.0007460454  -0.0002251124   0.0003753707  -0.0000348455   0.0000095001
       -0.0000093176   0.0006812520  -0.0003211940   0.0002030938   0.0001920795
        0.0005092025   0.0003929242  -0.0017875504  -0.0032746629  -0.0017142744
       -0.0000235225  -0.0000678797  -0.0000565277   0.0000152331  -0.0000231640
       -0.0000337198  -0.0000892062   0.0000246953  -0.0000049529  -0.0000303307
        0.0000607307   0.0000737583  -0.0000288334   0.0000096715  -0.0000018324
        0.0132152708  -0.0123914926  -0.0052963877   0.0312495095  -0.0430995103
       -0.0599695040   0.0035659938   0.0005145001  -0.0018310717   0.0000514886
       -0.0007273203   0.0001639019   0.0079215331  -0.0161239996  -0.0055789194
       -0.0380668886   0.0528846460   0.0686162610  -0.0160162201   0.0219463823
        0.0044972727  -0.0000332589   0.0001614880   0.0002528803  -0.0000356587
        0.0001335196  -0.0000789554
        0.0007157810   0.0001716965   0.0009704969  -0.0001140762   0.0000287562
       -0.0000008901  -0.0016763346  -0.0028811908  -0.0025449449   0.0000501979
        0.0004659933  -0.0001887243   0.0005825937   0.0003246458   0.0006612337
       -0.0000424567  -0.0000624894  -0.0000405854  -0.0000043192   0.0000675976
       -0.0001112859   0.0000363034  -0.0000157487   0.0000244668  -0.0000214847
        0.0000136264  -0.0000088816   0.0000469066   0.0000301929  -0.0000359014
        0.0053898352  -0.0115847356   0.0198250319  -0.0681038488   0.0363424492
       -0.0615105008   0.0009542230  -0.0002883866   0.0001482224  -0.0032021819
       -0.0023219557   0.0035167608  -0.0077726798   0.0051672399  -0.0168602383
       -0.0077973981   0.0122390965  -0.0160162201   0.0812961755  -0.0376861885
        0.0724717904  -0.0000802130   0.0000914844  -0.0001121529  -0.0002570233
       -0.0001020834  -0.0001876771
        0.0005198751   0.0002259926   0.0006861552  -0.0001070192  -0.0000995514
       -0.0001718246  -0.0027473007  -0.0016254061  -0.0031790579   0.0004062155
        0.0005554698  -0.0001918312  -0.0002352569   0.0008834640  -0.0002625895
        0.0000263223   0.0001238373   0.0003378117   0.0000631077   0.0000841719
       -0.0001819690   0.0000427432   0.0000397575  -0.0000281000   0.0000776848
        0.0000111700  -0.0003012403   0.0000041783   0.0000164015  -0.0000944936
        0.0009001836  -0.0058257868   0.0111103822   0.0367694907  -0.0906383890
        0.0838385174   0.0002565392   0.0005920373  -0.0007683146  -0.0023881234
       -0.0000571315   0.0014917920  -0.0077184091   0.0069645337  -0.0165402560
        0.0123625654  -0.0155564354   0.0219463823  -0.0376861885   0.1044385068
       -0.0973680457   0.0001419032  -0.0001685837   0.0000847268  -0.0006885112
        0.0000359415  -0.0004080450
       -0.0007430050  -0.0005644824   0.0006014130   0.0000126299   0.0000526888
        0.0001376877  -0.0025694444  -0.0029368273  -0.0021813444   0.0001986837
        0.0002540024   0.0007059039   0.0003714685   0.0004989677   0.0001609143
       -0.0001073504  -0.0001745000  -0.0003014111  -0.0000657508  -0.0001218952
        0.0001312660  -0.0000053160  -0.0000470553  -0.0000234985  -0.0000587327
        0.0000093625   0.0003183701   0.0000352716  -0.0000224052   0.0000579400
       -0.0019004605   0.0111981067  -0.0187114172  -0.0622714939   0.0835098995
       -0.1987810805  -0.0005972319  -0.0002320985   0.0002201906   0.0034302052
        0.0014353868  -0.0026079183  -0.0094522548   0.0056005250  -0.0181743407
        0.0008564385  -0.0011764788   0.0044972727   0.0724717904  -0.0973680457
        0.2334881483   0.0000300816   0.0000640636  -0.0000958453   0.0003644709
        0.0000207853   0.0005577495
       -0.1142852692   0.1034613603   0.0295534168  -0.0203483975   0.0169951817
        0.0085053536   0.0000399390  -0.0000220029   0.0000380770   0.0000488639
        0.0000582909   0.0000224417  -0.0000570824   0.0000402441   0.0000292709
       -0.0011503697   0.0019133866   0.0032362278   0.0009093551   0.0001836377
       -0.0003660454  -0.0047651399  -0.0015124951   0.0039782748   0.0021726030
       -0.0006881742  -0.0018352100   0.0007928299  -0.0000806049  -0.0006005893
        0.0068622920  -0.0119298125  -0.0037418056   0.0007397754  -0.0008483206
       -0.0006889595  -0.0008201479  -0.0026554137  -0.0014540208   0.0005838988
       -0.0001703964   0.0003831148  -0.0000845586  -0.0000227178  -0.0001024635
       -0.0000772045  -0.0001192039  -0.0000332589  -0.0000802130   0.0001419032
        0.0000300816   0.1377056549  -0.1174181393  -0.0375634894  -0.0081868293
        0.0126732767   0.0006095835
        0.1030173599  -0.1839385086  -0.0419884382  -0.0027073092   0.0067925953
        0.0010659771   0.0000516865   0.0000318482   0.0000061342  -0.0000373394
        0.0000634004   0.0000832310   0.0000456191   0.0002396495   0.0001021935
        0.0002567851   0.0001675481  -0.0006469835  -0.0002571525   0.0005951990
       -0.0000282287  -0.0019188173   0.0004204052   0.0005966930  -0.0007369858
       -0.0002235438   0.0007894951  -0.0000126837   0.0000652744  -0.0000107215
        0.0097801740  -0.0218641737  -0.0082263077   0.0009200616   0.0000978419
       -0.0001619915  -0.0025933964  -0.0030581798  -0.0031496085   0.0003612014
        0.0009136208   0.0005121511   0.0000231760   0.0002230322   0.0000916540
       -0.0010501418   0.0001506564   0.0001614880   0.0000914844  -0.0001685837
        0.0000640636  -0.1174181393   0.2147053243   0.0513823352   0.0121844173
       -0.0152134061  -0.0006431362
        0.0301465673  -0.0428656814  -0.0589555804   0.0133846349  -0.0117106336
       -0.0049549118   0.0000136287  -0.0000292582  -0.0000331743  -0.0000037369
        0.0000463748   0.0000329140   0.0000236686   0.0000803432  -0.0000150140
        0.0000409089  -0.0000241987   0.0003964537   0.0000135146  -0.0006492205
        0.0001798285   0.0034393699   0.0003294471  -0.0018261642  -0.0001891774
        0.0000056568   0.0000511622  -0.0002562030  -0.0000626032  -0.0002367955
        0.0081282606  -0.0160680273  -0.0054424323   0.0003719324   0.0004845015
        0.0003529004  -0.0014809491  -0.0033268815  -0.0017124774   0.0006606106
       -0.0003018627   0.0002325754   0.0000200496   0.0000757945  -0.0000058763
       -0.0001287958   0.0000818792   0.0002528803  -0.0001121529   0.0000847268
       -0.0000958453  -0.0375634894   0.0513823352   0.0675506201  -0.0165086416
        0.0224673081   0.0042289370
       -0.0688355173   0.0355329590  -0.0647757807   0.0056666718  -0.0110677443
        0.0200826130   0.0001187616   0.0000343788   0.0001682194   0.0000124421
        0.0000165142   0.0000831832   0.0000326710   0.0000615483   0.0000245593
        0.0003606450   0.0000488003   0.0008095803  -0.0031913212  -0.0024635045
        0.0038060845   0.0009282567  -0.0001347944   0.0002832894  -0.0001833446
        0.0001680106  -0.0003195343   0.0001921903   0.0002268505  -0.0002331516
       -0.0081012255   0.0046516014  -0.0162563802   0.0002011712   0.0004826217
       -0.0009420460   0.0005776276   0.0003722154   0.0006889261  -0.0015190669
       -0.0026808324  -0.0022517336   0.0000910882  -0.0000051686   0.0001212940
       -0.0001289719   0.0001587558  -0.0000356587  -0.0002570233  -0.0006885112
        0.0003644709  -0.0081868293   0.0121844173  -0.0165086416   0.0822217745
       -0.0368981180   0.0748907066
        0.0357815454  -0.0850877222   0.0793259311   0.0008007638  -0.0060766198
        0.0107924372   0.0000231853  -0.0000378819   0.0000478912   0.0000624087
        0.0000380488   0.0000407720  -0.0000229447   0.0000456524  -0.0000229590
       -0.0002851287   0.0007112576   0.0032789601  -0.0025200548  -0.0002194027
        0.0017062180   0.0001688823   0.0006623342  -0.0006913924   0.0007918635
        0.0006448301  -0.0021317395   0.0003172913   0.0000924625  -0.0007232312
       -0.0079972501   0.0065172421  -0.0164538206   0.0000485233   0.0004511363
       -0.0007654408  -0.0001909403   0.0009338618  -0.0002554601  -0.0027890745
       -0.0015936666  -0.0028541724   0.0000165256  -0.0001078622  -0.0000438623
        0.0001213285  -0.0001514863   0.0001335196  -0.0001020834   0.0000359415
        0.0000207853   0.0126732767  -0.0152134061   0.0224673081  -0.0368981180
        0.0983552804  -0.0938717442
       -0.0655547475   0.0798516194  -0.2034324798  -0.0011334259   0.0112652952
       -0.0180874863   0.0001639310   0.0000481074   0.0000911377  -0.0000128049
       -0.0000089099   0.0000898176   0.0000264981   0.0000035940  -0.0000299812
        0.0002979640  -0.0001219333  -0.0016546212   0.0033218511   0.0013843937
       -0.0026836051  -0.0005266361  -0.0002721303   0.0003218191  -0.0008219624
       -0.0005138607   0.0015312299  -0.0001793232  -0.0003754981   0.0003293679
       -0.0095439337   0.0053246461  -0.0187637955   0.0005999378   0.0005448919
        0.0005318323   0.0003395392   0.0004947994   0.0002190509  -0.0023488909
       -0.0027704990  -0.0025163934   0.0001377451   0.0000785197   0.0001492354
       -0.0000783548  -0.0000101102  -0.0000789554  -0.0001876771  -0.0004080450
        0.0005577495   0.0006095835  -0.0006431362   0.0042289370   0.0748907066
       -0.0938717442   0.2391971406
