           1           2   1.0102918328322619     
           2           6  0.93909024711629541     
           2           7  0.96673868008625874     
           2           8  0.96656307446007961     
           6           9   1.4935222774257684     
           6          10   1.4734822218929415     
           9          10  0.21226081673078795     
           1          11   1.0055699057842591     
          11          12   1.0073252148858867     
          11          13  0.97730171062359472     
          11          14  0.97701505429719815     
           3          15  0.98730859778059066     
           4          15  0.98651888019879630     
           5          15  0.98734321641691836     
          12          15   1.0201531135836774     
          12          16  0.97784066252839519     
          12          17  0.97798764089609758     
           1          18  0.97761250020231327     
           1          19  0.97799476766331939     
