$hessian                                                                        
        0.3827984703  -0.0375754832  -0.0064345633  -0.0364874234  -0.0008146340
       -0.0136009676  -0.0602267768  -0.0404426556  -0.0075113689  -0.1997428755
        0.0254292690   0.0689539814  -0.0628490434   0.0146568368  -0.0612120767
       -0.0281926902   0.0334072312   0.0196317069   0.0047003390   0.0053394357
        0.0001732883
       -0.0375754832   0.4014125181  -0.0186655873  -0.0010711916  -0.0431504927
       -0.0015138240  -0.0623426152  -0.2125459035  -0.0339324585   0.0482132555
       -0.0537835177  -0.0205148707   0.0143515820  -0.0558215104   0.0545569327
        0.0293138988  -0.0164787170  -0.0115148614   0.0091105537  -0.0196323769
        0.0315846691
       -0.0064345633  -0.0186655873   0.3894882480  -0.0135745005  -0.0014145578
       -0.0165967397  -0.0079922914  -0.0235151891  -0.0508705162   0.0457560738
       -0.0037424055  -0.0687028340  -0.0374963646   0.0270519883  -0.2036808883
        0.0251729028  -0.0188544963  -0.0099878014  -0.0054312568   0.0391402476
       -0.0396494684
       -0.0364874234  -0.0010711916  -0.0135745005   0.4228852494  -0.0370665726
       -0.3817108917  -0.0026289435  -0.0303765604  -0.0015863326  -0.0063282724
        0.0104747295  -0.0011857628   0.0038200680  -0.0005757667   0.0168389618
       -0.2842062370   0.1050839841   0.2472303664  -0.0970544411  -0.0464686223
        0.1339881594
       -0.0008146340  -0.0431504927  -0.0014145578  -0.0370665726   0.2670307604
       -0.0472240500   0.0101370882  -0.0016200738   0.0049753732  -0.0235652213
        0.0069312680   0.0100440375  -0.0062102048   0.0071743064  -0.0234475308
        0.0859582525  -0.1096251262  -0.0928094407  -0.0284387080  -0.1267406421
        0.1498761685
       -0.0136009676  -0.0015138240  -0.0165967397  -0.3817108917  -0.0472240500
        0.9833193512  -0.0006777579  -0.0148023889  -0.0012160193   0.0242156411
       -0.0080725911  -0.0079706972  -0.0094755981   0.0140734347  -0.0183415473
        0.2764984976  -0.1275681102  -0.3844604512   0.1047510767   0.1851075296
       -0.5547338966
       -0.0602267768  -0.0623426152  -0.0079922914  -0.0026289435   0.0101370882
       -0.0006777579   0.1153840746   0.1092487006   0.0304446741  -0.0483669092
       -0.0403769478   0.0047183097  -0.0074116245  -0.0147408307  -0.0256367383
        0.0032328322  -0.0012965372  -0.0027763614   0.0000173472  -0.0006288580
        0.0019201652
       -0.0404426556  -0.2125459035  -0.0235151891  -0.0303765604  -0.0016200738
       -0.0148023889   0.1092487006   0.2208653865   0.0569153505  -0.0416341033
       -0.0011252850   0.0119076904  -0.0153701266   0.0010539497  -0.0395735152
        0.0141343637  -0.0028526687  -0.0052756361   0.0044403814  -0.0037754052
        0.0143436885
       -0.0075113689  -0.0339324585  -0.0508705162  -0.0015863326   0.0049753732
       -0.0012160193   0.0304446741   0.0569153505   0.0738713242   0.0055007881
        0.0116811398   0.0084178347  -0.0264784329  -0.0384037137  -0.0346173610
       -0.0001030328   0.0002495306   0.0004903745  -0.0002662950  -0.0014852219
        0.0039243631
       -0.1997428755   0.0482132555   0.0457560738  -0.0063282724  -0.0235652213
        0.0242156411  -0.0483669092  -0.0416341033   0.0055007881   0.2552241627
        0.0032980765  -0.1090073998   0.0041742217  -0.0041792914   0.0377919096
       -0.0133642279   0.0164472319   0.0055424793   0.0084039006   0.0014200521
       -0.0097994921
        0.0254292690  -0.0537835177  -0.0037424055   0.0104747295   0.0069312680
       -0.0080725911  -0.0403769478  -0.0011252850   0.0116811398   0.0032980765
        0.0490520065   0.0032220055  -0.0042739647   0.0069027040  -0.0003117036
        0.0075482154  -0.0091357893  -0.0029554276  -0.0020993778   0.0011586136
        0.0001789825
        0.0689539814  -0.0205148707  -0.0687028340  -0.0011857628   0.0100440375
       -0.0079706972   0.0047183097   0.0119076904   0.0084178347  -0.1090073998
        0.0032220055   0.1158751109   0.0386009778  -0.0005154177  -0.0551731068
        0.0015646918  -0.0024465513   0.0002890054  -0.0036447982  -0.0016968937
        0.0072646870
       -0.0628490434   0.0143515820  -0.0374963646   0.0038200680  -0.0062102048
       -0.0094755981  -0.0074116245  -0.0153701266  -0.0264784329   0.0041742217
       -0.0042739647   0.0386009778   0.0624397330   0.0034227952   0.0403208566
        0.0012015968  -0.0005087281   0.0019576259  -0.0013749516   0.0085886471
       -0.0074290647
        0.0146568368  -0.0558215104   0.0270519883  -0.0005757667   0.0071743064
        0.0140734347  -0.0147408307   0.0010539497  -0.0384037137  -0.0041792914
        0.0069027040  -0.0005154177   0.0034227952   0.0493567751  -0.0073786879
       -0.0009279633   0.0010628868  -0.0022731029   0.0023442200  -0.0097291116
        0.0074454992
       -0.0612120767   0.0545569327  -0.2036808883   0.0168389618  -0.0234475308
       -0.0183415473  -0.0256367383  -0.0395735152  -0.0346173610   0.0377919096
       -0.0003117036  -0.0551731068   0.0403208566  -0.0073786879   0.3081721086
       -0.0045252940   0.0015701629   0.0143759460  -0.0035776190   0.0145843419
       -0.0107351512
       -0.0281926902   0.0293138988   0.0251729028  -0.2842062370   0.0859582525
        0.2764984976   0.0032328322   0.0141343637  -0.0001030328  -0.0133642279
        0.0075482154   0.0015646918   0.0012015968  -0.0009279633  -0.0045252940
        0.3195754929  -0.1458073692  -0.3255054939   0.0017532331   0.0097806021
        0.0268977285
        0.0334072312  -0.0164787170  -0.0188544963   0.1050839841  -0.1096251262
       -0.1275681102  -0.0012965372  -0.0028526687   0.0002495306   0.0164472319
       -0.0091357893  -0.0024465513  -0.0005087281   0.0010628868   0.0015701629
       -0.1458073692   0.1168309565   0.1272473091  -0.0073258126   0.0201984579
        0.0198021551
        0.0196317069  -0.0115148614  -0.0099878014   0.2472303664  -0.0928094407
       -0.3844604512  -0.0027763614  -0.0052756361   0.0004903745   0.0055424793
       -0.0029554276   0.0002890054   0.0019576259  -0.0022731029   0.0143759460
       -0.3255054939   0.1272473091   0.4370360507   0.0539196768  -0.0124188405
       -0.0577431240
        0.0047003390   0.0091105537  -0.0054312568  -0.0970544411  -0.0284387080
        0.1047510767   0.0000173472   0.0044403814  -0.0002662950   0.0084039006
       -0.0020993778  -0.0036447982  -0.0013749516   0.0023442200  -0.0035776190
        0.0017532331  -0.0073258126   0.0539196768   0.0835545728   0.0219687433
       -0.1457507844
        0.0053394357  -0.0196323769   0.0391402476  -0.0464686223  -0.1267406421
        0.1851075296  -0.0006288580  -0.0037754052  -0.0014852219   0.0014200521
        0.0011586136  -0.0016968937   0.0085886471  -0.0097291116   0.0145843419
        0.0097806021   0.0201984579  -0.0124188405   0.0219687433   0.1385204643
       -0.2232311630
        0.0001732883   0.0315846691  -0.0396494684   0.1339881594   0.1498761685
       -0.5547338966   0.0019201652   0.0143436885   0.0039243631  -0.0097994921
        0.0001789825   0.0072646870  -0.0074290647   0.0074454992  -0.0107351512
        0.0268977285   0.0198021551  -0.0577431240  -0.1457507844  -0.2232311630
        0.6516725902
