$hessian                                                                        
        0.3343099833  -0.0581532321   0.0315387048  -0.0586191123  -0.0035777067
       -0.0073731805  -0.0975603870  -0.0243143521   0.0492854703  -0.1539284727
        0.1107896907  -0.0470904053  -0.0500704121  -0.0433812975  -0.0217742905
        0.0123957720   0.0111920364  -0.0149589797   0.0134726288   0.0074448613
        0.0103726809
       -0.0581532321   0.5027670617   0.0214007538  -0.0037623279  -0.0456702808
       -0.0024560423  -0.0238457960  -0.0350554608   0.0159836578   0.1119419699
       -0.1486075121   0.0384456464  -0.0447887450  -0.2411608509  -0.0749176536
        0.0106176534  -0.0196614972   0.0444898766   0.0079904776  -0.0126114599
       -0.0429462388
        0.0315387048   0.0214007538   0.2997557360  -0.0042216068  -0.0016396165
       -0.0403990049   0.0416391608   0.0137785923  -0.0466285976  -0.0440386780
        0.0356384279  -0.0534069227  -0.0211066294  -0.0711266709  -0.0648059992
       -0.0126146943   0.0378065736  -0.0431386765   0.0088037428  -0.0358580602
       -0.0513765351
       -0.0586191123  -0.0037623279  -0.0042216068   0.2690840357  -0.2354319147
       -0.0090967997  -0.0038072719  -0.0016261152   0.0191954649  -0.0042412809
        0.0014284200  -0.0166640902   0.0008030444   0.0008776260  -0.0049791952
       -0.1002044090   0.1194367016  -0.0499153229  -0.1030150059   0.1190776103
        0.0656815499
       -0.0035777067  -0.0456702808  -0.0016396165  -0.2354319147   1.0089376225
        0.0348942308  -0.0008463046  -0.0024547521   0.0059865239   0.0082036535
       -0.0018782701   0.0156916474  -0.0069877764  -0.0048868551  -0.0226171675
        0.1199805047  -0.4965498702   0.1814369166   0.1186595443  -0.4574975943
       -0.2137525347
       -0.0073731805  -0.0024560423  -0.0403990049  -0.0090967997   0.0348942308
        0.3600254335   0.0022236170   0.0007078234  -0.0024001430   0.0000821839
        0.0008801445  -0.0000663515  -0.0001421448  -0.0011687029  -0.0020629328
       -0.0398528208   0.1441620228  -0.1389857000   0.0541591449  -0.1770194762
       -0.1761113013
       -0.0975603870  -0.0238457960   0.0416391608  -0.0038072719  -0.0008463046
        0.0022236170   0.1420338788   0.0402206510  -0.0646915765  -0.0283309243
       -0.0064583090   0.0134478234  -0.0162228078  -0.0096193613   0.0075167051
        0.0023763383  -0.0017576749  -0.0002832277   0.0015111740   0.0023067946
        0.0001474979
       -0.0243143521  -0.0350554608   0.0137785923  -0.0016261152  -0.0024547521
        0.0007078234   0.0402206510   0.0354374546  -0.0212537639   0.0085477289
        0.0063492713  -0.0058920829  -0.0237483745  -0.0069062713   0.0122761546
        0.0011519990   0.0006033885   0.0006696902  -0.0002315370   0.0020263698
       -0.0002864137
        0.0492854703   0.0159836578  -0.0466285976   0.0191954649   0.0059865239
       -0.0024001430  -0.0646915765  -0.0212537639   0.0491332425   0.0035669057
       -0.0010004075   0.0018674574   0.0006539824   0.0022508111   0.0029919724
       -0.0051233007   0.0029007593  -0.0023905189  -0.0028869461  -0.0048675807
       -0.0025734128
       -0.1539284727   0.1119419699  -0.0440386780  -0.0042412809   0.0082036535
        0.0000821839  -0.0283309243   0.0085477289   0.0035669057   0.1805316262
       -0.1253007597   0.0421173877   0.0045469474  -0.0020035416   0.0007418804
       -0.0000464507   0.0012873046  -0.0039575449   0.0014685550  -0.0026763556
        0.0014878652
        0.1107896907  -0.1486075121   0.0356384279   0.0014284200  -0.0018782701
        0.0008801445  -0.0064583090   0.0063492713  -0.0010004075  -0.1253007597
        0.1662666814  -0.0445277933   0.0203755467  -0.0232279256   0.0072386004
        0.0000089312   0.0001392235   0.0022172448  -0.0008435200   0.0009585316
       -0.0004462168
       -0.0470904053   0.0384456464  -0.0534069227  -0.0166640902   0.0156916474
       -0.0000663515   0.0134478234  -0.0058920829   0.0018674574   0.0421173877
       -0.0445277933   0.0579705526   0.0066143674  -0.0080667645   0.0030553756
       -0.0003865491   0.0051973333  -0.0112271607   0.0019614662  -0.0008479864
        0.0018070493
       -0.0500704121  -0.0447887450  -0.0211066294   0.0008030444  -0.0069877764
       -0.0001421448  -0.0162228078  -0.0237483745   0.0006539824   0.0045469474
        0.0203755467   0.0066143674   0.0606038610   0.0542537738   0.0152595834
       -0.0002652469   0.0017770157   0.0012273022   0.0006046140  -0.0008814403
       -0.0025064612
       -0.0433812975  -0.2411608509  -0.0711266709   0.0008776260  -0.0048868551
       -0.0011687029  -0.0096193613  -0.0069062713   0.0022508111  -0.0020035416
       -0.0232279256  -0.0080667645   0.0542537738   0.2735011699   0.0797826693
       -0.0000754783   0.0024885420   0.0012763289  -0.0000517210   0.0001921910
       -0.0029476710
       -0.0217742905  -0.0749176536  -0.0648059992  -0.0049791952  -0.0226171675
       -0.0020629328   0.0075167051   0.0122761546   0.0029919724   0.0007418804
        0.0072386004   0.0030553756   0.0152595834   0.0797826693   0.0708411687
        0.0011906024   0.0017863901   0.0020727873   0.0020447144  -0.0035489933
       -0.0120923719
        0.0123957720   0.0106176534  -0.0126146943  -0.1002044090   0.1199805047
       -0.0398528208   0.0023763383   0.0011519990  -0.0051233007  -0.0000464507
        0.0000089312  -0.0003865491  -0.0002652469  -0.0000754783   0.0011906024
        0.0700206676  -0.1613168579   0.0607368194   0.0157233287   0.0296332480
       -0.0039500569
        0.0111920364  -0.0196614972   0.0378065736   0.1194367016  -0.4965498702
        0.1441620228  -0.0017576749   0.0006033885   0.0029007593   0.0012873046
        0.0001392235   0.0051973333   0.0017770157   0.0024885420   0.0017863901
       -0.1613168579   0.5900549275  -0.2060219530   0.0293814745  -0.0770747140
        0.0141688741
       -0.0149589797   0.0444898766  -0.0431386765  -0.0499153229   0.1814369166
       -0.1389857000  -0.0002832277   0.0006696902  -0.0023905189  -0.0039575449
        0.0022172448  -0.0112271607   0.0012273022   0.0012763289   0.0020727873
        0.0607368194  -0.2060219530   0.1746518852   0.0071509536  -0.0240681041
        0.0190173837
        0.0134726288   0.0079904776   0.0088037428  -0.1030150059   0.1186595443
        0.0541591449   0.0015111740  -0.0002315370  -0.0028869461   0.0014685550
       -0.0008435200   0.0019614662   0.0006046140  -0.0000517210   0.0020447144
        0.0157233287   0.0293814745   0.0071509536   0.0702347054  -0.1549047184
       -0.0712330758
        0.0074448613  -0.0126114599  -0.0358580602   0.1190776103  -0.4574975943
       -0.1770194762   0.0023067946   0.0020263698  -0.0048675807  -0.0026763556
        0.0009585316  -0.0008479864  -0.0008814403   0.0001921910  -0.0035489933
        0.0296332480  -0.0770747140  -0.0240681041  -0.1549047184   0.5440066758
        0.2462102009
        0.0103726809  -0.0429462388  -0.0513765351   0.0656815499  -0.2137525347
       -0.1761113013   0.0001474979  -0.0002864137  -0.0025734128   0.0014878652
       -0.0004462168   0.0018070493  -0.0025064612  -0.0029476710  -0.0120923719
       -0.0039500569   0.0141688741   0.0190173837  -0.0712330758   0.2462102009
        0.2213291880
