$hessian                                                                        
        0.4859215396   0.2035559702  -0.1374804053  -0.0844873466  -0.0140690334
        0.0392825187  -0.0006423610  -0.0038208026   0.0005318138  -0.0062982224
       -0.0003896866   0.0037877401   0.0302371185   0.0170861691  -0.0151998368
       -0.0093108457   0.0083238076   0.0246822698  -0.0141260629   0.0043151210
        0.0254738835  -0.0040204755  -0.0078321671  -0.0016656315  -0.0416311839
       -0.0427829650  -0.0252396301  -0.0001304331   0.0004811593   0.0006049792
       -0.2265846899  -0.0643951347   0.1375853471  -0.1282021313  -0.0998819675
       -0.0535521075  -0.0007249060  -0.0005904703   0.0011890588
        0.2035559702   0.3496543063   0.1648550141   0.0115629933  -0.0971663035
       -0.1260920928  -0.0038088432   0.0000875442  -0.0035935341   0.0099528896
        0.0012489806  -0.0057546561   0.0000102807  -0.0152324275  -0.0197109096
       -0.0024405069   0.0012609623   0.0095778356  -0.0001476628  -0.0000161097
        0.0020058199  -0.0049042172   0.0001977109  -0.0029638492  -0.0223345732
       -0.0166100383   0.0045259774   0.0006908043   0.0003975552   0.0003574601
       -0.0913530786  -0.0809445412   0.0424265429  -0.0993075891  -0.1428711115
       -0.0657977323  -0.0014764672  -0.0000065279   0.0001641240
       -0.1374804053   0.1648550141   0.5908566468   0.0857661572  -0.0918054459
       -0.3171110078   0.0005504273  -0.0035705282  -0.0023529112   0.0225439712
        0.0080871943  -0.0184086091  -0.0463519075  -0.0425502869  -0.0195888987
        0.0050830087  -0.0048457139  -0.0179320148   0.0173312329  -0.0039844884
       -0.0314857197   0.0038367913   0.0009346560   0.0022372748   0.0118395184
        0.0319253970   0.0394456835   0.0010045070   0.0006453535  -0.0004844105
        0.0887291712   0.0063342440  -0.1443262696  -0.0524682318  -0.0650125198
       -0.0805426547  -0.0003842406  -0.0010128759  -0.0003071090
       -0.0844873466   0.0115629933   0.0857661572   0.4440363704   0.1788538643
       -0.1480621655   0.0000151651   0.0001827362   0.0007160617  -0.0018651762
       -0.0033823186   0.0039053787  -0.1348163289  -0.0878205121  -0.0503266946
       -0.1957670197  -0.0694003743   0.0997925877  -0.0312390201  -0.0192289999
        0.0063301715   0.0114937144  -0.0026172630  -0.0035291981  -0.0020051700
       -0.0029164098  -0.0058198088  -0.0022643242  -0.0044348424   0.0040872803
       -0.0053332400   0.0086611732   0.0252627889   0.0021045388  -0.0095889229
       -0.0181015028   0.0001278370   0.0001288760  -0.0000210561
       -0.0140690334  -0.0971663035  -0.0918054459   0.1788538643   0.3205570744
        0.1749786189  -0.0006162521   0.0003802122   0.0009564910  -0.0039827699
        0.0027617254   0.0001907729  -0.0632708407  -0.1353650899  -0.0633013471
       -0.0694612181  -0.0608342629   0.0325951610  -0.0313295258  -0.0104310802
        0.0240591850  -0.0129702347  -0.0155974741  -0.0333360467  -0.0067818108
       -0.0180394513  -0.0191952522  -0.0041163776   0.0033674471  -0.0006987268
        0.0271648934   0.0206391050  -0.0023616926   0.0005840735  -0.0104524407
       -0.0225452183  -0.0000047682   0.0001805385   0.0004635009
        0.0392825187  -0.1260920928  -0.3171110078  -0.1480621655   0.1749786189
        0.6067394922  -0.0007918246  -0.0001340026   0.0011224655   0.0027882357
       -0.0006167714   0.0007222307  -0.0058425941  -0.0304357996  -0.1007412548
        0.0996468143   0.0324630362  -0.1020569397  -0.0155823370   0.0078346155
        0.0345524580  -0.0222831200  -0.0471808495  -0.0433198833  -0.0127923435
       -0.0243732107  -0.0294651096   0.0046722014  -0.0002622063   0.0000535612
        0.0588956555   0.0224540833  -0.0362745694   0.0003388927  -0.0089142071
       -0.0150181605  -0.0002699336   0.0002787862   0.0007967176
       -0.0006423610  -0.0038088432   0.0005504273   0.0000151651  -0.0006162521
       -0.0007918246   0.3046036295   0.1981394636  -0.0139425299   0.0009428480
        0.0017296622  -0.0017144876   0.0077822179  -0.0012805031  -0.0027304218
       -0.0008415588   0.0002532289  -0.0002180287  -0.0225927138  -0.0113062188
        0.0178191331  -0.0028111337   0.0016235911   0.0060862133  -0.1597229266
       -0.0400563653   0.0943977850   0.0037487731   0.0023431872  -0.0039905791
       -0.0268900173  -0.0152699709   0.0125652090  -0.0015589910  -0.0012748710
        0.0000233188  -0.1020329316  -0.1304761084  -0.1080542149
       -0.0038208026   0.0000875442  -0.0035705282   0.0001827362   0.0003802122
       -0.0001340026   0.1981394636   0.2598347249   0.1577030864   0.0021830512
       -0.0004376529   0.0011693237  -0.0021882209   0.0031153136  -0.0051123236
        0.0004904563  -0.0007056287   0.0004315389   0.0026002630   0.0044469674
       -0.0062197218   0.0002812581   0.0004617227   0.0014686776  -0.0541724786
       -0.0639019591   0.0203862678   0.0041818320   0.0003027990  -0.0006788772
       -0.0265405792  -0.0096258399   0.0123848984  -0.0013747770  -0.0006987406
        0.0002811444  -0.1199622023  -0.1932594628  -0.1781094838
        0.0005318138  -0.0035935341  -0.0023529112   0.0007160617   0.0009564910
        0.0011224655  -0.0139425299   0.1577030864   0.3304580751  -0.0009176751
        0.0017829881   0.0017322943  -0.0042967329  -0.0062809383   0.0019738270
        0.0002528702   0.0007694537  -0.0002401036   0.0429748438   0.0123998008
       -0.0291440552   0.0035620065  -0.0003742388  -0.0060448119   0.0687783682
        0.0014434664  -0.1245791151  -0.0006844007   0.0017762386   0.0016973343
       -0.0078595185  -0.0027199558   0.0087661770  -0.0001737146   0.0001428152
        0.0006487789  -0.0889413925  -0.1640056732  -0.1840379550
       -0.0062982224   0.0099528896   0.0225439712  -0.0018651762  -0.0039827699
        0.0027882357   0.0009428480   0.0021830512  -0.0009176751   0.0522845619
       -0.0073535593  -0.0577658220  -0.0004581108  -0.0004709288   0.0000150506
       -0.0000850733  -0.0001450272   0.0015127088  -0.0004772721  -0.0042799041
       -0.0000977173  -0.0001331726   0.0006251158  -0.0002706594   0.0024151620
       -0.0061488015  -0.0168343936   0.0003493197  -0.0009293835  -0.0007150899
       -0.0469029380   0.0087494901   0.0499486410   0.0000302681   0.0016773496
       -0.0003290581   0.0001978057   0.0001224780   0.0001218080
       -0.0003896866   0.0012489806   0.0080871943  -0.0033823186   0.0027617254
       -0.0006167714   0.0017296622  -0.0004376529   0.0017829881  -0.0073535593
        0.0696919202   0.1014778270  -0.0006137898   0.0001114125   0.0006725975
       -0.0005608977   0.0008137020  -0.0000277349  -0.0047503776   0.0003783699
       -0.0024272626   0.0006938330  -0.0006360126   0.0000636793   0.0052452103
       -0.0098026743  -0.0214362875  -0.0004999972  -0.0001168337  -0.0014831062
        0.0081538835  -0.0638768973  -0.0877897997   0.0013332928  -0.0006457400
        0.0015413366   0.0003947449   0.0005097003   0.0001553395
        0.0037877401  -0.0057546561  -0.0184086091   0.0039053787   0.0001907729
        0.0007222307  -0.0017144876   0.0011693237   0.0017322943  -0.0577658220
        0.1014778270   0.2801694905  -0.0002704066   0.0004722490   0.0014169528
        0.0007518194  -0.0005833136  -0.0008286132  -0.0009644609  -0.0030409213
        0.0010112435  -0.0001450414   0.0001479334  -0.0007309987   0.0037830344
       -0.0062193194  -0.0181559277   0.0000672998  -0.0009060132  -0.0006593661
        0.0489022436  -0.0885484258  -0.2472640661  -0.0009610130   0.0010607966
        0.0007404956   0.0006237155   0.0005337469   0.0002548736
        0.0302371185   0.0000102807  -0.0463519075  -0.1348163289  -0.0632708407
       -0.0058425941   0.0077822179  -0.0021882209  -0.0042967329  -0.0004581108
       -0.0006137898  -0.0002704066   0.4197293244   0.1263732644  -0.1246717663
       -0.0179341441  -0.0182859696  -0.0073239961  -0.1724328862  -0.0667789274
        0.0429172587  -0.0819343712   0.0228659592   0.0765106589  -0.0007840220
        0.0356883106   0.0546378626  -0.0155786656  -0.0079899028   0.0083073609
       -0.0369885884  -0.0238042470   0.0013843808   0.0034240972  -0.0014089946
        0.0050223041  -0.0002456408  -0.0005969221  -0.0000224224
        0.0170861691  -0.0152324275  -0.0425502869  -0.0878205121  -0.1353650899
       -0.0304357996  -0.0012805031   0.0031153136  -0.0062809383  -0.0004709288
        0.0001114125   0.0004722490   0.1263732644   0.3595819000   0.1999257951
       -0.0063158967  -0.0053508572  -0.0035991973  -0.0415827110  -0.0825675448
       -0.0031929740   0.0229953045  -0.1228434397  -0.1523862936   0.0178933201
        0.0203397698   0.0277476755  -0.0200171923  -0.0086053835   0.0086748567
       -0.0243075304  -0.0194192690   0.0043271288  -0.0022361151   0.0062943460
       -0.0020442186  -0.0003166686  -0.0000587302  -0.0006579968
       -0.0151998368  -0.0197109096  -0.0195888987  -0.0503266946  -0.0633013471
       -0.1007412548  -0.0027304218  -0.0051123236   0.0019738270   0.0000150506
        0.0006725975   0.0014169528  -0.1246717663   0.1999257951   0.6844618072
        0.0143204225   0.0124991610   0.0045541342   0.0885207502   0.0306360701
       -0.1133547367   0.0768009664  -0.1522337024  -0.4338900609   0.0224593701
        0.0039695102  -0.0311843427  -0.0134900328  -0.0074746366   0.0060093625
        0.0002897384   0.0035570491   0.0022895309   0.0035260262  -0.0031524428
       -0.0013277797   0.0004864277  -0.0002748209  -0.0006185411
       -0.0093108457  -0.0024405069   0.0050830087  -0.1957670197  -0.0694612181
        0.0996468143  -0.0008415588   0.0004904563   0.0002528702  -0.0000850733
       -0.0005608977   0.0007518194  -0.0179341441  -0.0063158967   0.0143204225
        0.2188751945   0.0813525916  -0.1174390722  -0.0005983111  -0.0054441448
       -0.0004795251   0.0026479165   0.0022987394  -0.0023231761   0.0012653868
       -0.0002840079  -0.0012724467  -0.0018236863  -0.0002615386   0.0003845609
        0.0033045086  -0.0015154964   0.0026055864   0.0002068403   0.0020783349
       -0.0012988782   0.0000607921   0.0000635849  -0.0002319842
        0.0083238076   0.0012609623  -0.0048457139  -0.0694003743  -0.0608342629
        0.0324630362   0.0002532289  -0.0007056287   0.0007694537  -0.0001450272
        0.0008137020  -0.0005833136  -0.0182859696  -0.0053508572   0.0124991610
        0.0813525916   0.0625289391  -0.0341203575  -0.0053363087   0.0005249037
       -0.0034974636   0.0032541765   0.0004671911   0.0004528084   0.0001184578
       -0.0000001449  -0.0014274884  -0.0009023505  -0.0013084443   0.0009828092
       -0.0019004696   0.0037947428  -0.0037897595   0.0025006128  -0.0011011155
        0.0011478427   0.0001676247  -0.0000899875  -0.0000510146
        0.0246822698   0.0095778356  -0.0179320148   0.0997925877   0.0325951610
       -0.1020569397  -0.0002180287   0.0004315389  -0.0002401036   0.0015127088
       -0.0000277349  -0.0008286132  -0.0073239961  -0.0035991973   0.0045541342
       -0.1174390722  -0.0341203575   0.1167122935  -0.0003112139  -0.0033760172
        0.0007133080  -0.0006273976   0.0017979106   0.0019013768  -0.0005363569
       -0.0009006768  -0.0002155259  -0.0007794718   0.0001276372   0.0000886690
        0.0018351387  -0.0043073754  -0.0029673398  -0.0005601394   0.0017002204
        0.0002358641  -0.0000270283   0.0001010555   0.0000348914
       -0.0141260629  -0.0001476628   0.0173312329  -0.0312390201  -0.0313295258
       -0.0155823370  -0.0225927138   0.0026002630   0.0429748438  -0.0004772721
       -0.0047503776  -0.0009644609  -0.1724328862  -0.0415827110   0.0885207502
       -0.0005983111  -0.0053363087  -0.0003112139   0.4308954068   0.1882431423
       -0.1206479512  -0.0097406911   0.0004117576   0.0302030888  -0.0749486430
       -0.0158761651   0.0199079926  -0.1277414790  -0.1040711981  -0.0521451084
        0.0217864151   0.0088910439  -0.0117562089   0.0005435659   0.0003059534
        0.0002147685   0.0006716915   0.0026417889   0.0022546033
        0.0043151210  -0.0000161097  -0.0039844884  -0.0192289999  -0.0104310802
        0.0078346155  -0.0113062188   0.0044469674   0.0123998008  -0.0042799041
        0.0003783699  -0.0030409213  -0.0667789274  -0.0825675448   0.0306360701
       -0.0054441448   0.0005249037  -0.0033760172   0.1882431423   0.3319874110
        0.1928587852   0.0108939931   0.0126004333  -0.0139444951   0.0149704841
       -0.0997659580  -0.1307615793  -0.1038182803  -0.1403718806  -0.0681540114
       -0.0092295444  -0.0187592467  -0.0234338541   0.0005799263   0.0007944902
        0.0001250092   0.0010833531   0.0011792444   0.0028410860
        0.0254738835   0.0020058199  -0.0314857197   0.0063301715   0.0240591850
        0.0345524580   0.0178191331  -0.0062197218  -0.0291440552  -0.0000977173
       -0.0024272626   0.0010112435   0.0429172587  -0.0031929740  -0.1133547367
       -0.0004795251  -0.0034974636   0.0007133080  -0.1206479512   0.1928587852
        0.5971821401   0.0491481898   0.0001514089  -0.0533132258   0.0756965427
       -0.0895554856  -0.3021321071  -0.0516935172  -0.0678077473  -0.0795496678
       -0.0446228449  -0.0476597378  -0.0256285879   0.0007076619   0.0004933524
        0.0002311672  -0.0005512855   0.0007918413   0.0009177834
       -0.0040204755  -0.0049042172   0.0038367913   0.0114937144  -0.0129702347
       -0.0222831200  -0.0028111337   0.0002812581   0.0035620065  -0.0001331726
        0.0006938330  -0.0001450414  -0.0819343712   0.0229953045   0.0768009664
        0.0026479165   0.0032541765  -0.0006273976  -0.0097406911   0.0108939931
        0.0491481898   0.0798928700  -0.0184576869  -0.1042521055  -0.0027292731
       -0.0079837895  -0.0028005194   0.0024770185   0.0026615050  -0.0017900546
        0.0045595462   0.0031075191   0.0000741637  -0.0000637371   0.0000453356
       -0.0012777431   0.0003617887   0.0003830033  -0.0002461358
       -0.0078321671   0.0001977109   0.0009346560  -0.0026172630  -0.0155974741
       -0.0471808495   0.0016235911   0.0004617227  -0.0003742388   0.0006251158
       -0.0006360126   0.0001479334   0.0228659592  -0.1228434397  -0.1522337024
        0.0022987394   0.0004671911   0.0017979106   0.0004117576   0.0126004333
        0.0001514089  -0.0184576869   0.1240099674   0.2003545542  -0.0059884686
        0.0003193525  -0.0022058802   0.0036877907   0.0008129326   0.0009761707
        0.0031571984   0.0023511992  -0.0007435023   0.0000818617  -0.0020117333
       -0.0018009353   0.0001435718  -0.0001318501   0.0001764748
       -0.0016656315  -0.0029638492   0.0022372748  -0.0035291981  -0.0333360467
       -0.0433198833   0.0060862133   0.0014686776  -0.0060448119  -0.0002706594
        0.0000636793  -0.0007309987   0.0765106589  -0.1523862936  -0.4338900609
       -0.0023231761   0.0004528084   0.0019013768   0.0302030888  -0.0139444951
       -0.0533132258  -0.1042521055   0.2003545542   0.5291472555   0.0007751055
        0.0004579030   0.0057915378   0.0000780532   0.0023753496   0.0017002974
        0.0002885744  -0.0006351410  -0.0011406097  -0.0012121789  -0.0017454280
       -0.0026461114  -0.0006887445  -0.0001617184   0.0003079592
       -0.0416311839  -0.0223345732   0.0118395184  -0.0020051700  -0.0067818108
       -0.0127923435  -0.1597229266  -0.0541724786   0.0687783682   0.0024151620
        0.0052452103   0.0037830344  -0.0007840220   0.0178933201   0.0224593701
        0.0012653868   0.0001184578  -0.0005363569  -0.0749486430   0.0149704841
        0.0756965427  -0.0027292731  -0.0059884686   0.0007751055   0.4555380044
        0.2039658892  -0.0819812406  -0.0037070036  -0.0112631057  -0.0175306507
       -0.1513767367  -0.1244351463  -0.0798328391  -0.0010206461  -0.0036578810
        0.0040131032  -0.0212929482  -0.0135598974   0.0053283882
       -0.0427829650  -0.0166100383   0.0319253970  -0.0029164098  -0.0180394513
       -0.0243732107  -0.0400563653  -0.0639019591   0.0014434664  -0.0061488015
       -0.0098026743  -0.0062193194   0.0356883106   0.0203397698   0.0039695102
       -0.0002840079  -0.0000001449  -0.0009006768  -0.0158761651  -0.0997659580
       -0.0895554856  -0.0079837895   0.0003193525   0.0004579030   0.2039658892
        0.3782159378   0.1970066030  -0.0004790100  -0.0132107844  -0.0203910669
       -0.0948361797  -0.1703073443  -0.1038903146  -0.0033800560   0.0038899792
       -0.0009777163  -0.0249104499  -0.0111266847   0.0115049108
       -0.0252396301   0.0045259774   0.0394456835  -0.0058198088  -0.0191952522
       -0.0294651096   0.0943977850   0.0203862678  -0.1245791151  -0.0168343936
       -0.0214362875  -0.0181559277   0.0546378626   0.0277476755  -0.0311843427
       -0.0012724467  -0.0014274884  -0.0002155259   0.0199079926  -0.1307615793
       -0.3021321071  -0.0028005194  -0.0022058802   0.0057915378  -0.0819812406
        0.1970066030   0.5850819703   0.0019875719  -0.0059906764  -0.0150211415
       -0.0262287382  -0.0643148552  -0.1240027729   0.0045396500  -0.0006045166
       -0.0002128400  -0.0152940846  -0.0037299878   0.0146496911
       -0.0001304331   0.0006908043   0.0010045070  -0.0022643242  -0.0041163776
        0.0046722014   0.0037487731   0.0041818320  -0.0006844007   0.0003493197
       -0.0004999972   0.0000672998  -0.0155786656  -0.0200171923  -0.0134900328
       -0.0018236863  -0.0009023505  -0.0007794718  -0.1277414790  -0.1038182803
       -0.0516935172   0.0024770185   0.0036877907   0.0000780532  -0.0037070036
       -0.0004790100   0.0019875719   0.1421213451   0.1226550460   0.0586119912
        0.0033561250  -0.0013867049   0.0020762134  -0.0005586480   0.0004346272
       -0.0004547754  -0.0002483417  -0.0004301875  -0.0013956400
        0.0004811593   0.0003975552   0.0006453535  -0.0044348424   0.0033674471
       -0.0002622063   0.0023431872   0.0003027990   0.0017762386  -0.0009293835
       -0.0001168337  -0.0009060132  -0.0079899028  -0.0086053835  -0.0074746366
       -0.0002615386  -0.0013084443   0.0001276372  -0.1040711981  -0.1403718806
       -0.0678077473   0.0026615050   0.0008129326   0.0023753496  -0.0112631057
       -0.0132107844  -0.0059906764   0.1226550460   0.1560765034   0.0820738507
       -0.0008850500   0.0038998532  -0.0040361801   0.0005180090  -0.0009009004
        0.0003728199   0.0011761147  -0.0003428636  -0.0008937896
        0.0006049792   0.0003574601  -0.0004844105   0.0040872803  -0.0006987268
        0.0000535612  -0.0039905791  -0.0006788772   0.0016973343  -0.0007150899
       -0.0014831062  -0.0006593661   0.0083073609   0.0086748567   0.0060093625
        0.0003845609   0.0009828092   0.0000886690  -0.0521451084  -0.0681540114
       -0.0795496678  -0.0017900546   0.0009761707   0.0017002974  -0.0175306507
       -0.0203910669  -0.0150211415   0.0586119912   0.0820738507   0.0901639080
        0.0029747214  -0.0033903073  -0.0033350308  -0.0003059965   0.0004818906
       -0.0002055002   0.0015065853   0.0012490578  -0.0004580153
       -0.2265846899  -0.0913530786   0.0887291712  -0.0053332400   0.0271648934
        0.0588956555  -0.0268900173  -0.0265405792  -0.0078595185  -0.0469029380
        0.0081538835   0.0489022436  -0.0369885884  -0.0243075304   0.0002897384
        0.0033045086  -0.0019004696   0.0018351387   0.0217864151  -0.0092295444
       -0.0446228449   0.0045595462   0.0031571984   0.0002885744  -0.1513767367
       -0.0948361797  -0.0262287382   0.0033561250  -0.0008850500   0.0029747214
        0.4836305785   0.2223778898  -0.1332219501  -0.0182950057  -0.0088386745
        0.0086609059  -0.0042659575  -0.0029627587   0.0013569028
       -0.0643951347  -0.0809445412   0.0063342440   0.0086611732   0.0206391050
        0.0224540833  -0.0152699709  -0.0096258399  -0.0027199558   0.0087494901
       -0.0638768973  -0.0885484258  -0.0238042470  -0.0194192690   0.0035570491
       -0.0015154964   0.0037947428  -0.0043073754   0.0088910439  -0.0187592467
       -0.0476597378   0.0031075191   0.0023511992  -0.0006351410  -0.1244351463
       -0.1703073443  -0.0643148552  -0.0013867049   0.0038998532  -0.0033903073
        0.2223778898   0.3417208441   0.1697105723  -0.0192242576  -0.0089393216
        0.0093738540  -0.0017561581  -0.0005332844   0.0001459958
        0.1375853471   0.0424265429  -0.1443262696   0.0252627889  -0.0023616926
       -0.0362745694   0.0125652090   0.0123848984   0.0087661770   0.0499486410
       -0.0877897997  -0.2472640661   0.0013843808   0.0043271288   0.0022895309
        0.0026055864  -0.0037897595  -0.0029673398  -0.0117562089  -0.0234338541
       -0.0256285879   0.0000741637  -0.0007435023  -0.0011406097  -0.0798328391
       -0.1038903146  -0.1240027729   0.0020762134  -0.0040361801  -0.0033350308
       -0.1332219501   0.1697105723   0.5692463610  -0.0101758262  -0.0045273651
        0.0054847603   0.0034844940   0.0017233257  -0.0008475830
       -0.1282021313  -0.0993075891  -0.0524682318   0.0021045388   0.0005840735
        0.0003388927  -0.0015589910  -0.0013747770  -0.0001737146   0.0000302681
        0.0013332928  -0.0009610130   0.0034240972  -0.0022361151   0.0035260262
        0.0002068403   0.0025006128  -0.0005601394   0.0005435659   0.0005799263
        0.0007076619  -0.0000637371   0.0000818617  -0.0012121789  -0.0010206461
       -0.0033800560   0.0045396500  -0.0005586480   0.0005180090  -0.0003059965
       -0.0182950057  -0.0192242576  -0.0101758262   0.1438114161   0.1201777978
        0.0568077417  -0.0004215673  -0.0002527790  -0.0000628720
       -0.0998819675  -0.1428711115  -0.0650125198  -0.0095889229  -0.0104524407
       -0.0089142071  -0.0012748710  -0.0006987406   0.0001428152   0.0016773496
       -0.0006457400   0.0010607966  -0.0014089946   0.0062943460  -0.0031524428
        0.0020783349  -0.0011011155   0.0017002204   0.0003059534   0.0007944902
        0.0004933524   0.0000453356  -0.0020117333  -0.0017454280  -0.0036578810
        0.0038899792  -0.0006045166   0.0004346272  -0.0009009004   0.0004818906
       -0.0088386745  -0.0089393216  -0.0045273651   0.1201777978   0.1568308955
        0.0801039278  -0.0000680870  -0.0001886073  -0.0000265236
       -0.0535521075  -0.0657977323  -0.0805426547  -0.0181015028  -0.0225452183
       -0.0150181605   0.0000233188   0.0002811444   0.0006487789  -0.0003290581
        0.0015413366   0.0007404956   0.0050223041  -0.0020442186  -0.0013277797
       -0.0012988782   0.0011478427   0.0002358641   0.0002147685   0.0001250092
        0.0002311672  -0.0012777431  -0.0018009353  -0.0026461114   0.0040131032
       -0.0009777163  -0.0002128400  -0.0004547754   0.0003728199  -0.0002055002
        0.0086609059   0.0093738540   0.0054847603   0.0568077417   0.0801039278
        0.0927031068   0.0002719228   0.0002198862  -0.0000911264
       -0.0007249060  -0.0014764672  -0.0003842406   0.0001278370  -0.0000047682
       -0.0002699336  -0.1020329316  -0.1199622023  -0.0889413925   0.0001978057
        0.0003947449   0.0006237155  -0.0002456408  -0.0003166686   0.0004864277
        0.0000607921   0.0001676247  -0.0000270283   0.0006716915   0.0010833531
       -0.0005512855   0.0003617887   0.0001435718  -0.0006887445  -0.0212929482
       -0.0249104499  -0.0152940846  -0.0002483417   0.0011761147   0.0015065853
       -0.0042659575  -0.0017561581   0.0034844940  -0.0004215673  -0.0000680870
        0.0002719228   0.1278123781   0.1455293923   0.0997835643
       -0.0005904703  -0.0000065279  -0.0010128759   0.0001288760   0.0001805385
        0.0002787862  -0.1304761084  -0.1932594628  -0.1640056732   0.0001224780
        0.0005097003   0.0005337469  -0.0005969221  -0.0000587302  -0.0002748209
        0.0000635849  -0.0000899875   0.0001010555   0.0026417889   0.0011792444
        0.0007918413   0.0003830033  -0.0001318501  -0.0001617184  -0.0135598974
       -0.0111266847  -0.0037299878  -0.0004301875  -0.0003428636   0.0012490578
       -0.0029627587  -0.0005332844   0.0017233257  -0.0002527790  -0.0001886073
        0.0002198862   0.1455293923   0.2038685152   0.1642873766
        0.0011890588   0.0001641240  -0.0003071090  -0.0000210561   0.0004635009
        0.0007967176  -0.1080542149  -0.1781094838  -0.1840379550   0.0001218080
        0.0001553395   0.0002548736  -0.0000224224  -0.0006579968  -0.0006185411
       -0.0002319842  -0.0000510146   0.0000348914   0.0022546033   0.0028410860
        0.0009177834  -0.0002461358   0.0001764748   0.0003079592   0.0053283882
        0.0115049108   0.0146496911  -0.0013956400  -0.0008937896  -0.0004580153
        0.0013569028   0.0001459958  -0.0008475830  -0.0000628720  -0.0000265236
       -0.0000911264   0.0997835643   0.1642873766   0.1693984134
