           1           2   1.4806275795828840     
           2           5   1.2489276741334032     
           2           6  0.97212378050240744     
           5           7   1.2598576678461457     
           5           8   1.3679018030343386     
           7           8  0.10872920037709592     
           3           9   1.0406043104297134     
           7           9   1.4137366292530018     
           7          10  0.96566717924725287     
           1          11   1.4105009338810341     
           4          11  0.97023539991496344     
           9          11   1.3614473990407530     
           1          12  0.97250871555898410     
           3          13  0.85353815628503793     
