$hessian                                                                        
        0.6527430853  -0.0527742690   0.0830339563  -0.3113827397   0.1106975553
        0.0169702578  -0.0026674051  -0.0020359555  -0.0036546148  -0.1006811488
        0.0236639435   0.0036079646  -0.1680658799  -0.0882491130  -0.0858392278
       -0.0613210346  -0.0409286599  -0.0389602550  -0.0085086820   0.0052358329
        0.0014135537  -0.0246611802   0.0289938767   0.0151304954  -0.0020196463
       -0.0018280920  -0.0026123298   0.0391405898  -0.0116692617  -0.0001573403
        0.0003386557   0.0007107233   0.0004107265  -0.0028278851   0.0214149805
        0.0072537167  -0.0002982856   0.0001830404   0.0017478065  -0.0054552165
        0.0037008155   0.0025220355  -0.0043332270   0.0028845828  -0.0008667454
       -0.0527742690   0.4787315400   0.2243364504   0.0520327062  -0.1018236767
       -0.0271963183  -0.0017110063   0.0011230759  -0.0051793684   0.0715256716
       -0.2228529065  -0.1018474450  -0.0880198273  -0.1055535721  -0.0656103123
        0.0049462620   0.0323554573   0.0211609301   0.0257752379  -0.0115620166
       -0.0036176544   0.0215475227  -0.0234307826  -0.0066473788  -0.0027103415
        0.0010912233  -0.0048458381  -0.0432899546  -0.0300772698  -0.0307268658
        0.0006247381  -0.0003188780   0.0010237728   0.0058533786  -0.0177686589
        0.0053755730  -0.0016218531   0.0020667048  -0.0005535527   0.0008574876
       -0.0006982437  -0.0017949925   0.0069642474  -0.0012819966  -0.0038770000
        0.0830339563   0.2243364504   0.2729112820  -0.0265059016  -0.0159979519
       -0.0584962094  -0.0031374972  -0.0049335336   0.0037054679   0.0348741551
       -0.1112631519  -0.1177932468  -0.0852092649  -0.0653348330  -0.0933873235
       -0.0069470198   0.0150650607   0.0094356991   0.0140455905  -0.0067014208
       -0.0010245600   0.0109580536  -0.0072288496  -0.0074517047  -0.0037469277
       -0.0042385897   0.0035244314  -0.0186194820  -0.0200416391  -0.0173265175
        0.0005437244   0.0002255034   0.0003917259  -0.0003776718  -0.0039503993
        0.0064625237  -0.0012694736   0.0009955399  -0.0001006554   0.0002653139
       -0.0008347816  -0.0014302631   0.0020924448  -0.0000974040   0.0005793504
       -0.3113827397   0.0520327062  -0.0265059016   0.6387753385  -0.0504940210
        0.0766753609  -0.0005722861  -0.0008989889   0.0002788873  -0.0055151355
        0.0704293225   0.0407843046  -0.0255388508   0.0051882440  -0.0020883032
       -0.2072143908  -0.0493514890  -0.0653376805  -0.0576743983   0.0453544535
        0.0247508410   0.0413258476  -0.0534411881  -0.0278550437  -0.0259774572
       -0.0136171963  -0.0143365146  -0.0497326315  -0.0034014802  -0.0090941193
        0.0011700524   0.0026337930   0.0002829799  -0.0013083196  -0.0034475125
        0.0089849241   0.0006436576   0.0011247190  -0.0006751078  -0.0002171486
        0.0000679454  -0.0019959220   0.0032184622  -0.0021793076  -0.0038687050
        0.1106975553  -0.1018236767  -0.0159979519  -0.0504940210   0.4965248876
        0.2359973595  -0.0002991320   0.0004636654   0.0008047752   0.0278044592
       -0.0169379575  -0.0032792000  -0.0154846353   0.0036440618  -0.0010287417
       -0.1133237766  -0.1375705831  -0.0832028408   0.0462566006  -0.2093569732
       -0.1016065593  -0.0062948182  -0.0367452694  -0.0261673866   0.0074858322
        0.0041898448   0.0048060939  -0.0095043762   0.0005446533   0.0024874161
        0.0016904496  -0.0020358971  -0.0060726738   0.0028832803  -0.0018125923
       -0.0049409194  -0.0003832256  -0.0001353700  -0.0000615658   0.0013753415
       -0.0007369785   0.0002442118  -0.0024095337   0.0017881849  -0.0019820171
        0.0169702578  -0.0271963183  -0.0584962094   0.0766753609   0.2359973595
        0.2777207905  -0.0002197815   0.0003920869   0.0003835262   0.0189300668
        0.0038705231   0.0051240525  -0.0149349369   0.0032212724  -0.0010509824
       -0.1067534506  -0.0729461806  -0.1122972038   0.0246262743  -0.1025444255
       -0.0923153875   0.0033373066  -0.0328914661  -0.0206050473  -0.0004110481
        0.0003022549  -0.0006756881  -0.0150339434   0.0024770949  -0.0060952113
       -0.0004332486  -0.0057712846   0.0039776649  -0.0052590017  -0.0027443193
        0.0037157217   0.0000762580   0.0008318897  -0.0003623387   0.0003157394
       -0.0002119767  -0.0010804894   0.0021141472  -0.0027865103   0.0020568023
       -0.0026674051  -0.0017110063  -0.0031374972  -0.0005722861  -0.0002991320
       -0.0002197815   0.0687224824  -0.0573583994  -0.0274103175   0.0051117346
       -0.0170517181  -0.0098207496   0.0001584524  -0.0011363745  -0.0006089173
       -0.0047150050   0.0022858610  -0.0010631133  -0.0000223602  -0.0001468136
        0.0002439331  -0.0092789949   0.0253112217   0.0144436368  -0.0006160389
        0.0014292524   0.0006012868  -0.0577166336   0.0493408038   0.0259670007
        0.0009183972   0.0003301123   0.0009917354   0.0009506924  -0.0012045763
       -0.0016157212   0.0001001669   0.0002924047   0.0001364451  -0.0002935826
        0.0001382003   0.0005698759  -0.0000796194  -0.0002198360   0.0009221837
       -0.0020359555   0.0011230759  -0.0049335336  -0.0008989889   0.0004636654
        0.0003920869  -0.0573583994   0.2422679125   0.1260187738   0.0022402953
       -0.0171585243  -0.0113426863   0.0001562343  -0.0011046838  -0.0003519426
        0.0030441763   0.0035045427  -0.0022308378  -0.0001367343  -0.0005348466
        0.0008659465   0.0049257293  -0.0123398243  -0.0069501575   0.0003587746
       -0.0005109106  -0.0005294701   0.0499133416  -0.2164562068  -0.1049278661
       -0.0007581361   0.0001604205   0.0017288781   0.0007885570  -0.0007840236
        0.0004783959   0.0002928515   0.0003183569   0.0003119304  -0.0007054655
        0.0006789630   0.0009380154   0.0001737198   0.0003720831   0.0005324670
       -0.0036546148  -0.0051793684   0.0037054679   0.0002788873   0.0008047752
        0.0003835262  -0.0274103175   0.1260187738   0.0962338044   0.0017061102
       -0.0147670345  -0.0067899485   0.0002311064  -0.0005693128  -0.0008709398
       -0.0008534970  -0.0035634189   0.0055773905   0.0003136226   0.0008332972
       -0.0013298600   0.0012232868  -0.0025696795  -0.0012556811   0.0000588558
       -0.0004189388   0.0002430857   0.0260364651  -0.1044676893  -0.0933842921
        0.0002987094   0.0020072336  -0.0015250934   0.0024831394  -0.0006073410
       -0.0012322265   0.0003554122   0.0001115641   0.0002688962  -0.0004516595
        0.0003934956   0.0007411378  -0.0006155065   0.0019736435  -0.0007652673
       -0.1006811488   0.0715256716   0.0348741551  -0.0055151355   0.0278044592
        0.0189300668   0.0051117346   0.0022402953   0.0017061102   0.5533067039
       -0.0230721598   0.0699760620   0.0038616645  -0.0178622938  -0.0119858468
        0.0023578424  -0.0147580144  -0.0075335652  -0.0057963695   0.0037015634
       -0.0004537150  -0.0581823848   0.0021860286  -0.0084141238   0.0009519666
       -0.0001216198  -0.0005693526  -0.1981238493  -0.1005790236  -0.0910622085
       -0.0057434272   0.0031237546  -0.0019620157  -0.1634300341   0.0157795088
        0.0290364271  -0.0302964361   0.0072379195  -0.0052261182  -0.0142844042
        0.0082532691  -0.0006169465   0.0164632776   0.0145406412  -0.0266989289
        0.0236639435  -0.2228529065  -0.1112631519   0.0704293225  -0.0169379575
        0.0038705231  -0.0170517181  -0.0171585243  -0.0147670345  -0.0230721598
        0.4847203843   0.2136902813   0.0004934409  -0.0148358476  -0.0110430668
       -0.0162310199  -0.0339370648  -0.0214208159   0.0027989669   0.0017264446
       -0.0021858619  -0.0352654888   0.0343294395   0.0146341390  -0.0004562655
       -0.0003572465  -0.0000931436  -0.0522389013  -0.1386252587  -0.0628400849
        0.0040245004   0.0032170404  -0.0039712817   0.0351138222  -0.0449290530
       -0.0330158415  -0.0181195815   0.0029218400  -0.0030523844   0.0216199660
       -0.0123512328  -0.0033409016   0.0042911723  -0.0249300571   0.0347986252
        0.0036079646  -0.1018474450  -0.1177932468   0.0407843046  -0.0032792000
        0.0051240525  -0.0098207496  -0.0113426863  -0.0067899485   0.0699760620
        0.2136902813   0.2932473133   0.0007904869  -0.0148853110  -0.0079230472
       -0.0055590730  -0.0221160411  -0.0209694952  -0.0015742493  -0.0034422825
        0.0072000035  -0.0374212162   0.0242709157   0.0065342685  -0.0001197461
       -0.0002336153  -0.0001773001  -0.0609046272  -0.0719244281  -0.1045515837
       -0.0008429489  -0.0027391120   0.0056487773   0.0035077155  -0.0238677116
       -0.0260201167  -0.0094136449  -0.0001245306  -0.0002769838   0.0196205834
       -0.0119545569  -0.0008489758  -0.0126308617   0.0297957233  -0.0324037174
       -0.1680658799  -0.0880198273  -0.0852092649  -0.0255388508  -0.0154846353
       -0.0149349369   0.0001584524   0.0001562343   0.0002311064   0.0038616645
        0.0004934409   0.0007904869   0.1932234754   0.0978410580   0.0983788984
       -0.0044562375   0.0032671304  -0.0003724092   0.0008616789  -0.0008317445
        0.0002541316   0.0003020148   0.0006454639   0.0004819393  -0.0014715581
       -0.0006353029  -0.0009043834   0.0004478018   0.0016364735  -0.0002344701
       -0.0000604256  -0.0001463856   0.0002354698   0.0003287221   0.0013358180
        0.0000814137   0.0003357874   0.0001285274   0.0001527421  -0.0001312094
        0.0001464954  -0.0000506463   0.0002045638  -0.0005327461   0.0010999226
       -0.0882491130  -0.1055535721  -0.0653348330   0.0051882440   0.0036440618
        0.0032212724  -0.0011363745  -0.0011046838  -0.0005693128  -0.0178622938
       -0.0148358476  -0.0148853110   0.0978410580   0.1171324751   0.0818355915
        0.0023944347   0.0021871113  -0.0032589923   0.0002738259   0.0002111621
        0.0020228376   0.0005830499   0.0003488388   0.0004075547   0.0002805420
        0.0002828577  -0.0000614118   0.0021009537  -0.0025787682  -0.0061301036
       -0.0002233444  -0.0005215986   0.0008653987  -0.0034215501  -0.0005733664
        0.0004391533   0.0012080794   0.0008129855  -0.0001008227  -0.0001155713
        0.0005692417   0.0002489299   0.0011380596  -0.0000208971   0.0013000490
       -0.0858392278  -0.0656103123  -0.0933873235  -0.0020883032  -0.0010287417
       -0.0010509824  -0.0006089173  -0.0003519426  -0.0008709398  -0.0119858468
       -0.0110430668  -0.0079230472   0.0983788984   0.0818355915   0.0965139892
       -0.0004166386  -0.0020229099   0.0065823803   0.0009240869   0.0017621219
       -0.0015066233   0.0009104182  -0.0003020003  -0.0003530926  -0.0001399046
       -0.0002488760   0.0003126199   0.0000816882  -0.0057988967   0.0042765737
        0.0002595435   0.0008645404  -0.0013007762  -0.0002741701   0.0001194811
       -0.0008626122   0.0008926028   0.0005025699   0.0000222032   0.0000794160
        0.0003024988   0.0002519292  -0.0001736457   0.0010199427  -0.0007042984
       -0.0613210346   0.0049462620  -0.0069470198  -0.2072143908  -0.1133237766
       -0.1067534506  -0.0047150050   0.0030441763  -0.0008534970   0.0023578424
       -0.0162310199  -0.0055590730  -0.0044562375   0.0023944347  -0.0004166386
        0.6362337500  -0.0526878860   0.0768385146   0.0043688096   0.0039161370
        0.0025911302  -0.1015379456   0.0817879689   0.0415173711  -0.2580206687
        0.0751740497  -0.0004094801  -0.0072537550   0.0267146472   0.0151780630
        0.0028646610  -0.0194073661  -0.0120680534   0.0010969511   0.0039968162
       -0.0067217705  -0.0000075879  -0.0010359900   0.0004031621   0.0002861980
        0.0000057910   0.0012413110  -0.0026815870   0.0007057557   0.0019594309
       -0.0409286599   0.0323554573   0.0150650607  -0.0493514890  -0.1375705831
       -0.0729461806   0.0022858610   0.0035045427  -0.0035634189  -0.0147580144
       -0.0339370648  -0.0221160411   0.0032671304   0.0021871113  -0.0020229099
       -0.0526878860   0.4909228656   0.2361581459  -0.0176969955  -0.0169424826
       -0.0150516943   0.0183038093  -0.2428074505  -0.1204339166   0.0749144256
       -0.0658552266  -0.0079976481   0.0736686590  -0.0160672833  -0.0004001975
        0.0016545469  -0.0161432279  -0.0091379176  -0.0007748356  -0.0026953358
        0.0017828896   0.0002575310   0.0006817321  -0.0000172714  -0.0001093964
        0.0002413741  -0.0002159135   0.0019553133   0.0021255716   0.0008970131
       -0.0389602550   0.0211609301   0.0094356991  -0.0653376805  -0.0832028408
       -0.1122972038  -0.0010631133  -0.0022308378   0.0055773905  -0.0075335652
       -0.0214208159  -0.0209694952  -0.0003724092  -0.0032589923   0.0065823803
        0.0768385146   0.2361581459   0.2698899769  -0.0103723240  -0.0100547295
       -0.0089676378  -0.0003915532  -0.1100440155  -0.1120285793  -0.0000272089
       -0.0081347682  -0.0337250128   0.0451860205  -0.0056568749   0.0038415452
        0.0016531014  -0.0143828686  -0.0082374894  -0.0003165123  -0.0007023463
       -0.0005015366   0.0001494610   0.0002090261   0.0000831928  -0.0000178904
        0.0001530596   0.0001450290   0.0005654145   0.0014079281   0.0011717410
       -0.0085086820   0.0257752379   0.0140455905  -0.0576743983   0.0462566006
        0.0246262743  -0.0000223602  -0.0001367343   0.0003136226  -0.0057963695
        0.0027989669  -0.0015742493   0.0008616789   0.0002738259   0.0009240869
        0.0043688096  -0.0176969955  -0.0103723240   0.0680390993  -0.0541681537
       -0.0252263318  -0.0022762327  -0.0016304028  -0.0032287991   0.0010680739
       -0.0010312973   0.0001781895  -0.0003524725  -0.0002304137  -0.0001631886
        0.0001283808  -0.0009618639  -0.0006559703   0.0004117119   0.0003885808
        0.0014472310   0.0000748077   0.0000109271   0.0000062044  -0.0004572990
        0.0002937050   0.0000739094   0.0001352522   0.0000580171  -0.0003942453
        0.0052358329  -0.0115620166  -0.0067014208   0.0453544535  -0.2093569732
       -0.1025444255  -0.0001468136  -0.0005348466   0.0008332972   0.0037015634
        0.0017264446  -0.0034422825  -0.0008317445   0.0002111621   0.0017621219
        0.0039161370  -0.0169424826  -0.0100547295  -0.0541681537   0.2354413240
        0.1231502498  -0.0027271064   0.0011729873  -0.0047344542  -0.0001887671
        0.0002373280   0.0016813797   0.0001156415   0.0010765690   0.0009290922
        0.0001026410  -0.0009799251  -0.0007363032  -0.0014263463   0.0000190751
       -0.0006432522   0.0002522560   0.0002523528  -0.0000327745   0.0004291131
       -0.0002763357  -0.0002604473   0.0003812932  -0.0004846631   0.0007939488
        0.0014135537  -0.0036176544  -0.0010245600   0.0247508410  -0.1016065593
       -0.0923153875   0.0002439331   0.0008659465  -0.0013298600  -0.0004537150
       -0.0021858619   0.0072000035   0.0002541316   0.0020228376  -0.0015066233
        0.0025911302  -0.0150516943  -0.0089676378  -0.0252263318   0.1231502498
        0.0961606976  -0.0037527445  -0.0045083216   0.0042667434   0.0006874659
        0.0015763600  -0.0014843959  -0.0006670605   0.0003332056  -0.0003370769
       -0.0000085869  -0.0010503867  -0.0003399048  -0.0001399382  -0.0001579002
       -0.0004951869   0.0001152781   0.0000296951   0.0000430165   0.0000146070
        0.0000382375   0.0000476806   0.0001774363   0.0001618463   0.0000824916
       -0.0246611802   0.0215475227   0.0109580536   0.0413258476  -0.0062948182
        0.0033373066  -0.0092789949   0.0049257293   0.0012232868  -0.0581823848
       -0.0352654888  -0.0374212162   0.0003020148   0.0005830499   0.0009104182
       -0.1015379456   0.0183038093  -0.0003915532  -0.0022762327  -0.0027271064
       -0.0037527445   0.6387033003  -0.0515415275   0.0756384275  -0.0111923054
        0.0261317285   0.0141269650  -0.3120545387   0.1133086481   0.0141009436
       -0.1628621111  -0.0849381152  -0.0810950434  -0.0028877058  -0.0071774916
        0.0045067958  -0.0004201846   0.0015911615  -0.0006242611   0.0004190549
       -0.0000495191  -0.0010720317   0.0046033663   0.0016024175  -0.0004453470
        0.0289938767  -0.0234307826  -0.0072288496  -0.0534411881  -0.0367452694
       -0.0328914661   0.0253112217  -0.0123398243  -0.0025696795   0.0021860286
        0.0343294395   0.0242709157   0.0006454639   0.0003488388  -0.0003020003
        0.0817879689  -0.2428074505  -0.1100440155  -0.0016304028   0.0011729873
       -0.0045083216  -0.0515415275   0.4979092294   0.2356810590   0.0045982584
       -0.0102723308  -0.0049448876   0.0496776915  -0.1044097846  -0.0252045244
       -0.0854822204  -0.1049314388  -0.0650438585   0.0037925732   0.0025923032
       -0.0074782747  -0.0011985691  -0.0014329648   0.0004424546   0.0000848534
       -0.0002328682   0.0014004301  -0.0037840285   0.0002499158  -0.0015789816
        0.0151304954  -0.0066473788  -0.0074517047  -0.0278550437  -0.0261673866
       -0.0206050473   0.0144436368  -0.0069501575  -0.0012556811  -0.0084141238
        0.0146341390   0.0065342685   0.0004819393   0.0004075547  -0.0003530926
        0.0415173711  -0.1204339166  -0.1120285793  -0.0032287991  -0.0047344542
        0.0042667434   0.0756384275   0.2356810590   0.2765460485   0.0008226267
       -0.0006648334  -0.0009642082  -0.0221857755  -0.0165869536  -0.0561812800
       -0.0814634619  -0.0639570999  -0.0916060452  -0.0049750935  -0.0009758257
        0.0009035230  -0.0010715944   0.0002817282  -0.0001722152   0.0000375305
       -0.0001680829  -0.0000313078   0.0011218647  -0.0037183917   0.0023985780
       -0.0020196463  -0.0027103415  -0.0037469277  -0.0259774572   0.0074858322
       -0.0004110481  -0.0006160389   0.0003587746   0.0000588558   0.0009519666
       -0.0004562655  -0.0001197461  -0.0014715581   0.0002805420  -0.0001399046
       -0.2580206687   0.0749144256  -0.0000272089   0.0010680739  -0.0001887671
        0.0006874659  -0.0111923054   0.0045982584   0.0008226267   0.2946671007
       -0.0860468518   0.0021207448   0.0012108943   0.0024608035   0.0002334145
        0.0013269664  -0.0006937383   0.0004153440   0.0005966981  -0.0003096216
        0.0000830192  -0.0001338759  -0.0001067723  -0.0000155975  -0.0000932312
        0.0001478265   0.0001852847  -0.0002969182   0.0002658952  -0.0001463228
       -0.0018280920   0.0010912233  -0.0042385897  -0.0136171963   0.0041898448
        0.0003022549   0.0014292524  -0.0005109106  -0.0004189388  -0.0001216198
       -0.0003572465  -0.0002336153  -0.0006353029   0.0002828577  -0.0002488760
        0.0751740497  -0.0658552266  -0.0081347682  -0.0010312973   0.0002373280
        0.0015763600   0.0261317285  -0.0102723308  -0.0006648334  -0.0860468518
        0.0738068723   0.0152344335   0.0009759940  -0.0023133141  -0.0057606355
        0.0001088324  -0.0000586465   0.0016118170  -0.0011169166  -0.0000214637
        0.0004513125   0.0001692461   0.0002049802   0.0000117938  -0.0000335307
        0.0000217721  -0.0000855540   0.0004417045  -0.0004457397   0.0005978393
       -0.0026123298  -0.0048458381   0.0035244314  -0.0143365146   0.0048060939
       -0.0006756881   0.0006012868  -0.0005294701   0.0002430857  -0.0005693526
       -0.0000931436  -0.0001773001  -0.0009043834  -0.0000614118   0.0003126199
       -0.0004094801  -0.0079976481  -0.0337250128   0.0001781895   0.0016813797
       -0.0014843959   0.0141269650  -0.0049448876  -0.0009642082   0.0021207448
        0.0152344335   0.0318727252  -0.0000229365  -0.0054606696   0.0036689408
        0.0009862074   0.0014812735  -0.0014336481   0.0011963168   0.0000555500
       -0.0007825554   0.0000326538  -0.0000977137   0.0000432170   0.0000087919
        0.0000545793   0.0001926864  -0.0003961590   0.0007174727  -0.0006148979
        0.0391405898  -0.0432899546  -0.0186194820  -0.0497326315  -0.0095043762
       -0.0150339434  -0.0577166336   0.0499133416   0.0260364651  -0.1981238493
       -0.0522389013  -0.0609046272   0.0004478018   0.0021009537   0.0000816882
       -0.0072537550   0.0736686590   0.0451860205  -0.0003524725   0.0001156415
       -0.0006670605  -0.3120545387   0.0496776915  -0.0221857755   0.0012108943
        0.0009759940  -0.0000229365   0.6402367855  -0.0692435264   0.0684717338
       -0.0251631235   0.0044848631  -0.0018495403  -0.0164543318  -0.0052999616
       -0.0213810622  -0.0070111774  -0.0015053392  -0.0005060284   0.0006116180
       -0.0016581098   0.0013170843  -0.0077851760   0.0018030247   0.0000774643
       -0.0116692617  -0.0300772698  -0.0200416391  -0.0034014802   0.0005446533
        0.0024770949   0.0493408038  -0.2164562068  -0.1044676893  -0.1005790236
       -0.1386252587  -0.0719244281   0.0016364735  -0.0025787682  -0.0057988967
        0.0267146472  -0.0160672833  -0.0056568749  -0.0002304137   0.0010765690
        0.0003332056   0.1133086481  -0.1044097846  -0.0165869536   0.0024608035
       -0.0023133141  -0.0054606696  -0.0692435264   0.4968423393   0.2275251861
       -0.0152689591   0.0038782368  -0.0005682852   0.0040608726   0.0090174615
       -0.0019644558   0.0018037528  -0.0011470003   0.0001987926   0.0020893391
        0.0000716641   0.0004587482  -0.0010226760   0.0002439619   0.0014768649
       -0.0001573403  -0.0307268658  -0.0173265175  -0.0090941193   0.0024874161
       -0.0060952113   0.0259670007  -0.1049278661  -0.0933842921  -0.0910622085
       -0.0628400849  -0.1045515837  -0.0002344701  -0.0061301036   0.0042765737
        0.0151780630  -0.0004001975   0.0038415452  -0.0001631886   0.0009290922
       -0.0003370769   0.0141009436  -0.0252045244  -0.0561812800   0.0002334145
       -0.0057606355   0.0036689408   0.0684717338   0.2275251861   0.2688066926
       -0.0155969953   0.0029075455   0.0001574914  -0.0054381598   0.0043960530
       -0.0068117123   0.0011348812  -0.0004604971   0.0005758419   0.0014983884
       -0.0000445589   0.0009319964  -0.0048379433  -0.0017499589   0.0024285917
        0.0003386557   0.0006247381   0.0005437244   0.0011700524   0.0016904496
       -0.0004332486   0.0009183972  -0.0007581361   0.0002987094  -0.0057434272
        0.0040245004  -0.0008429489  -0.0000604256  -0.0002233444   0.0002595435
        0.0028646610   0.0016545469   0.0016531014   0.0001283808   0.0001026410
       -0.0000085869  -0.1628621111  -0.0854822204  -0.0814634619   0.0013269664
        0.0001088324   0.0009862074  -0.0251631235  -0.0152689591  -0.0155969953
        0.1875919326   0.0948069156   0.0949806029   0.0001586951  -0.0019722099
       -0.0000412274  -0.0006941854   0.0000410011  -0.0000789151  -0.0000298229
        0.0000489227   0.0001240606   0.0000553545   0.0006023223  -0.0003805656
        0.0007107233  -0.0003188780   0.0002255034   0.0026337930  -0.0020358971
       -0.0057712846   0.0003301123   0.0001604205   0.0020072336   0.0031237546
        0.0032170404  -0.0027391120  -0.0001463856  -0.0005215986   0.0008645404
       -0.0194073661  -0.0161432279  -0.0143828686  -0.0009618639  -0.0009799251
       -0.0010503867  -0.0849381152  -0.1049314388  -0.0639570999  -0.0006937383
       -0.0000586465   0.0014812735   0.0044848631   0.0038782368   0.0029075455
        0.0948069156   0.1174485948   0.0802018743   0.0002430388  -0.0000529463
       -0.0000705019   0.0001319269   0.0000021648   0.0000638258  -0.0001107586
        0.0001194175   0.0001161565  -0.0002068998   0.0002166834   0.0001033008
        0.0004107265   0.0010237728   0.0003917259   0.0002829799  -0.0060726738
        0.0039776649   0.0009917354   0.0017288781  -0.0015250934  -0.0019620157
       -0.0039712817   0.0056487773   0.0002354698   0.0008653987  -0.0013007762
       -0.0120680534  -0.0091379176  -0.0082374894  -0.0006559703  -0.0007363032
       -0.0003399048  -0.0810950434  -0.0650438585  -0.0916060452   0.0004153440
        0.0016118170  -0.0014336481  -0.0018495403  -0.0005682852   0.0001574914
        0.0949806029   0.0802018743   0.0946750335   0.0010223531  -0.0003864966
       -0.0001521620  -0.0003458565  -0.0001402469  -0.0000138583  -0.0000869359
        0.0000984708   0.0002692141  -0.0002757960   0.0005268519  -0.0005109297
       -0.0028278851   0.0058533786  -0.0003776718  -0.0013083196   0.0028832803
       -0.0052590017   0.0009506924   0.0007885570   0.0024831394  -0.1634300341
        0.0351138222   0.0035077155   0.0003287221  -0.0034215501  -0.0002741701
        0.0010969511  -0.0007748356  -0.0003165123   0.0004117119  -0.0014263463
       -0.0001399382  -0.0028877058   0.0037925732  -0.0049750935   0.0005966981
       -0.0011169166   0.0011963168  -0.0164543318   0.0040608726  -0.0054381598
        0.0001586951   0.0002430388   0.0010223531   0.3803727896  -0.0020517659
       -0.0028548996  -0.0878365048  -0.0431955302  -0.0142986087  -0.0498963477
        0.0114495767   0.0142118691  -0.0592751313  -0.0121981546   0.0115126618
        0.0214149805  -0.0177686589  -0.0039503993  -0.0034475125  -0.0018125923
       -0.0027443193  -0.0012045763  -0.0007840236  -0.0006073410   0.0157795088
       -0.0449290530  -0.0238677116   0.0013358180  -0.0005733664   0.0001194811
        0.0039968162  -0.0026953358  -0.0007023463   0.0003885808   0.0000190751
       -0.0001579002  -0.0071774916   0.0025923032  -0.0009758257  -0.0003096216
       -0.0000214637   0.0000555500  -0.0052999616   0.0090174615   0.0043960530
       -0.0019722099  -0.0000529463  -0.0003864966  -0.0020517659   0.3649009578
        0.0011783977  -0.0371257846  -0.0783988159  -0.0189766580   0.0138049856
       -0.0840183437  -0.0556922392   0.0018682342  -0.1454751979   0.1023117553
        0.0072537167   0.0053755730   0.0064625237   0.0089849241  -0.0049409194
        0.0037157217  -0.0016157212   0.0004783959  -0.0012322265   0.0290364271
       -0.0330158415  -0.0260201167   0.0000814137   0.0004391533  -0.0008626122
       -0.0067217705   0.0017828896  -0.0005015366   0.0014472310  -0.0006432522
       -0.0004951869   0.0045067958  -0.0074782747   0.0009035230   0.0000830192
        0.0004513125  -0.0007825554  -0.0213810622  -0.0019644558  -0.0068117123
       -0.0000412274  -0.0000705019  -0.0001521620  -0.0028548996   0.0011783977
        0.3621888695  -0.0233841706  -0.0306284993  -0.0464232353   0.0123050155
       -0.0402071177  -0.0769848528  -0.0076996917   0.1092431404  -0.2130044413
       -0.0002982856  -0.0016218531  -0.0012694736   0.0006436576  -0.0003832256
        0.0000762580   0.0001001669   0.0002928515   0.0003554122  -0.0302964361
       -0.0181195815  -0.0094136449   0.0003357874   0.0012080794   0.0008926028
       -0.0000075879   0.0002575310   0.0001494610   0.0000748077   0.0002522560
        0.0001152781  -0.0004201846  -0.0011985691  -0.0010715944  -0.0001338759
        0.0001692461   0.0000326538  -0.0070111774   0.0018037528   0.0011348812
       -0.0006941854   0.0001319269  -0.0003458565  -0.0878365048  -0.0371257846
       -0.0233841706   0.1205087188   0.0722082334   0.0124414788   0.0031031101
        0.0002752347  -0.0023912065   0.0019319893  -0.0181500976   0.0226779207
        0.0001830404   0.0020667048   0.0009955399   0.0011247190  -0.0001353700
        0.0008318897   0.0002924047   0.0003183569   0.0001115641   0.0072379195
        0.0029218400  -0.0001245306   0.0001285274   0.0008129855   0.0005025699
       -0.0010359900   0.0006817321   0.0002090261   0.0000109271   0.0002523528
        0.0000296951   0.0015911615  -0.0014329648   0.0002817282  -0.0001067723
        0.0002049802  -0.0000977137  -0.0015053392  -0.0011470003  -0.0004604971
        0.0000410011   0.0000021648  -0.0001402469  -0.0431955302  -0.0783988159
       -0.0306284993   0.0722082334   0.1301525299   0.0103992177  -0.0153698988
       -0.0218265472  -0.0153826010  -0.0216044036  -0.0344729488   0.0334728580
        0.0017478065  -0.0005535527  -0.0001006554  -0.0006751078  -0.0000615658
       -0.0003623387   0.0001364451   0.0003119304   0.0002688962  -0.0052261182
       -0.0030523844  -0.0002769838   0.0001527421  -0.0001008227   0.0000222032
        0.0004031621  -0.0000172714   0.0000831928   0.0000062044  -0.0000327745
        0.0000430165  -0.0006242611   0.0004424546  -0.0001722152  -0.0000155975
        0.0000117938   0.0000432170  -0.0005060284   0.0001987926   0.0005758419
       -0.0000789151   0.0000638258  -0.0000138583  -0.0142986087  -0.0189766580
       -0.0464232353   0.0124414788   0.0103992177   0.0600322257  -0.0165127886
       -0.0225415657  -0.0083527097   0.0230495864   0.0339085804  -0.0053665969
       -0.0054552165   0.0008574876   0.0002653139  -0.0002171486   0.0013753415
        0.0003157394  -0.0002935826  -0.0007054655  -0.0004516595  -0.0142844042
        0.0216199660   0.0196205834  -0.0001312094  -0.0001155713   0.0000794160
        0.0002861980  -0.0001093964  -0.0000178904  -0.0004572990   0.0004291131
        0.0000146070   0.0004190549   0.0000848534   0.0000375305  -0.0000932312
       -0.0000335307   0.0000087919   0.0006116180   0.0020893391   0.0014983884
       -0.0000298229  -0.0001107586  -0.0000869359  -0.0498963477   0.0138049856
        0.0123050155   0.0031031101  -0.0153698988  -0.0165127886   0.0606489372
       -0.0184127799  -0.0285686993   0.0057893441  -0.0054036852   0.0114925880
        0.0037008155  -0.0006982437  -0.0008347816   0.0000679454  -0.0007369785
       -0.0002119767   0.0001382003   0.0006789630   0.0003934956   0.0082532691
       -0.0123512328  -0.0119545569   0.0001464954   0.0005692417   0.0003024988
        0.0000057910   0.0002413741   0.0001530596   0.0002937050  -0.0002763357
        0.0000382375  -0.0000495191  -0.0002328682  -0.0001680829   0.0001478265
        0.0000217721   0.0000545793  -0.0016581098   0.0000716641  -0.0000445589
        0.0000489227   0.0001194175   0.0000984708   0.0114495767  -0.0840183437
       -0.0402071177   0.0002752347  -0.0218265472  -0.0225415657  -0.0184127799
        0.0980405315   0.0598813394  -0.0044073734   0.0203975860   0.0150409596
        0.0025220355  -0.0017949925  -0.0014302631  -0.0019959220   0.0002442118
       -0.0010804894   0.0005698759   0.0009380154   0.0007411378  -0.0006169465
       -0.0033409016  -0.0008489758  -0.0000506463   0.0002489299   0.0002519292
        0.0012413110  -0.0002159135   0.0001450290   0.0000739094  -0.0002604473
        0.0000476806  -0.0010720317   0.0014004301  -0.0000313078   0.0001852847
       -0.0000855540   0.0001926864   0.0013170843   0.0004587482   0.0009319964
        0.0001240606   0.0001161565   0.0002692141   0.0142118691  -0.0556922392
       -0.0769848528  -0.0023912065  -0.0153826010  -0.0083527097  -0.0285686993
        0.0598813394   0.1501749458   0.0144500219   0.0134848178  -0.0640260209
       -0.0043332270   0.0069642474   0.0020924448   0.0032184622  -0.0024095337
        0.0021141472  -0.0000796194   0.0001737198  -0.0006155065   0.0164632776
        0.0042911723  -0.0126308617   0.0002045638   0.0011380596  -0.0001736457
       -0.0026815870   0.0019553133   0.0005654145   0.0001352522   0.0003812932
        0.0001774363   0.0046033663  -0.0037840285   0.0011218647  -0.0002969182
        0.0004417045  -0.0003961590  -0.0077851760  -0.0010226760  -0.0048379433
        0.0000553545  -0.0002068998  -0.0002757960  -0.0592751313   0.0018682342
       -0.0076996917   0.0019319893  -0.0216044036   0.0230495864   0.0057893441
       -0.0044073734   0.0144500219   0.0420500489   0.0162211706  -0.0169413118
        0.0028845828  -0.0012819966  -0.0000974040  -0.0021793076   0.0017881849
       -0.0027865103  -0.0002198360   0.0003720831   0.0019736435   0.0145406412
       -0.0249300571   0.0297957233  -0.0005327461  -0.0000208971   0.0010199427
        0.0007057557   0.0021255716   0.0014079281   0.0000580171  -0.0004846631
        0.0001618463   0.0016024175   0.0002499158  -0.0037183917   0.0002658952
       -0.0004457397   0.0007174727   0.0018030247   0.0002439619  -0.0017499589
        0.0006023223   0.0002166834   0.0005268519  -0.0121981546  -0.1454751979
        0.1092431404  -0.0181500976  -0.0344729488   0.0339085804  -0.0054036852
        0.0203975860   0.0134848178   0.0162211706   0.1817175136  -0.1838876821
       -0.0008667454  -0.0038770000   0.0005793504  -0.0038687050  -0.0019820171
        0.0020568023   0.0009221837   0.0005324670  -0.0007652673  -0.0266989289
        0.0347986252  -0.0324037174   0.0010999226   0.0013000490  -0.0007042984
        0.0019594309   0.0008970131   0.0011717410  -0.0003942453   0.0007939488
        0.0000824916  -0.0004453470  -0.0015789816   0.0023985780  -0.0001463228
        0.0005978393  -0.0006148979   0.0000774643   0.0014768649   0.0024285917
       -0.0003805656   0.0001033008  -0.0005109297   0.0115126618   0.1023117553
       -0.2130044413   0.0226779207   0.0334728580  -0.0053665969   0.0114925880
        0.0150409596  -0.0640260209  -0.0169413118  -0.1838876821   0.3086786149
