           1           2   1.4453113014678090     
           1           4   1.4075710112683630     
           1           5  0.97020038003329656     
           2           6   1.4349186208813371     
           4           6  0.10939410249869319     
           2           7  0.97042007436203070     
           1           8  0.10805475189330666     
           6           8   1.4324979511492542     
           6           9  0.97033864574205264     
           2          10  0.10900642943024969     
           3          10  0.97062120429545451     
           4          10   1.4062581617010124     
           8          10   1.4480295487343702     
           8          11  0.97045548108581681     
           4          12  0.95514815147720911     
          12          13  0.92899657720881779     
          12          14  0.92694314466279726     
          12          15   1.1319920085230222     
