$hessian                                                                        
        0.5716093426  -0.0230362179  -0.0000050251  -0.0894198572   0.0365092760
        0.0000001728  -0.0051147921   0.0028853277   0.0000000653  -0.0000166504
       -0.0206854963   0.0000003623   0.0141389287   0.0249833636  -0.0000003878
       -0.0041809400  -0.0297865014   0.0000003727  -0.0088906065  -0.0134001166
        0.0000002659  -0.0041969207   0.0034333142   0.0000000686  -0.0476780120
        0.0131256626   0.0000003074   0.0010431986  -0.0002805732  -0.0000000169
       -0.1992669607  -0.0922062886   0.0000026056  -0.2280267303   0.0984582499
        0.0000012092
       -0.0230362179   0.7023696987  -0.0000060443  -0.0269036808  -0.3694522040
        0.0000037787   0.0034957128  -0.0005794659   0.0000000363  -0.0463112256
       -0.0604385494   0.0000012085   0.0718682028  -0.0383929157  -0.0000002818
       -0.0048499230  -0.0212795634   0.0000002555  -0.0257426927  -0.0335441195
        0.0000004714   0.0018577168  -0.0002105566   0.0000000460  -0.0152031834
        0.0410997072  -0.0000002717  -0.0009183333   0.0001656972   0.0000000263
       -0.0325005602  -0.1197518749   0.0000011263   0.0982441844  -0.0999858537
       -0.0000003511
       -0.0000050251  -0.0000060443   0.0934091992   0.0000008342   0.0000030961
       -0.0361707380   0.0000000730   0.0000000494   0.0070738326   0.0000005720
        0.0000008089   0.0123390718  -0.0000008534   0.0000001432   0.0011899609
        0.0000001135   0.0000005544   0.0017341592   0.0000003212   0.0000004543
       -0.0021734483   0.0000000846   0.0000000235   0.0057524134   0.0000006511
       -0.0000005721  -0.0011464970   0.0000000049   0.0000000037   0.0002250094
        0.0000020049   0.0000018375  -0.0537365554   0.0000012190  -0.0000003546
       -0.0284964078
       -0.0894198572  -0.0269036808   0.0000008342   0.6337206512  -0.0180774760
       -0.0000050558   0.0005343177   0.0008343323  -0.0000000097  -0.0086238866
       -0.0037901439   0.0000001928  -0.2667940355   0.1388965424   0.0000009031
       -0.2116270319  -0.0965775142   0.0000027332  -0.0661357060  -0.0257205579
        0.0000009278  -0.0013965379   0.0008557154  -0.0000000375  -0.0098155450
        0.0262975135  -0.0000001805  -0.0041472530  -0.0025844413   0.0000001094
        0.0290567764  -0.0226724644  -0.0000001396  -0.0053518922   0.0294421748
       -0.0000002774
        0.0365092760  -0.3694522040   0.0000030961  -0.0180774760   0.6765393445
       -0.0000057438   0.0014587463  -0.0003918273  -0.0000000132   0.0032756754
        0.0016775315   0.0000000193   0.0712111153  -0.1450411090   0.0000002822
       -0.0950579489  -0.1023862511   0.0000016977   0.0232160278   0.0411014062
       -0.0000005036   0.0276219466  -0.0208202045  -0.0000000923   0.0139546803
       -0.0326163931   0.0000001536  -0.0039660446  -0.0008327809   0.0000000958
       -0.0629027863  -0.0289535288   0.0000008493   0.0027567881  -0.0188239835
        0.0000001590
        0.0000001728   0.0000037787  -0.0361707380  -0.0000050558  -0.0000057438
        0.1088804999  -0.0000000220   0.0000000002   0.0000182644   0.0000001033
        0.0000000766   0.0058362549   0.0000014969  -0.0000003180  -0.0401466328
        0.0000027438   0.0000016664  -0.0331032522   0.0000004378  -0.0000000841
       -0.0000985232  -0.0000002988   0.0000001767  -0.0026126970  -0.0000000703
       -0.0000000199  -0.0021734339   0.0000001491   0.0000001046   0.0067625314
        0.0000003346   0.0000005041  -0.0053920080   0.0000000086  -0.0000001416
       -0.0018002655
       -0.0051147921   0.0034957128   0.0000000730   0.0005343177   0.0014587463
       -0.0000000220   0.2521590325   0.1175473889  -0.0000033120   0.0047456362
        0.0017464108  -0.0000000740   0.0023032166  -0.0001802702   0.0000000506
       -0.0001390212  -0.0002032683  -0.0000000134  -0.0046079059  -0.0024261275
        0.0000000488  -0.0002377767  -0.0004552124   0.0000000202  -0.2233662348
       -0.1011246074   0.0000028017   0.0020979654   0.0003305753  -0.0000000499
       -0.0261389966  -0.0194052162   0.0000004590  -0.0022354410  -0.0007841321
        0.0000000180
        0.0028853277  -0.0005794659   0.0000000494   0.0008343323  -0.0003918273
        0.0000000002   0.1175473889   0.1217769112  -0.0000021109  -0.0006431583
        0.0028341471  -0.0000000395   0.0010319894  -0.0051755385   0.0000001244
       -0.0000598049   0.0000240340  -0.0000000217  -0.0291132266  -0.0195741192
        0.0000004534  -0.0014337262  -0.0013193842   0.0000000409  -0.1013405096
       -0.1046449958   0.0000017104  -0.0006518689   0.0010341417  -0.0000000426
        0.0102195647   0.0056714243  -0.0000001357   0.0007236914   0.0003446726
       -0.0000000284
        0.0000000653   0.0000000363   0.0070738326  -0.0000000097  -0.0000000132
        0.0000182644  -0.0000033120  -0.0000021109   0.0213646119  -0.0000000543
       -0.0000001039  -0.0023511710   0.0000000271   0.0000001234   0.0079509498
       -0.0000000173  -0.0000000171  -0.0017449382   0.0000003452   0.0000002626
       -0.0018001140   0.0000000276   0.0000000322   0.0011783829   0.0000028334
        0.0000016604  -0.0284964089  -0.0000000547  -0.0000000522  -0.0037148881
        0.0000001489   0.0000001971   0.0020457231   0.0000000005  -0.0000000147
       -0.0015242444
       -0.0000166504  -0.0463112256   0.0000005720  -0.0086238866   0.0032756754
        0.0000001033   0.0047456362  -0.0006431583  -0.0000000543   0.0748941982
       -0.0064425774  -0.0000004265   0.0069067790   0.0000951117  -0.0000000694
       -0.0003762113  -0.0021330904   0.0000000161  -0.0086322875  -0.0035093231
        0.0000001978   0.0004003065   0.0000151616  -0.0000000195  -0.0016121019
        0.0476764569  -0.0000003174  -0.0004757198   0.0021992023  -0.0000000296
       -0.0719760428   0.0050876903   0.0000001187   0.0047659806   0.0006900766
       -0.0000000911
       -0.0206854963  -0.0604385494   0.0000008089  -0.0037901439   0.0016775315
        0.0000000766   0.0017464108   0.0028341471  -0.0000001039  -0.0064425774
        0.6250586065  -0.0000053084   0.0000921832  -0.0012495694   0.0000000264
       -0.0022450214  -0.0034425319   0.0000000301   0.0035493108   0.0016821373
        0.0000001424   0.0000175167  -0.0010771417   0.0000000000   0.0220613994
       -0.0588464646   0.0000003823   0.0023128498  -0.0033411482  -0.0000000478
        0.0050802606  -0.5056660823   0.0000040061  -0.0016966924   0.0028090651
       -0.0000000127
        0.0000003623   0.0000012085   0.0123390718   0.0000001928   0.0000000193
        0.0058362549  -0.0000000740  -0.0000000395  -0.0023511710  -0.0000004265
       -0.0000053084   0.0267289563  -0.0000000559   0.0000000244   0.0004472038
        0.0000000130   0.0000000403  -0.0010520285   0.0000000902   0.0000000752
        0.0058361827  -0.0000000171  -0.0000000074  -0.0012857351  -0.0000001096
        0.0000002534   0.0123392428  -0.0000000259  -0.0000000042  -0.0010520335
        0.0000001223   0.0000037905  -0.0554348431  -0.0000000715  -0.0000000521
       -0.0023511011
        0.0141389287   0.0718682028  -0.0000008534  -0.2667940355   0.0712111153
        0.0000014969   0.0023032166   0.0010319894   0.0000000271   0.0069067790
        0.0000921832  -0.0000000559   0.6423167057  -0.0000591114  -0.0000055983
       -0.0282757267   0.0108288669   0.0000002043  -0.2618215704  -0.0739410957
        0.0000031281  -0.0451248700   0.0027244544   0.0000001988   0.0163739001
       -0.0705914543   0.0000005561  -0.0283658901  -0.0116413797   0.0000003553
       -0.0539753313  -0.0006699583   0.0000004751   0.0023178939  -0.0008538128
        0.0000000658
        0.0249833636  -0.0383929157   0.0000001432   0.1388965424  -0.1450411090
       -0.0000003180  -0.0001802702  -0.0051755385   0.0000001234   0.0000951117
       -0.0012495694   0.0000000244  -0.0000591114   0.6474758177  -0.0000056426
       -0.0154483068   0.0064348467   0.0000000850  -0.1416260817  -0.1500134417
        0.0000026297   0.0027251555  -0.2784091380   0.0000025563  -0.0237014612
       -0.0406267656   0.0000006565   0.0146352425   0.0065211274  -0.0000002670
       -0.0006756986   0.0036700151  -0.0000001086   0.0003555142  -0.0051933290
        0.0000001176
       -0.0000003878  -0.0000002818   0.0011899609   0.0000009031   0.0000002822
       -0.0401466328   0.0000000506   0.0000001244   0.0079509498  -0.0000000694
        0.0000000264   0.0004472038  -0.0000055983  -0.0000056426   0.0891937444
        0.0000004521  -0.0000001692   0.0002644240   0.0000036680   0.0000019177
       -0.0401464434   0.0000001940   0.0000025700  -0.0226344562   0.0000000706
        0.0000010879   0.0011901660   0.0000001336   0.0000000519   0.0002642840
        0.0000005198  -0.0000001049  -0.0055242374   0.0000000636   0.0000001380
        0.0079510369
       -0.0041809400  -0.0048499230   0.0000001135  -0.2116270319  -0.0950579489
        0.0000027438  -0.0001390212  -0.0000598049  -0.0000000173  -0.0003762113
       -0.0022450214   0.0000000130  -0.0282757267  -0.0154483068   0.0000004521
        0.2444304834   0.1106010014  -0.0000033367  -0.0042992338   0.0038828787
        0.0000000692   0.0011548759   0.0000456232  -0.0000000362   0.0010150242
        0.0009388783  -0.0000000187  -0.0023831927  -0.0004487330   0.0000000299
        0.0025910853   0.0019642913   0.0000000481   0.0020898888   0.0006770650
       -0.0000000608
       -0.0297865014  -0.0212795634   0.0000005544  -0.0965775142  -0.1023862511
        0.0000016664  -0.0002032683   0.0000240340  -0.0000000171  -0.0021330904
       -0.0034425319   0.0000000403   0.0108288669   0.0064348467  -0.0000001692
        0.1106010014   0.1208607628  -0.0000021037   0.0025014596  -0.0006846944
        0.0000000498   0.0006925551   0.0015753648  -0.0000000474   0.0003010794
        0.0001948737  -0.0000000006   0.0003840641   0.0003913721  -0.0000000063
        0.0036970192  -0.0027306894   0.0000000777  -0.0003056715   0.0010424761
       -0.0000000443
        0.0000003727   0.0000002555   0.0017341592   0.0000027332   0.0000016977
       -0.0331032522  -0.0000000134  -0.0000000217  -0.0017449382   0.0000000161
        0.0000000301  -0.0010520285   0.0000002043   0.0000000850   0.0002644240
       -0.0000033367  -0.0000021037   0.0235488402   0.0000000833  -0.0000000062
        0.0067623936  -0.0000000395  -0.0000000391  -0.0024163580   0.0000000027
        0.0000000096   0.0002250420   0.0000000252   0.0000000046   0.0001674210
        0.0000000163   0.0000001433   0.0093291615  -0.0000000642  -0.0000000551
       -0.0037148645
       -0.0088906065  -0.0257426927   0.0000003212  -0.0661357060   0.0232160278
        0.0000004378  -0.0046079059  -0.0291132266   0.0000003452  -0.0086322875
        0.0035493108   0.0000000902  -0.2618215704  -0.1416260817   0.0000036680
       -0.0042992338   0.0025014596   0.0000000833   0.6328998742   0.0170616453
       -0.0000056190  -0.0007424801  -0.0003865516   0.0000000021  -0.0893515669
        0.0334466598   0.0000001715  -0.2160408240   0.0939229546   0.0000010169
        0.0270343262   0.0239817275  -0.0000005278   0.0005879807  -0.0008112327
        0.0000000107
       -0.0134001166  -0.0335441195   0.0000004543  -0.0257205579   0.0411014062
       -0.0000000841  -0.0024261275  -0.0195741192   0.0000002626  -0.0035093231
        0.0016821373   0.0000000752  -0.0739410957  -0.1500134417   0.0000019177
        0.0038828787  -0.0006846944  -0.0000000062   0.0170616453   0.6773594972
       -0.0000063273  -0.0271528660  -0.0214739126   0.0000004995  -0.0299682465
       -0.3695190775   0.0000037622   0.0924039496  -0.0979691504  -0.0000001843
        0.0642048003  -0.0269171507  -0.0000004105  -0.0014349406  -0.0004473747
        0.0000000407
        0.0000002659   0.0000004714  -0.0021734483   0.0000009278  -0.0000005036
       -0.0000985232   0.0000000488   0.0000004534  -0.0018001140   0.0000001978
        0.0000001424   0.0058361827   0.0000031281   0.0000026297  -0.0401464434
        0.0000000692   0.0000000498   0.0067623936  -0.0000056190  -0.0000063273
        0.1088807177   0.0000002730   0.0000001870  -0.0026127872   0.0000008277
        0.0000033394  -0.0361710881   0.0000009548  -0.0000003026  -0.0331033479
       -0.0000010817  -0.0000001681  -0.0053919312   0.0000000075   0.0000000285
        0.0000183893
       -0.0041969207   0.0018577168   0.0000000846  -0.0013965379   0.0276219466
       -0.0000002988  -0.0002377767  -0.0014337262   0.0000000276   0.0004003065
        0.0000175167  -0.0000000171  -0.0451248700   0.0027251555   0.0000001940
        0.0011548759   0.0006925551  -0.0000000395  -0.0007424801  -0.0271528660
        0.0000002730   0.0541267514  -0.0030993503  -0.0000003154  -0.0040720575
       -0.0019469957   0.0000001142   0.0011725809  -0.0007022331  -0.0000000332
       -0.0008010840  -0.0000378248   0.0000000118  -0.0002827879   0.0014581053
       -0.0000000012
        0.0034333142  -0.0002105566   0.0000000235   0.0008557154  -0.0208202045
        0.0000001767  -0.0004552124  -0.0013193842   0.0000000322   0.0000151616
       -0.0010771417  -0.0000000074   0.0027244544  -0.2784091380   0.0000025700
        0.0000456232   0.0015753648  -0.0000000391  -0.0003865516  -0.0214739126
        0.0000001870  -0.0030993503   0.3194361530  -0.0000030098  -0.0035237474
       -0.0003366281   0.0000000972  -0.0000548116   0.0015578762  -0.0000000356
       -0.0000338662   0.0023519404  -0.0000000159   0.0004792706  -0.0012743687
        0.0000000212
        0.0000000686   0.0000000460   0.0057524134  -0.0000000375  -0.0000000923
       -0.0026126970   0.0000000202   0.0000000409   0.0011783829  -0.0000000195
        0.0000000000  -0.0012857351   0.0000001988   0.0000025563  -0.0226344562
       -0.0000000362  -0.0000000474  -0.0024163580   0.0000000021   0.0000004995
       -0.0026127872  -0.0000003154  -0.0000030098   0.0197347757   0.0000001242
        0.0000000526   0.0057524795  -0.0000000352  -0.0000000346  -0.0024163302
        0.0000000211  -0.0000000201   0.0003819165   0.0000000088   0.0000000089
        0.0011783954
       -0.0476780120  -0.0152031834   0.0000006511  -0.0098155450   0.0139546803
       -0.0000000703  -0.2233662348  -0.1013405096   0.0000028334  -0.0016121019
        0.0220613994  -0.0000001096   0.0163739001  -0.0237014612   0.0000000706
        0.0010150242   0.0003010794   0.0000000027  -0.0893515669  -0.0299682465
        0.0000008277  -0.0040720575  -0.0035237474   0.0000001242   0.5706082746
        0.0199586274  -0.0000045745  -0.0049982086   0.0301665235  -0.0000002560
       -0.2021383680   0.0902812545   0.0000003523  -0.0049651041  -0.0029864164
        0.0000001484
        0.0131256626   0.0410997072  -0.0000005721   0.0262975135  -0.0326163931
       -0.0000000199  -0.1011246074  -0.1046449958   0.0000016604   0.0476764569
       -0.0588464646   0.0000002534  -0.0705914543  -0.0406267656   0.0000010879
        0.0009388783   0.0001948737   0.0000000096   0.0334466598  -0.3695190775
        0.0000033394  -0.0019469957  -0.0003366281   0.0000000526   0.0199586274
        0.7033663622  -0.0000064877   0.0052290264  -0.0204617734   0.0000001178
        0.0305882608  -0.1168801037   0.0000004452  -0.0035980283  -0.0007287413
        0.0000001134
        0.0000003074  -0.0000002717  -0.0011464970  -0.0000001805   0.0000001536
       -0.0021734339   0.0000028017   0.0000017104  -0.0284964089  -0.0000003174
        0.0000003823   0.0123392428   0.0000005561   0.0000006565   0.0011901660
       -0.0000000187  -0.0000000006   0.0002250420   0.0000001715   0.0000037622
       -0.0361710881   0.0000001142   0.0000000972   0.0057524795  -0.0000045745
       -0.0000064877   0.0934093796   0.0000000075  -0.0000000591   0.0017341681
        0.0000009583  -0.0000000514  -0.0537367559   0.0000001744   0.0000001082
        0.0070737057
        0.0010431986  -0.0009183333   0.0000000049  -0.0041472530  -0.0039660446
        0.0000001491   0.0020979654  -0.0006518689  -0.0000000547  -0.0004757198
        0.0023128498  -0.0000000259  -0.0283658901   0.0146352425   0.0000001336
       -0.0023831927   0.0003840641   0.0000000252  -0.2160408240   0.0924039496
        0.0000009548   0.0011725809  -0.0000548116  -0.0000000352  -0.0049982086
        0.0052290264   0.0000000075   0.2495274757  -0.1075946650  -0.0000012285
        0.0027149709  -0.0018348425   0.0000000852  -0.0001451032   0.0000554334
       -0.0000000163
       -0.0002805732   0.0001656972   0.0000000037  -0.0025844413  -0.0008327809
        0.0000001046   0.0003305753   0.0010341417  -0.0000000522   0.0021992023
       -0.0033411482  -0.0000000042  -0.0116413797   0.0065211274   0.0000000519
       -0.0004487330   0.0003913721   0.0000000046   0.0939229546  -0.0979691504
       -0.0000003026  -0.0007022331   0.0015578762  -0.0000000346   0.0301665235
       -0.0204617734  -0.0000000591  -0.1075946650   0.1157625520   0.0000001609
       -0.0035661044  -0.0028581589   0.0000001498   0.0001988739   0.0000302453
       -0.0000000227
       -0.0000000169   0.0000000263   0.0002250094   0.0000001094   0.0000000958
        0.0067625314  -0.0000000499  -0.0000000426  -0.0037148881  -0.0000000296
       -0.0000000478  -0.0010520335   0.0000003553  -0.0000002670   0.0002642840
        0.0000000299  -0.0000000063   0.0001674210   0.0000010169  -0.0000001843
       -0.0331033479  -0.0000000332  -0.0000000356  -0.0024163302  -0.0000002560
        0.0000001178   0.0017341681  -0.0000012285   0.0000001609   0.0235489373
        0.0000001239   0.0000002086   0.0093292138  -0.0000000212  -0.0000000257
       -0.0017449652
       -0.1992669607  -0.0325005602   0.0000020049   0.0290567764  -0.0629027863
        0.0000003346  -0.0261389966   0.0102195647   0.0000001489  -0.0719760428
        0.0050802606   0.0000001223  -0.0539753313  -0.0006756986   0.0000005198
        0.0025910853   0.0036970192   0.0000000163   0.0270343262   0.0642048003
       -0.0000010817  -0.0008010840  -0.0000338662   0.0000000211  -0.2021383680
        0.0305882608   0.0000009583   0.0027149709  -0.0035661044   0.0000001239
        0.5192302068  -0.0031396347  -0.0000036072  -0.0263305821  -0.0109712552
        0.0000004390
       -0.0922062886  -0.1197518749   0.0000018375  -0.0226724644  -0.0289535288
        0.0000005041  -0.0194052162   0.0056714243   0.0000001971   0.0050876903
       -0.5056660823   0.0000037905  -0.0006699583   0.0036700151  -0.0000001049
        0.0019642913  -0.0027306894   0.0000001433   0.0239817275  -0.0269171507
       -0.0000001681  -0.0000378248   0.0023519404  -0.0000000201   0.0902812545
       -0.1168801037  -0.0000000514  -0.0018348425  -0.0028581589   0.0000002086
       -0.0031396347   0.7861957531  -0.0000060600   0.0186512659   0.0058684558
       -0.0000002766
        0.0000026056   0.0000011263  -0.0537365554  -0.0000001396   0.0000008493
       -0.0053920080   0.0000004590  -0.0000001357   0.0020457231   0.0000001187
        0.0000040061  -0.0554348431   0.0000004751  -0.0000001086  -0.0055242374
        0.0000000481   0.0000000777   0.0093291615  -0.0000005278  -0.0000004105
       -0.0053919312   0.0000000118  -0.0000000159   0.0003819165   0.0000003523
        0.0000004452  -0.0537367559   0.0000000852   0.0000001498   0.0093292138
       -0.0000036072  -0.0000060600   0.1560846425   0.0000001188   0.0000000762
        0.0020456737
       -0.2280267303   0.0982441844   0.0000012190  -0.0053518922   0.0027567881
        0.0000000086  -0.0022354410   0.0007236914   0.0000000005   0.0047659806
       -0.0016966924  -0.0000000715   0.0023178939   0.0003555142   0.0000000636
        0.0020898888  -0.0003056715  -0.0000000642   0.0005879807  -0.0014349406
        0.0000000075  -0.0002827879   0.0004792706   0.0000000088  -0.0049651041
       -0.0035980283   0.0000001744  -0.0001451032   0.0001988739  -0.0000000212
       -0.0263305821   0.0186512659   0.0000001188   0.2575758969  -0.1143742557
       -0.0000014443
        0.0984582499  -0.0999858537  -0.0000003546   0.0294421748  -0.0188239835
       -0.0000001416  -0.0007841321   0.0003446726  -0.0000000147   0.0006900766
        0.0028090651  -0.0000000521  -0.0008538128  -0.0051933290   0.0000001380
        0.0006770650   0.0010424761  -0.0000000551  -0.0008112327  -0.0004473747
        0.0000000285   0.0014581053  -0.0012743687   0.0000000089  -0.0029864164
       -0.0007287413   0.0000001082   0.0000554334   0.0000302453  -0.0000000257
       -0.0109712552   0.0058684558   0.0000000762  -0.1143742557   0.1163587359
        0.0000002838
        0.0000012092  -0.0000003511  -0.0284964078  -0.0000002774   0.0000001590
       -0.0018002655   0.0000000180  -0.0000000284  -0.0015242444  -0.0000000911
       -0.0000000127  -0.0023511011   0.0000000658   0.0000001176   0.0079510369
       -0.0000000608  -0.0000000443  -0.0037148645   0.0000000107   0.0000000407
        0.0000183893  -0.0000000012   0.0000000212   0.0011783954   0.0000001484
        0.0000001134   0.0070737057  -0.0000000163  -0.0000000227  -0.0017449652
        0.0000004390  -0.0000002766   0.0020456737  -0.0000014443   0.0000002838
        0.0213646478
