           1           2   1.4951979018816997     
           1           4  0.10187346911547035     
           2           5   1.4019674038597925     
           2           6  0.97079910834392968     
           5           7   1.4019406273678425     
           5           8  0.97279317990061098     
           3           9  0.97175458870254672     
           4           9  0.10189610382449724     
           7           9   1.4952068264066600     
           7          10  0.97080266868435683     
           1          11   1.2430975998411959     
           4          11   1.3735117529333609     
           9          11   1.2430661873373499     
           1          12  0.97175425266355075     
