$hessian                                                                        
        0.4621419050   0.0065471725   0.0371796406  -0.1443541804  -0.0478112243
        0.0371889950  -0.0110859383  -0.0061184725  -0.0003523792  -0.0038927760
       -0.0042034378   0.0309024798  -0.0016433389  -0.0008342119  -0.0038746515
       -0.0039904061  -0.0084939935   0.0133943045  -0.1248421145  -0.0778667519
       -0.0843033467  -0.1030651011   0.0917761011   0.0467988738  -0.0692680496
        0.0470048183  -0.0769339164
        0.0065471725   0.4843966135   0.0414771127  -0.0482169191  -0.0851844124
        0.0173987346  -0.0068938967  -0.0078408728   0.0011825117   0.0006962904
        0.0174083487  -0.0015437825  -0.0004159293  -0.0029587367  -0.0014857611
       -0.0132320673   0.0071761615   0.0051670059  -0.0781310163  -0.1189878194
       -0.0810661288   0.0967210987  -0.1847121771  -0.0823836532   0.0429252672
       -0.1092971053   0.1012539605
        0.0371796406   0.0414771127   0.5057485564   0.0347580625   0.0166627537
       -0.0792009473  -0.0047003308  -0.0020135499   0.0011983222   0.0445524073
        0.0076853687  -0.0525589377  -0.0022810298   0.0002009274   0.0030621282
       -0.0014065922  -0.0053262548   0.0022844087  -0.0851330170  -0.0817139126
       -0.1286293642   0.0468905122  -0.0775340091  -0.0727276739  -0.0698596528
        0.1005615639  -0.1791764924
       -0.1443541804  -0.0482169191   0.0347580625   0.3568549132   0.1067804476
       -0.1206326327  -0.0364906132  -0.0426789790   0.0034393853  -0.0778844388
        0.0027021505   0.0799744640   0.0098453353  -0.0077648405   0.0040385234
       -0.0838839192  -0.0013569826  -0.0237425390  -0.0206494844  -0.0129553977
        0.0087795400  -0.0112816806  -0.0013007568   0.0139076998   0.0078440680
        0.0047912776  -0.0005225034
       -0.0478112243  -0.0851844124   0.0166627537   0.1067804476   0.2722535859
        0.1420564121  -0.0360575731  -0.0057645305  -0.0054884230   0.0077119268
       -0.0867157385  -0.1440452299  -0.0122181997   0.0093195709  -0.0137662213
       -0.0059966380  -0.0963501322  -0.0049057406  -0.0193909171  -0.0088526222
        0.0085849457   0.0176463600   0.0067448717  -0.0106990856  -0.0106641823
       -0.0054505927   0.0116005889
        0.0371889950   0.0173987346  -0.0792009473  -0.1206326327   0.1420564121
        0.8119536432   0.0245839823   0.0105965049  -0.0010158605   0.0952066559
       -0.1322472848  -0.6195379450  -0.0127956074  -0.0270432267  -0.0354572058
       -0.0329132694  -0.0128975900  -0.0565764599  -0.0141677743  -0.0062542374
        0.0111934529   0.0091744532   0.0000451383  -0.0119141753   0.0143551973
        0.0083455490  -0.0194445022
       -0.0110859383  -0.0068938967  -0.0047003308  -0.0364906132  -0.0360575731
        0.0245839823   0.3816149217   0.1945190494  -0.2387878672   0.0032133531
        0.0019478653  -0.0086332922  -0.0154334404  -0.0108644163   0.0477683130
       -0.3191984085  -0.1415033383   0.1794114937  -0.0036976798  -0.0017791346
        0.0011714281   0.0002999626  -0.0001910101  -0.0002308661   0.0007778429
        0.0008224544  -0.0005828607
       -0.0061184725  -0.0078408728  -0.0020135499  -0.0426789790  -0.0057645305
        0.0105965049   0.1945190494   0.1293720784  -0.1067501140   0.0039398951
       -0.0009234170  -0.0018320069  -0.0061798507   0.0174305829   0.0091375245
       -0.1418348984  -0.1307795065   0.0904385621  -0.0022470080  -0.0015753934
        0.0011203267   0.0009598790   0.0002680184  -0.0004532276  -0.0003596149
       -0.0001869595  -0.0002440198
       -0.0003523792   0.0011825117   0.0011983222   0.0034393853  -0.0054884230
       -0.0010158605  -0.2387878672  -0.1067501140   0.2446327912  -0.0030677144
        0.0023488403   0.0098183373   0.0640547511   0.0213166549  -0.0664720098
        0.1749264330   0.0873740830  -0.1879338406   0.0004797771   0.0005950541
        0.0003457597  -0.0007446976  -0.0001637999  -0.0003297048   0.0000523119
       -0.0004148070  -0.0002437946
       -0.0038927760   0.0006962904   0.0445524073  -0.0778844388   0.0077119268
        0.0952066559   0.0032133531   0.0039398951  -0.0030677144   0.0765250262
        0.0013273495  -0.1221395446  -0.0025887595  -0.0018428524  -0.0082527380
        0.0094945982  -0.0114226146  -0.0103616395   0.0025983730   0.0025298330
       -0.0015195266  -0.0032087709  -0.0010104648   0.0017780731  -0.0042566053
       -0.0019293631   0.0038040267
       -0.0042034378   0.0174083487   0.0076853687   0.0027021505  -0.0867157385
       -0.1322472848   0.0019478653  -0.0009234170   0.0023488403   0.0013273495
        0.0694059907   0.1558910225  -0.0017818479  -0.0089457769  -0.0142283848
       -0.0007125175   0.0108112296  -0.0223666848   0.0026122070  -0.0000584478
       -0.0001121388  -0.0026437441  -0.0006178491   0.0030962409   0.0007519749
       -0.0003643396  -0.0000669792
        0.0309024798  -0.0015437825  -0.0525589377   0.0799744640  -0.1440452299
       -0.6195379450  -0.0086332922  -0.0018320069   0.0098183373  -0.1221395446
        0.1558910225   0.7134059542  -0.0063689008  -0.0112388733  -0.0264358156
        0.0185721196  -0.0022543369  -0.0236751835  -0.0010123723  -0.0000741415
        0.0009878846   0.0050049274   0.0030762397  -0.0017055702   0.0037001191
        0.0020211088  -0.0002987241
       -0.0016433389  -0.0004159293  -0.0022810298   0.0098453353  -0.0122181997
       -0.0127956074  -0.0154334404  -0.0061798507   0.0640547511  -0.0025887595
       -0.0017818479  -0.0063689008   0.0909836658   0.0148723850  -0.1246532750
       -0.0819259517   0.0054036125   0.0833667704   0.0005221750   0.0003971908
       -0.0007883724   0.0005357079  -0.0006782578  -0.0000018479  -0.0002953933
        0.0006008972  -0.0005324883
       -0.0008342119  -0.0029587367   0.0002009274  -0.0077648405   0.0093195709
       -0.0270432267  -0.0108644163   0.0174305829   0.0213166549  -0.0018428524
       -0.0089457769  -0.0112388733   0.0148723850   0.0563399056   0.0882748813
        0.0062075805  -0.0705381608  -0.0705206690   0.0004487158  -0.0002434433
       -0.0002880313   0.0001043167  -0.0003907154  -0.0004287646  -0.0003266768
       -0.0000132263  -0.0002728986
       -0.0038746515  -0.0014857611   0.0030621282   0.0040385234  -0.0137662213
       -0.0354572058   0.0477683130   0.0091375245  -0.0664720098  -0.0082527380
       -0.0142283848  -0.0264358156  -0.1246532750   0.0882748813   0.6119550928
        0.0865903122  -0.0669372713  -0.4860481103  -0.0007822646  -0.0002297148
        0.0004759148  -0.0010014241   0.0005153417  -0.0007581790   0.0001672045
       -0.0012803943  -0.0003218153
       -0.0039904061  -0.0132320673  -0.0014065922  -0.0838839192  -0.0059966380
       -0.0329132694  -0.3191984085  -0.1418348984   0.1749264330   0.0094945982
       -0.0007125175   0.0185721196  -0.0819259517   0.0062075805   0.0865903122
        0.4800392987   0.1578695823  -0.2483038335   0.0009874331  -0.0008508605
        0.0015470421   0.0001255480   0.0004089251  -0.0002233048  -0.0016481926
       -0.0018591063   0.0012110930
       -0.0084939935   0.0071761615  -0.0053262548  -0.0013569826  -0.0963501322
       -0.0128975900  -0.1415033383  -0.1307795065   0.0873740830  -0.0114226146
        0.0108112296  -0.0022543369   0.0054036125  -0.0705381608  -0.0669372713
        0.1578695823   0.2764501265  -0.0003463151   0.0002833066   0.0025527170
       -0.0005324634  -0.0021892365  -0.0006380722   0.0011970399   0.0014096641
        0.0013156371  -0.0002768914
        0.0133943045   0.0051670059   0.0022844087  -0.0237425390  -0.0049057406
       -0.0565764599   0.1794114937   0.0904385621  -0.1879338406  -0.0103616395
       -0.0223666848  -0.0236751835   0.0833667704  -0.0705206690  -0.4860481103
       -0.2483038335  -0.0003463151   0.7527552782   0.0044524354   0.0013041196
       -0.0025853376   0.0023019125  -0.0000494937   0.0009416516  -0.0005189045
        0.0012792156   0.0008375936
       -0.1248421145  -0.0781310163  -0.0851330170  -0.0206494844  -0.0193909171
       -0.0141677743  -0.0036976798  -0.0022470080   0.0004797771   0.0025983730
        0.0026122070  -0.0010123723   0.0005221750   0.0004487158  -0.0007822646
        0.0009874331   0.0002833066   0.0044524354   0.1439814257   0.0946029282
        0.0974835363   0.0086145444   0.0078445681   0.0080082014  -0.0075146724
       -0.0060227845  -0.0093285221
       -0.0778667519  -0.1189878194  -0.0817139126  -0.0129553977  -0.0088526222
       -0.0062542374  -0.0017791346  -0.0015753934   0.0005950541   0.0025298330
       -0.0000584478  -0.0000741415   0.0003971908  -0.0002434433  -0.0002297148
       -0.0008508605   0.0025527170   0.0013041196   0.0946029282   0.1339291253
        0.0933214458  -0.0130984738  -0.0153954922  -0.0158695644   0.0090206666
        0.0086313759   0.0089209513
       -0.0843033467  -0.0810661288  -0.1286293642   0.0087795400   0.0085849457
        0.0111934529   0.0011714281   0.0011203267   0.0003457597  -0.0015195266
       -0.0001121388   0.0009878846  -0.0007883724  -0.0002880313   0.0004759148
        0.0015470421  -0.0005324634  -0.0025853376   0.0974835363   0.0933214458
        0.1424261180  -0.0070295595  -0.0085400623  -0.0081526812  -0.0153407413
       -0.0124878935  -0.0160617470
       -0.1030651011   0.0967210987   0.0468905122  -0.0112816806   0.0176463600
        0.0091744532   0.0002999626   0.0009598790  -0.0007446976  -0.0032087709
       -0.0026437441   0.0050049274   0.0005357079   0.0001043167  -0.0010014241
        0.0001255480  -0.0021892365   0.0023019125   0.0086145444  -0.0130984738
       -0.0070295595   0.1142719299  -0.1102967919  -0.0569819632  -0.0062921402
        0.0127965920   0.0023858391
        0.0917761011  -0.1847121771  -0.0775340091  -0.0013007568   0.0067448717
        0.0000451383  -0.0001910101   0.0002680184  -0.0001637999  -0.0010104648
       -0.0006178491   0.0030762397  -0.0006782578  -0.0003907154   0.0005153417
        0.0004089251  -0.0006380722  -0.0000494937   0.0078445681  -0.0153954922
       -0.0085400623  -0.1102967919   0.2123371515   0.0874114895   0.0134476871
       -0.0175957355  -0.0047608441
        0.0467988738  -0.0823836532  -0.0727276739   0.0139076998  -0.0106990856
       -0.0119141753  -0.0002308661  -0.0004532276  -0.0003297048   0.0017780731
        0.0030962409  -0.0017055702  -0.0000018479  -0.0004287646  -0.0007581790
       -0.0002233048   0.0011970399   0.0009416516   0.0080082014  -0.0158695644
       -0.0081526812  -0.0569819632   0.0874114895   0.0863935241  -0.0130548663
        0.0181295252   0.0082528086
       -0.0692680496   0.0429252672  -0.0698596528   0.0078440680  -0.0106641823
        0.0143551973   0.0007778429  -0.0003596149   0.0000523119  -0.0042566053
        0.0007519749   0.0037001191  -0.0002953933  -0.0003266768   0.0001672045
       -0.0016481926   0.0014096641  -0.0005189045  -0.0075146724   0.0090206666
       -0.0153407413  -0.0062921402   0.0134476871  -0.0130548663   0.0806531426
       -0.0562047857   0.0804993322
        0.0470048183  -0.1092971053   0.1005615639   0.0047912776  -0.0054505927
        0.0083455490   0.0008224544  -0.0001869595  -0.0004148070  -0.0019293631
       -0.0003643396   0.0020211088   0.0006008972  -0.0000132263  -0.0012803943
       -0.0018591063   0.0013156371   0.0012792156  -0.0060227845   0.0086313759
       -0.0124878935   0.0127965920  -0.0175957355   0.0181295252  -0.0562047857
        0.1229609460  -0.1161538677
       -0.0769339164   0.1012539605  -0.1791764924  -0.0005225034   0.0116005889
       -0.0194445022  -0.0005828607  -0.0002440198  -0.0002437946   0.0038040267
       -0.0000669792  -0.0002987241  -0.0005324883  -0.0002728986  -0.0003218153
        0.0012110930  -0.0002768914   0.0008375936  -0.0093285221   0.0089209513
       -0.0160617470   0.0023858391  -0.0047608441   0.0082528086   0.0804993322
       -0.1161538677   0.2064566733
