$hessian                                                                        
        0.5086557870   0.0447287458  -0.0135671825  -0.0757152186   0.0278063219
       -0.0131703567   0.0072647410  -0.0296025354   0.0089996660   0.0001997164
        0.0013781573  -0.0003615709  -0.0148215266   0.0205681675  -0.0024434827
       -0.0056093454   0.0119978430  -0.0078102766  -0.0037946358   0.0026931787
        0.0027881128   0.0008425969  -0.0000749248  -0.0007352816  -0.0744087409
       -0.0110985890  -0.0777958854  -0.1704403028  -0.1166701587  -0.0017195759
       -0.1721730712   0.0482737937   0.1058158336
        0.0447287458   0.4171103774   0.0369566473   0.0322310612  -0.1023248672
        0.0178429145  -0.0168156901  -0.0498146246   0.0124327380  -0.0001384813
        0.0005201028   0.0003992442   0.0141076236  -0.0154018832   0.0000487443
        0.0043557909  -0.0014545923   0.0042904588   0.0017596902  -0.0007648302
       -0.0013110675  -0.0007544595   0.0001326565   0.0007578526  -0.0120804107
       -0.0455867922  -0.0274286660  -0.1144693036  -0.1418641766  -0.0027504990
        0.0470754335  -0.0605513704  -0.0412383672
       -0.0135671825   0.0369566473   0.4967181135  -0.0134282468   0.0160808266
       -0.0699785628   0.0060183274   0.0098953555   0.0054758399  -0.0001407953
       -0.0005631539   0.0002452904   0.0079874430  -0.0124783634   0.0023146888
       -0.0172844259   0.0244920162  -0.0178540204   0.0035215074  -0.0024100383
       -0.0012449818   0.0009381698  -0.0009731437   0.0011465547  -0.0784585680
       -0.0246320750  -0.2431576774  -0.0026948576  -0.0035776293  -0.0425084308
        0.1071086287  -0.0427904420  -0.1311568141
       -0.0757152186   0.0322310612  -0.0134282468   0.3824414200   0.0144619602
       -0.0250624301  -0.1553895970  -0.0874579236   0.0046047934  -0.0145699216
        0.0012202483   0.0103301325  -0.0888519563   0.0192076240   0.0255476899
       -0.0363083047   0.0061720517   0.0008943964  -0.0094530268   0.0057821847
        0.0068029088   0.0074807784  -0.0020217625  -0.0052477646  -0.0040141829
        0.0098376827  -0.0064831602   0.0039600001  -0.0204438776   0.0066465530
       -0.0095799906   0.0210107510  -0.0046048722
        0.0278063219  -0.1023248672   0.0160808266   0.0144619602   0.3926046908
       -0.0197163563  -0.0915117684  -0.1549185607   0.0063485935  -0.0168378066
        0.0021394744   0.0115168697   0.0228988112  -0.0693484666  -0.0196651718
        0.0108359556  -0.0364983409   0.0152308190   0.0213499154  -0.0096409672
       -0.0139597512   0.0030236422  -0.0004663926  -0.0041687850   0.0000958619
        0.0026800192   0.0009319772   0.0022641716  -0.0152528368   0.0054108595
        0.0056129351  -0.0089737524   0.0019901188
       -0.0131703567   0.0178429145  -0.0699785628  -0.0250624301  -0.0197163563
        0.3564182567   0.0210039141   0.0220858391  -0.0732648252  -0.0025387482
        0.0007910363   0.0017819378   0.0283588984  -0.0184931574  -0.0898206455
       -0.0177278458  -0.0026678690  -0.1012257172  -0.0060824523   0.0026452068
        0.0050007444   0.0175998688  -0.0072609305  -0.0211713860  -0.0105311928
        0.0220792679  -0.0128467553   0.0006701735  -0.0019184315   0.0006467640
        0.0074801712  -0.0153875199   0.0044601890
        0.0072647410  -0.0168156901   0.0060183274  -0.1553895970  -0.0915117684
        0.0210039141   0.2313015627   0.1691029691  -0.0167293450  -0.0093365856
        0.0005137371   0.0059893483  -0.0441113494  -0.0276291642   0.0159552818
       -0.0360106593  -0.0325540819  -0.0304745235   0.0019940108  -0.0004774747
       -0.0017732332   0.0017572849  -0.0000948202  -0.0003538473   0.0000885122
       -0.0000727573   0.0014580720   0.0015670694   0.0006135485  -0.0001174303
        0.0008750102  -0.0010744979  -0.0009765643
       -0.0296025354  -0.0498146246   0.0098953555  -0.0874579236  -0.1549185607
        0.0220858391   0.1691029691   0.2256860154  -0.0152750355  -0.0001666323
        0.0014423253   0.0003518111  -0.0169789261   0.0039340003   0.0100345408
       -0.0344104728  -0.0199129883  -0.0296571487  -0.0011458094   0.0011552906
       -0.0004056599   0.0005220081  -0.0004067019   0.0008820120  -0.0002781972
        0.0022203420  -0.0003624903   0.0011709620  -0.0119036272   0.0034737794
       -0.0007554425   0.0025185292  -0.0010230034
        0.0089996660   0.0124327380   0.0054758399   0.0046047934   0.0063485935
       -0.0732648252  -0.0167293450  -0.0152750355   0.0563669996   0.0062673480
        0.0004616465  -0.0027449518   0.0216517945   0.0158096812   0.0030503439
       -0.0231015457  -0.0225802958   0.0073626935  -0.0009366408   0.0000621612
        0.0002644735  -0.0014506734   0.0004877174   0.0023947836   0.0009084227
       -0.0015260232   0.0014314216   0.0001571466   0.0038722353  -0.0003168438
       -0.0003709664  -0.0000934186  -0.0000199348
        0.0001997164  -0.0001384813  -0.0001407953  -0.0145699216  -0.0168378066
       -0.0025387482  -0.0093365856  -0.0001666323   0.0062673480   0.1797795748
        0.1363574382   0.0052691840  -0.1536633446  -0.1166750949  -0.0066562666
        0.0009844720   0.0001559229   0.0004146700   0.0072970191   0.0071399506
        0.0001826577  -0.0107957866  -0.0108281987  -0.0028132888  -0.0001571823
       -0.0001078322  -0.0001156140  -0.0000533254   0.0012652154   0.0002252657
        0.0003153636  -0.0001644811  -0.0000944125
        0.0013781573   0.0005201028  -0.0005631539   0.0012202483   0.0021394744
        0.0007910363   0.0005137371   0.0014423253   0.0004616465   0.1363574382
        0.1861242126   0.0043509339  -0.1150656876  -0.1593940359  -0.0045805564
        0.0004282718   0.0002868919   0.0007272146  -0.0207622056  -0.0262989120
        0.0003345840  -0.0044772795  -0.0045051541  -0.0013311698  -0.0001535820
       -0.0001268111  -0.0000061022   0.0005470457  -0.0000910124  -0.0001956973
        0.0000138563  -0.0000970816   0.0000112643
       -0.0003615709   0.0003992442   0.0002452904   0.0103301325   0.0115168697
        0.0017819378   0.0059893483   0.0003518111  -0.0027449518   0.0052691840
        0.0043509339   0.0463277284  -0.0053011567  -0.0031621507  -0.0417743871
       -0.0000428591   0.0004020965  -0.0003969978   0.0071198113   0.0090291052
       -0.0000143044  -0.0228431412  -0.0227697700  -0.0033832521  -0.0001145351
       -0.0000972385  -0.0001616902   0.0000228894  -0.0001749071   0.0002318261
       -0.0000681024   0.0001540055  -0.0001111994
       -0.0148215266   0.0141076236   0.0079874430  -0.0888519563   0.0228988112
        0.0283588984  -0.0441113494  -0.0169789261   0.0216517945  -0.1536633446
       -0.1150656876  -0.0053011567   0.4448420907   0.0313868751   0.0586721348
        0.0049241949  -0.0001728913  -0.0020818573  -0.0744224891   0.0737490168
       -0.0293869075  -0.0732925215  -0.0115477982  -0.0805279844   0.0001041035
       -0.0006701357   0.0008265521   0.0005388434  -0.0002763110   0.0002517010
       -0.0012460451   0.0025694233  -0.0004506179
        0.0205681675  -0.0154018832  -0.0124783634   0.0192076240  -0.0693484666
       -0.0184931574  -0.0276291642   0.0039340003   0.0158096812  -0.1166750949
       -0.1593940359  -0.0031621507   0.0313868751   0.5137466633  -0.0178814189
        0.0045153163  -0.0004027179  -0.0046087098   0.0749117158  -0.2220313047
        0.0663004410  -0.0111405819  -0.0470329464  -0.0249033441  -0.0000295750
        0.0008275429  -0.0008371110   0.0013488120   0.0003103785  -0.0006933810
        0.0035359053  -0.0052072301   0.0009475141
       -0.0024434827   0.0000487443   0.0023146888   0.0255476899  -0.0196651718
       -0.0898206455   0.0159552818   0.0100345408   0.0030503439  -0.0066562666
       -0.0045805564  -0.0417743871   0.0586721348  -0.0178814189   0.4636876623
        0.0193333588  -0.0133879956  -0.0295094163  -0.0305792391   0.0679671730
       -0.0671611788  -0.0775742010  -0.0254999467  -0.2428077283  -0.0006822382
        0.0010715724   0.0012239477  -0.0003031015  -0.0000516913   0.0001228613
       -0.0012699362   0.0019447502   0.0006738520
       -0.0056093454   0.0043557909  -0.0172844259  -0.0363083047   0.0108359556
       -0.0177278458  -0.0360106593  -0.0344104728  -0.0231015457   0.0009844720
        0.0004282718  -0.0000428591   0.0049241949   0.0045153163   0.0193333588
        0.0750629660   0.0101856999   0.0369377938   0.0004138419  -0.0005850129
        0.0000291860  -0.0023067369   0.0013994513   0.0039469149  -0.0013661461
        0.0034568467  -0.0020855022   0.0005587771   0.0002306835   0.0002347414
       -0.0003430594  -0.0004125302  -0.0002398162
        0.0119978430  -0.0014545923   0.0244920162   0.0061720517  -0.0364983409
       -0.0026678690  -0.0325540819  -0.0199129883  -0.0225802958   0.0001559229
        0.0002868919   0.0004020965  -0.0001728913  -0.0004027179  -0.0133879956
        0.0101856999   0.0616912226   0.0124274203  -0.0003420793  -0.0001359041
       -0.0003583624   0.0018378803  -0.0003879496  -0.0022090665   0.0028762733
       -0.0046271748   0.0035457816   0.0003091926   0.0008269134   0.0001982709
       -0.0004658113   0.0006146400   0.0001380036
       -0.0078102766   0.0042904588  -0.0178540204   0.0008943964   0.0152308190
       -0.1012257172  -0.0304745235  -0.0296571487   0.0073626935   0.0004146700
        0.0007272146  -0.0003969978  -0.0020818573  -0.0046087098  -0.0295094163
        0.0369377938   0.0124274203   0.1482004365  -0.0006935790  -0.0003330896
        0.0006538643   0.0047588823  -0.0023332700  -0.0053511819  -0.0022908726
        0.0042107168  -0.0020362564   0.0006098557   0.0006790156  -0.0004945067
       -0.0002644891  -0.0006334270   0.0006511024
       -0.0037946358   0.0017596902   0.0035215074  -0.0094530268   0.0213499154
       -0.0060824523   0.0019940108  -0.0011458094  -0.0009366408   0.0072970191
       -0.0207622056   0.0071198113  -0.0744224891   0.0749117158  -0.0305792391
        0.0004138419  -0.0003420793  -0.0006935790   0.0843867027  -0.0890121938
        0.0345106760  -0.0056784405   0.0120051572  -0.0070369103   0.0001420975
       -0.0002354620   0.0002299339  -0.0000708473  -0.0001705681   0.0000904103
       -0.0008142325   0.0016418396  -0.0001435173
        0.0026931787  -0.0007648302  -0.0024100383   0.0057821847  -0.0096409672
        0.0026452068  -0.0004774747   0.0011552906   0.0000621612   0.0071399506
       -0.0262989120   0.0090291052   0.0737490168  -0.2220313047   0.0679671730
       -0.0005850129  -0.0001359041  -0.0003330896  -0.0890121938   0.2572995951
       -0.0781032970   0.0001909706   0.0008205215   0.0012716727  -0.0002364285
        0.0001405351  -0.0002329490   0.0000082980   0.0003268456   0.0000302548
        0.0007475105  -0.0008708698   0.0000738002
        0.0027881128  -0.0013110675  -0.0012449818   0.0068029088  -0.0139597512
        0.0050007444  -0.0017732332  -0.0004056599   0.0002644735   0.0001826577
        0.0003345840  -0.0000143044  -0.0293869075   0.0663004410  -0.0671611788
        0.0000291860  -0.0003583624   0.0006538643   0.0345106760  -0.0781032970
        0.0771649277  -0.0138651537   0.0283501459  -0.0147853103   0.0001493035
       -0.0000169509  -0.0000519144  -0.0000043772   0.0000578057  -0.0001580720
        0.0005668269  -0.0008878878   0.0003317517
        0.0008425969  -0.0007544595   0.0009381698   0.0074807784   0.0030236422
        0.0175998688   0.0017572849   0.0005220081  -0.0014506734  -0.0107957866
       -0.0044772795  -0.0228431412  -0.0732925215  -0.0111405819  -0.0775742010
       -0.0023067369   0.0018378803   0.0047588823  -0.0056784405   0.0001909706
       -0.0138651537   0.0822223366   0.0108984501   0.0926701348  -0.0001191563
        0.0001559316  -0.0000306433  -0.0001715959  -0.0001009765  -0.0001280406
        0.0000612410  -0.0001555856  -0.0000752025
       -0.0000749248   0.0001326565  -0.0009731437  -0.0020217625  -0.0004663926
       -0.0072609305  -0.0000948202  -0.0004067019   0.0004877174  -0.0108281987
       -0.0045051541  -0.0227697700  -0.0115477982  -0.0470329464  -0.0254999467
        0.0013994513  -0.0003879496  -0.0023332700   0.0120051572   0.0008205215
        0.0283501459   0.0108984501   0.0520935002   0.0297206559   0.0005535538
       -0.0001932795   0.0001290165  -0.0001676512  -0.0001021373  -0.0000563278
       -0.0001214567   0.0000478832   0.0002058530
       -0.0007352816   0.0007578526   0.0011465547  -0.0052477646  -0.0041687850
       -0.0211713860  -0.0003538473   0.0008820120   0.0023947836  -0.0028132888
       -0.0013311698  -0.0033832521  -0.0805279844  -0.0249033441  -0.2428077283
        0.0039469149  -0.0022090665  -0.0053511819  -0.0070369103   0.0012716727
       -0.0147853103   0.0926701348   0.0297206559   0.2835364353   0.0004387967
       -0.0002424750   0.0004531828  -0.0000603259  -0.0000866629  -0.0001720359
       -0.0002804434   0.0003093102   0.0001399381
       -0.0744087409  -0.0120804107  -0.0784585680  -0.0040141829   0.0000958619
       -0.0105311928   0.0000885122  -0.0002781972   0.0009084227  -0.0001571823
       -0.0001535820  -0.0001145351   0.0001041035  -0.0000295750  -0.0006822382
       -0.0013661461   0.0028762733  -0.0022908726   0.0001420975  -0.0002364285
        0.0001493035  -0.0001191563   0.0005535538   0.0004387967   0.0840160240
        0.0111371860   0.0916370049  -0.0115508607  -0.0053929449  -0.0245658962
        0.0072655322   0.0035082633   0.0235097751
       -0.0110985890  -0.0455867922  -0.0246320750   0.0098376827   0.0026800192
        0.0220792679  -0.0000727573   0.0022203420  -0.0015260232  -0.0001078322
       -0.0001268111  -0.0000972385  -0.0006701357   0.0008275429   0.0010715724
        0.0034568467  -0.0046271748   0.0042107168  -0.0002354620   0.0001405351
       -0.0000169509   0.0001559316  -0.0001932795  -0.0002424750   0.0111371860
        0.0499633043   0.0305224227  -0.0095898728  -0.0040636210  -0.0211003483
       -0.0028129979  -0.0012340649  -0.0102688689
       -0.0777958854  -0.0274286660  -0.2431576774  -0.0064831602   0.0009319772
       -0.0128467553   0.0014580720  -0.0003624903   0.0014314216  -0.0001156140
       -0.0000061022  -0.0001616902   0.0008265521  -0.0008371110   0.0012239477
       -0.0020855022   0.0035457816  -0.0020362564   0.0002299339  -0.0002329490
       -0.0000519144  -0.0000306433   0.0001290165   0.0004531828   0.0916370049
        0.0305224227   0.2838726528  -0.0020408240  -0.0016810892  -0.0030719009
       -0.0055999339  -0.0045807901  -0.0256550104
       -0.1704403028  -0.1144693036  -0.0026948576   0.0039600001   0.0022641716
        0.0006701735   0.0015670694   0.0011709620   0.0001571466  -0.0000533254
        0.0005470457   0.0000228894   0.0005388434   0.0013488120  -0.0003031015
        0.0005587771   0.0003091926   0.0006098557  -0.0000708473   0.0000082980
       -0.0000043772  -0.0001715959  -0.0001676512  -0.0000603259  -0.0115508607
       -0.0095898728  -0.0020408240   0.1989019864   0.1357923614   0.0019140079
       -0.0232397444  -0.0172140156   0.0017294131
       -0.1166701587  -0.1418641766  -0.0035776293  -0.0204438776  -0.0152528368
       -0.0019184315   0.0006135485  -0.0119036272   0.0038722353   0.0012652154
       -0.0000910124  -0.0001749071  -0.0002763110   0.0003103785  -0.0000516913
        0.0002306835   0.0008269134   0.0006790156  -0.0001705681   0.0003268456
        0.0000578057  -0.0001009765  -0.0001021373  -0.0000866629  -0.0053929449
       -0.0040636210  -0.0016810892   0.1357923614   0.1665733795   0.0026147205
        0.0051530281   0.0052398944   0.0002666342
       -0.0017195759  -0.0027504990  -0.0425084308   0.0066465530   0.0054108595
        0.0006467640  -0.0001174303   0.0034737794  -0.0003168438   0.0002252657
       -0.0001956973   0.0002318261   0.0002517010  -0.0006933810   0.0001228613
        0.0002347414   0.0001982709  -0.0004945067   0.0000904103   0.0000302548
       -0.0001580720  -0.0001280406  -0.0000563278  -0.0001720359  -0.0245658962
       -0.0211003483  -0.0030719009   0.0019140079   0.0026147205   0.0467055292
        0.0171682636   0.0130683683  -0.0009851905
       -0.1721730712   0.0470754335   0.1071086287  -0.0095799906   0.0056129351
        0.0074801712   0.0008750102  -0.0007554425  -0.0003709664   0.0003153636
        0.0000138563  -0.0000681024  -0.0012460451   0.0035359053  -0.0012699362
       -0.0003430594  -0.0004658113  -0.0002644891  -0.0008142325   0.0007475105
        0.0005668269   0.0000612410  -0.0001214567  -0.0002804434   0.0072655322
       -0.0028129979  -0.0055999339  -0.0232397444   0.0051530281   0.0171682636
        0.1988789963  -0.0579829605  -0.1244700189
        0.0482737937  -0.0605513704  -0.0427904420   0.0210107510  -0.0089737524
       -0.0153875199  -0.0010744979   0.0025185292  -0.0000934186  -0.0001644811
       -0.0000970816   0.0001540055   0.0025694233  -0.0052072301   0.0019447502
       -0.0004125302   0.0006146400  -0.0006334270   0.0016418396  -0.0008708698
       -0.0008878878  -0.0001555856   0.0000478832   0.0003093102   0.0035082633
       -0.0012340649  -0.0045807901  -0.0172140156   0.0052398944   0.0130683683
       -0.0579829605   0.0685134224   0.0488970513
        0.1058158336  -0.0412383672  -0.1311568141  -0.0046048722   0.0019901188
        0.0044601890  -0.0009765643  -0.0010230034  -0.0000199348  -0.0000944125
        0.0000112643  -0.0001111994  -0.0004506179   0.0009475141   0.0006738520
       -0.0002398162   0.0001380036   0.0006511024  -0.0001435173   0.0000738002
        0.0003317517  -0.0000752025   0.0002058530   0.0001399381   0.0235097751
       -0.0102688689  -0.0256550104   0.0017294131   0.0002666342  -0.0009851905
       -0.1244700189   0.0488970513   0.1516713160
