$hessian                                                                        
        0.0392160410   0.1961240189   0.0091892606  -0.0392160411  -0.1961240190
       -0.0091892606
        0.1961240189   0.9802999940   0.0459322065  -0.1961240189  -0.9802999940
       -0.0459322065
        0.0091892606   0.0459322065   0.0021326449  -0.0091892606  -0.0459322066
       -0.0021326450
       -0.0392160411  -0.1961240189  -0.0091892606   0.0392160411   0.1961240189
        0.0091892606
       -0.1961240190  -0.9802999940  -0.0459322066   0.1961240189   0.9802999940
        0.0459322066
       -0.0091892606  -0.0459322065  -0.0021326450   0.0091892606   0.0459322066
        0.0021326451
