$hessian                                                                        
        0.5830157435  -0.3267762082  -0.0000004506  -0.0976913451   0.1137653150
        0.0000008799  -0.4389961798   0.2128458935  -0.0000005329  -0.0463282186
        0.0001649996   0.0000001036
       -0.3267762082   0.8527940472   0.0000041752   0.0719719547  -0.5738228447
       -0.0000043356   0.2546375447  -0.2325035820   0.0000001196   0.0001667088
       -0.0464676205   0.0000000408
       -0.0000004506   0.0000041752   0.1825136810   0.0000004702  -0.0000040765
       -0.0641105188  -0.0000000907  -0.0000001725  -0.0641105108   0.0000000710
        0.0000000739  -0.0542926513
       -0.0976913451   0.0719719547   0.0000004702   0.1009497983  -0.1066548905
       -0.0000004792  -0.0099842930   0.0673861995   0.0000004038   0.0067258399
       -0.0327032637  -0.0000003948
        0.1137653150  -0.5738228447  -0.0000040765  -0.1066548905   0.6923060179
        0.0000055519   0.0273108948  -0.0490684774  -0.0000004549  -0.0344213193
       -0.0694146958  -0.0000010206
        0.0000008799  -0.0000043356  -0.0641105188  -0.0000004792   0.0000055519
        0.0225197290   0.0000000040  -0.0000001877   0.0225197261  -0.0000004047
       -0.0000010286   0.0190710637
       -0.4389961798   0.2546375447  -0.0000000907  -0.0099842930   0.0273108948
        0.0000000040   0.5309844436  -0.2841544224   0.0000007645  -0.0820039708
        0.0022059830  -0.0000006778
        0.2128458935  -0.2325035820  -0.0000001725   0.0673861995  -0.0490684774
       -0.0000001877  -0.2841544224   0.2622586214   0.0000003199   0.0039223294
        0.0193134380   0.0000000403
       -0.0000005329   0.0000001196  -0.0641105108   0.0000004038  -0.0000004549
        0.0225197261   0.0000007645   0.0000003199   0.0225197233  -0.0000006353
        0.0000000153   0.0190710614
       -0.0463282186   0.0001667088   0.0000000710   0.0067258399  -0.0344213193
       -0.0000004047  -0.0820039708   0.0039223294  -0.0000006353   0.1216063495
        0.0303322811   0.0000009690
        0.0001649996  -0.0464676205   0.0000000739  -0.0327032637  -0.0694146958
       -0.0000010286   0.0022059830   0.0193134380   0.0000000153   0.0303322811
        0.0965688783   0.0000009394
        0.0000001036   0.0000000408  -0.0542926513  -0.0000003948  -0.0000010206
        0.0190710637  -0.0000006778   0.0000000403   0.0190710614   0.0000009690
        0.0000009394   0.0161505262
