$hessian                                                                        
        0.5185985274   0.2330867257  -0.1450314580  -0.0819253557  -0.0179539739
        0.0073547967  -0.0042958842  -0.0048194019   0.0034519597  -0.0059907260
       -0.0017530216   0.0057769500   0.0282386044   0.0135672941  -0.0152214563
       -0.0210906354   0.0051542241   0.0515626798  -0.0182910404   0.0038385817
        0.0295169511  -0.0000935896  -0.0000634089   0.0009471189  -0.0381117459
       -0.0439505206  -0.0305033319   0.0002456263   0.0003360190   0.0006726714
       -0.2476050931  -0.0762455700   0.1484169733  -0.1299536939  -0.1054156476
       -0.0557959417   0.0002750060  -0.0057813001  -0.0011479128
        0.2330867257   0.3379171443   0.1276927204   0.0087776880  -0.0929941742
       -0.0856272494  -0.0032924511   0.0004122287  -0.0034764232   0.0083362443
        0.0033206124  -0.0064379571  -0.0027093698  -0.0145768604  -0.0201390500
       -0.0049811655   0.0125111570   0.0103311842   0.0000607711  -0.0001526746
        0.0022980985  -0.0012985653  -0.0000758223   0.0002995484  -0.0232400955
       -0.0160348753   0.0046922479   0.0003028274   0.0007484256   0.0004531186
       -0.1045240617  -0.0857250311   0.0455503931  -0.1052161728  -0.1463051560
       -0.0713152678  -0.0053023748   0.0009550259  -0.0043213637
       -0.1450314580   0.1276927204   0.5199880413   0.0557719838  -0.0498355167
       -0.2169117696   0.0061689797  -0.0014673733  -0.0061061668   0.0240832136
        0.0070926184  -0.0186829930  -0.0447220949  -0.0419263252  -0.0175340540
        0.0331794959  -0.0032487725  -0.0396923820   0.0226787737  -0.0027525655
       -0.0367958557  -0.0012785940  -0.0013579586  -0.0000041290   0.0070457033
        0.0324190469   0.0478445343   0.0005872904   0.0004133885   0.0001773934
        0.0971702569   0.0076740188  -0.1497916737  -0.0553966867  -0.0710224993
       -0.0834548090  -0.0002568635  -0.0036807818   0.0009638638
       -0.0819253557   0.0087776880   0.0557719838   0.5295324523   0.2001090073
       -0.1497329330   0.0143641390   0.0057492198  -0.0090915404   0.0001818094
       -0.0049997095   0.0023323649  -0.1360435025  -0.0944822543  -0.0587110938
       -0.2815401423  -0.0925655361   0.1417400887  -0.0371694457  -0.0186554577
        0.0099127318  -0.0010791841  -0.0008948723   0.0004327874  -0.0142593185
       -0.0096373787  -0.0054541865   0.0023703132  -0.0022799409   0.0040754430
       -0.0006330678   0.0151683887   0.0226890288   0.0014880281  -0.0114918477
       -0.0199839863   0.0047132746   0.0052026932   0.0060193116
       -0.0179539739  -0.0929941742  -0.0498355167   0.2001090073   0.3477175645
        0.0960205359   0.0060591913   0.0024869188  -0.0032431158  -0.0052830394
        0.0043400327  -0.0007998385  -0.0678437690  -0.1448883091  -0.0775524293
       -0.0925452404  -0.0916375102   0.0489351719  -0.0368292730  -0.0127974918
        0.0341727170  -0.0005955056   0.0001049440   0.0002945637  -0.0102562400
       -0.0256534488  -0.0230745738  -0.0019372313   0.0062425627  -0.0015609498
        0.0333456805   0.0227116008   0.0040255030   0.0006862912  -0.0093295204
       -0.0215785551  -0.0069558977  -0.0063031689  -0.0058035126
        0.0073547967  -0.0856272494  -0.2169117696  -0.1497329330   0.0960205359
        0.5207587986  -0.0084387120  -0.0027993783   0.0060770675   0.0018318305
       -0.0011837575   0.0041011119  -0.0103735788  -0.0418421359  -0.1139194815
        0.1417951205   0.0489792699  -0.1511535873  -0.0228846837   0.0098738794
        0.0441019674   0.0009231950   0.0006667750   0.0003301641  -0.0067203812
       -0.0239678355  -0.0397555225   0.0046918674  -0.0010865565   0.0002863189
        0.0556548465   0.0284026805  -0.0272251717   0.0020354954  -0.0052889515
       -0.0102342022  -0.0161368633  -0.0221472763  -0.0164556937
       -0.0042958842  -0.0032924511   0.0061689797   0.0143641390   0.0060591913
       -0.0084387120   0.3220013865   0.2121594373  -0.0214411385   0.0006986508
        0.0017934517  -0.0014519637  -0.0062165329  -0.0067133004   0.0036170946
       -0.0127042754  -0.0045015089   0.0075163365  -0.0125780741  -0.0063172925
        0.0069188594  -0.1118723362  -0.1405209702  -0.1077140143  -0.1656169633
       -0.0468059322   0.1019455712   0.0020600106   0.0014226934  -0.0022651810
       -0.0228202238  -0.0112500043   0.0126627249  -0.0018904589  -0.0018331060
        0.0000623457  -0.0011294381  -0.0002002081   0.0024190975
       -0.0048194019   0.0004122287  -0.0014673733   0.0057492198   0.0024869188
       -0.0027993783   0.2121594373   0.2570885507   0.1435070776   0.0022030843
       -0.0007219544   0.0009870185  -0.0056862946  -0.0000430392  -0.0025174061
       -0.0042903440  -0.0023124995   0.0031601515   0.0090418358   0.0032517824
       -0.0080838032  -0.1301381543  -0.1919612271  -0.1665958276  -0.0591084101
       -0.0588608841   0.0203147297   0.0023288341   0.0000992848  -0.0000091080
       -0.0253173917  -0.0094336971   0.0136455353  -0.0017909934  -0.0006882249
       -0.0000177870  -0.0003314212   0.0006827609  -0.0001238290
        0.0034519597  -0.0034764232  -0.0061061668  -0.0090915404  -0.0032431158
        0.0060770675  -0.0214411385   0.1435070776   0.3074138451  -0.0007548533
        0.0014919735   0.0008095785   0.0054832816  -0.0011499844  -0.0038895002
        0.0080031629   0.0034990069  -0.0052486320   0.0346185754   0.0124822768
       -0.0227965728  -0.0890066527  -0.1526680598  -0.1589434337   0.0798614203
        0.0038741173  -0.1262517284  -0.0006084433   0.0011973233   0.0013729471
       -0.0128812360  -0.0052778761   0.0095080253   0.0001322850   0.0000053243
        0.0005173655   0.0022331794  -0.0002416403  -0.0024627950
       -0.0059907260   0.0083362443   0.0240832136   0.0001818094  -0.0052830394
        0.0018318305   0.0006986508   0.0022030843  -0.0007548533   0.0536690079
       -0.0078971088  -0.0554120715  -0.0001493822  -0.0002169606   0.0001411340
       -0.0017295893   0.0003868429   0.0020741443  -0.0000212868  -0.0049656384
       -0.0001252990   0.0001062975   0.0000896321   0.0001151349   0.0037327054
       -0.0069613043  -0.0161651522   0.0000014582  -0.0004763578  -0.0010125213
       -0.0495956662   0.0120539627   0.0459945917  -0.0003765540   0.0020139817
       -0.0005050989  -0.0005267247   0.0007166614  -0.0002650526
       -0.0017530216   0.0033206124   0.0070926184  -0.0049997095   0.0043400327
       -0.0011837575   0.0017934517  -0.0007219544   0.0014919735  -0.0078971088
        0.0723302375   0.0999087285  -0.0002997355   0.0003172450   0.0005187169
        0.0005587098  -0.0001131529   0.0003048351  -0.0054358142   0.0008573453
       -0.0031280799   0.0003896445   0.0005353821   0.0002817994   0.0042240867
       -0.0079463297  -0.0219741107  -0.0001031999  -0.0009424671  -0.0013333587
        0.0112422587  -0.0697488347  -0.0842395863   0.0015940158  -0.0012748690
        0.0018676667   0.0006864223  -0.0009532470   0.0003925546
        0.0057769500  -0.0064379571  -0.0186829930   0.0023323649  -0.0007998385
        0.0041011119  -0.0014519637   0.0009870185   0.0008095785  -0.0554120715
        0.0999087285   0.2779727759   0.0000091702   0.0004223146   0.0010238215
        0.0023872202   0.0005149060  -0.0029397481  -0.0009952462  -0.0037726382
        0.0011213722   0.0006129479   0.0006611729   0.0004733825   0.0039942027
       -0.0070515000  -0.0170356204  -0.0002665628  -0.0008151776  -0.0012323261
        0.0445867164  -0.0852853447  -0.2455242698  -0.0012592882   0.0013128996
        0.0005558436  -0.0003144399   0.0003554158  -0.0006429286
        0.0282386044  -0.0027093698  -0.0447220949  -0.1360435025  -0.0678437690
       -0.0103735788  -0.0062165329  -0.0056862946   0.0054832816  -0.0001493822
       -0.0002997355   0.0000091702   0.5047462342   0.2152597907  -0.1590307429
       -0.0478435739  -0.0430827512  -0.0000208586  -0.2445056875  -0.1033296780
        0.0946163846   0.0003715101  -0.0000403158  -0.0003889354   0.0044222393
        0.0369287592   0.0593299959  -0.0189714519  -0.0095968615   0.0087448095
       -0.0372270071  -0.0272664752  -0.0013374637   0.0027878634  -0.0016261173
        0.0029121227  -0.0496093134   0.0092928180   0.0447779099
        0.0135672941  -0.0145768604  -0.0419263252  -0.0944822543  -0.1448883091
       -0.0418421359  -0.0067133004  -0.0000430392  -0.0011499844  -0.0002169606
        0.0003172450   0.0004223146   0.2152597907   0.3258317030   0.1310769966
       -0.0329530005  -0.0131824790   0.0012019675  -0.0750489095  -0.0855204543
        0.0070485298   0.0002718971   0.0000794898  -0.0004912857   0.0166128563
        0.0245788750   0.0244502806  -0.0199184821  -0.0090053441   0.0092716145
       -0.0233275681  -0.0184613055   0.0002331577  -0.0020657246   0.0033522305
       -0.0041088722   0.0090143620  -0.0684817518  -0.0841862581
       -0.0152214563  -0.0201390500  -0.0175340540  -0.0587110938  -0.0775524293
       -0.1139194815   0.0036170946  -0.0025174061  -0.0038895002   0.0001411340
        0.0005187169   0.0010238215  -0.1590307429   0.1310769966   0.5446404960
        0.0183705310   0.0147926889   0.0126877071   0.1458204610   0.0449139081
       -0.1477629082   0.0002245804  -0.0000615198  -0.0002604331   0.0225702279
       -0.0027276988  -0.0363654559  -0.0099945159  -0.0045531985   0.0057331249
        0.0057911053   0.0054888039   0.0008526466   0.0021026202  -0.0047039220
       -0.0041604024   0.0443200546  -0.0845358899  -0.2410455609
       -0.0210906354  -0.0049811655   0.0331794959  -0.2815401423  -0.0925452404
        0.1417951205  -0.0127042754  -0.0042903440   0.0080031629  -0.0017295893
        0.0005587098   0.0023872202  -0.0478435739  -0.0329530005   0.0183705310
        0.3515664340   0.1333753625  -0.1951341775   0.0020335626  -0.0039318340
       -0.0019275684   0.0011341382   0.0007855878  -0.0003848290   0.0101684025
        0.0038705218  -0.0060581075  -0.0037369398  -0.0021266565   0.0002448057
        0.0018360289  -0.0021672281   0.0012640555   0.0010554325   0.0028523041
        0.0002226350   0.0008511574   0.0015529830  -0.0019623444
        0.0051542241   0.0125111570  -0.0032487725  -0.0925655361  -0.0916375102
        0.0489792699  -0.0045015089  -0.0023124995   0.0034990069   0.0003868429
       -0.0001131529   0.0005149060  -0.0430827512  -0.0131824790   0.0147926889
        0.1333753625   0.0913243606  -0.0585949898  -0.0021470148   0.0007018079
       -0.0064139503   0.0005751824   0.0002148120  -0.0000933095   0.0043678283
        0.0034346864  -0.0004379722  -0.0019479217  -0.0017538461   0.0006584682
       -0.0040120030   0.0005703477  -0.0039050152   0.0017838642   0.0002114367
        0.0028347134   0.0026134312   0.0000308795   0.0014149560
        0.0515626798   0.0103311842  -0.0396923820   0.1417400887   0.0489351719
       -0.1511535873   0.0075163365   0.0031601515  -0.0052486320   0.0020741443
        0.0003048351  -0.0029397481  -0.0000208586   0.0012019675   0.0126877071
       -0.1951341775  -0.0585949898   0.1799265662   0.0012928228  -0.0040171294
       -0.0031899988  -0.0006602077  -0.0003356200   0.0001454736  -0.0049981708
        0.0002914725   0.0076676581   0.0004676850   0.0008645458   0.0002130646
       -0.0021331003  -0.0064116102  -0.0030784513  -0.0017253367   0.0013993963
        0.0021580784   0.0000180945   0.0028706247   0.0025042515
       -0.0182910404   0.0000607711   0.0226787737  -0.0371694457  -0.0368292730
       -0.0228846837  -0.0125780741   0.0090418358   0.0346185754  -0.0000212868
       -0.0054358142  -0.0009952462  -0.2445056875  -0.0750489095   0.1458204610
        0.0020335626  -0.0021470148   0.0012928228   0.4981968838   0.2189847466
       -0.1352575092   0.0007220315   0.0014854986   0.0013264630  -0.0835638393
       -0.0214695378   0.0171306333  -0.1252327205  -0.1016713446  -0.0570183820
        0.0263750514   0.0142085113  -0.0108479758   0.0001508266   0.0003844486
        0.0007951891  -0.0061162617  -0.0015639180   0.0033408786
        0.0038385817  -0.0001526746  -0.0027525655  -0.0186554577  -0.0127974918
        0.0098738794  -0.0063172925   0.0032517824   0.0124822768  -0.0049656384
        0.0008573453  -0.0037726382  -0.1033296780  -0.0855204543   0.0449139081
       -0.0039318340   0.0007018079  -0.0040171294   0.2189847466   0.3511029973
        0.1599473239   0.0002417498   0.0007120769   0.0018947629   0.0146374641
       -0.0958087154  -0.1176362481  -0.1018178549  -0.1455655142  -0.0728119764
       -0.0086010283  -0.0191518448  -0.0215287838   0.0004347713   0.0007687512
        0.0003964572   0.0094814703   0.0016019340  -0.0069892669
        0.0295169511   0.0022980985  -0.0367958557   0.0099127318   0.0341727170
        0.0441019674   0.0069188594  -0.0080838032  -0.0227965728  -0.0001252990
       -0.0031280799   0.0011213722   0.0946163846   0.0070485298  -0.1477629082
       -0.0019275684  -0.0064139503  -0.0031899988  -0.1352575092   0.1599473239
        0.5720571416  -0.0008624571   0.0002748323   0.0010973395   0.0824361284
       -0.0693554934  -0.2778154636  -0.0573081480  -0.0729956755  -0.0858506379
       -0.0521462582  -0.0520274358  -0.0253884563   0.0008862747   0.0004753458
       -0.0001060784   0.0233399099   0.0077875907  -0.0186718490
       -0.0000935896  -0.0012985653  -0.0012785940  -0.0010791841  -0.0005955056
        0.0009231950  -0.1118723362  -0.1301381543  -0.0890066527   0.0001062975
        0.0003896445   0.0006129479   0.0003715101   0.0002718971   0.0002245804
        0.0011341382   0.0005751824  -0.0006602077   0.0007220315   0.0002417498
       -0.0008624571   0.1376883354   0.1533634288   0.0973961595  -0.0217425712
       -0.0215679859  -0.0113029219  -0.0005497638   0.0008758352   0.0011290868
       -0.0045458012  -0.0020535491   0.0027522709  -0.0002601442  -0.0000502522
        0.0002955134   0.0001210777  -0.0000137253  -0.0002229205
       -0.0000634089  -0.0000758223  -0.0013579586  -0.0008948723   0.0001049440
        0.0006667750  -0.1405209702  -0.1919612271  -0.1526680598   0.0000896321
        0.0005353821   0.0006611729  -0.0000403158   0.0000794898  -0.0000615198
        0.0007855878   0.0002148120  -0.0003356200   0.0014854986   0.0007120769
        0.0002748323   0.1533634288   0.2014460784   0.1517213585  -0.0114026013
       -0.0100859574  -0.0011204454  -0.0000569080   0.0000102348   0.0008344243
       -0.0026817722  -0.0009762361   0.0012257350  -0.0001957680   0.0000188368
        0.0001863815   0.0001324693  -0.0000226119  -0.0000270759
        0.0009471189   0.0002995484  -0.0000041290   0.0004327874   0.0002945637
        0.0003301641  -0.1077140143  -0.1665958276  -0.1589434337   0.0001151349
        0.0002817994   0.0004733825  -0.0003889354  -0.0004912857  -0.0002604331
       -0.0003848290  -0.0000933095   0.0001454736   0.0013264630   0.0018947629
        0.0010973395   0.0973961595   0.1517213585   0.1463536593   0.0070942808
        0.0125394780   0.0120413883  -0.0004914713  -0.0004139849  -0.0002620827
        0.0016240602   0.0004091062  -0.0011382249   0.0000683665   0.0000185173
        0.0000086732  -0.0000251212   0.0001352733   0.0001582230
       -0.0381117459  -0.0232400955   0.0070457033  -0.0142593185  -0.0102562400
       -0.0067203812  -0.1656169633  -0.0591084101   0.0798614203   0.0037327054
        0.0042240867   0.0039942027   0.0044222393   0.0166128563   0.0225702279
        0.0101684025   0.0043678283  -0.0049981708  -0.0835638393   0.0146374641
        0.0824361284  -0.0217425712  -0.0114026013   0.0070942808   0.4669141574
        0.2127168954  -0.1016813452  -0.0002136694  -0.0100903645  -0.0177826252
       -0.1614267666  -0.1307705503  -0.0789237579   0.0001888406  -0.0033746457
        0.0042076645  -0.0004914711  -0.0043162233   0.0028966525
       -0.0439505206  -0.0160348753   0.0324190469  -0.0096373787  -0.0256534488
       -0.0239678355  -0.0468059322  -0.0588608841   0.0038741173  -0.0069613043
       -0.0079463297  -0.0070515000   0.0369287592   0.0245788750  -0.0027276988
        0.0038705218   0.0034346864   0.0002914725  -0.0214695378  -0.0958087154
       -0.0693554934  -0.0215679859  -0.0100859574   0.0125394780   0.2127168954
        0.3593819719   0.1784009132   0.0004951150  -0.0106089375  -0.0202365617
       -0.0958840782  -0.1710971329  -0.1024589780  -0.0034199719   0.0048177019
       -0.0010078114  -0.0043145817   0.0038830459  -0.0007191489
       -0.0305033319   0.0046922479   0.0478445343  -0.0054541865  -0.0230745738
       -0.0397555225   0.1019455712   0.0203147297  -0.1262517284  -0.0161651522
       -0.0219741107  -0.0170356204   0.0593299959   0.0244502806  -0.0363654559
       -0.0060581075  -0.0004379722   0.0076676581   0.0171306333  -0.1176362481
       -0.2778154636  -0.0113029219  -0.0011204454   0.0120413883  -0.1016813452
        0.1784009132   0.5629887062   0.0014756934  -0.0060472962  -0.0126835894
       -0.0157115336  -0.0557681875  -0.1233830803   0.0041464285  -0.0010513772
        0.0004483657   0.0028482565  -0.0007479604   0.0022998079
        0.0002456263   0.0003028274   0.0005872904   0.0023703132  -0.0019372313
        0.0046918674   0.0020600106   0.0023288341  -0.0006084433   0.0000014582
       -0.0001031999  -0.0002665628  -0.0189714519  -0.0199184821  -0.0099945159
       -0.0037369398  -0.0019479217   0.0004676850  -0.1252327205  -0.1018178549
       -0.0573081480  -0.0005497638  -0.0000569080  -0.0004914713  -0.0002136694
        0.0004951150   0.0014756934   0.1423890516   0.1222616695   0.0610407185
        0.0027716674  -0.0016633938   0.0020328646  -0.0007300095   0.0003989066
       -0.0005255399  -0.0004035725   0.0016576391  -0.0011014380
        0.0003360190   0.0007484256   0.0004133885  -0.0022799409   0.0062425627
       -0.0010865565   0.0014226934   0.0000992848   0.0011973233  -0.0004763578
       -0.0009424671  -0.0008151776  -0.0095968615  -0.0090053441  -0.0045531985
       -0.0021266565  -0.0017538461   0.0008645458  -0.1016713446  -0.1455655142
       -0.0729956755   0.0008758352   0.0000102348  -0.0004139849  -0.0100903645
       -0.0106089375  -0.0060472962   0.1222616695   0.1597671983   0.0860286536
       -0.0011575883   0.0032839143  -0.0042710368   0.0004690139  -0.0011281221
        0.0003756462   0.0020338832  -0.0011473895   0.0013033684
        0.0006726714   0.0004531186   0.0001773934   0.0040754430  -0.0015609498
        0.0002863189  -0.0022651810  -0.0000091080   0.0013729471  -0.0010125213
       -0.0013333587  -0.0012323261   0.0087448095   0.0092716145   0.0057331249
        0.0002448057   0.0006584682   0.0002130646  -0.0570183820  -0.0728119764
       -0.0858506379   0.0011290868   0.0008344243  -0.0002620827  -0.0177826252
       -0.0202365617  -0.0126835894   0.0610407185   0.0860286536   0.0960623103
        0.0029222229  -0.0035922295  -0.0039493869  -0.0003988141   0.0004643521
       -0.0003152276  -0.0003522342   0.0018335529   0.0004480913
       -0.2476050931  -0.1045240617   0.0971702569  -0.0006330678   0.0333456805
        0.0556548465  -0.0228202238  -0.0253173917  -0.0128812360  -0.0495956662
        0.0112422587   0.0445867164  -0.0372270071  -0.0233275681   0.0057911053
        0.0018360289  -0.0040120030  -0.0021331003   0.0263750514  -0.0086010283
       -0.0521462582  -0.0045458012  -0.0026817722   0.0016240602  -0.1614267666
       -0.0958840782  -0.0157115336   0.0027716674  -0.0011575883   0.0029222229
        0.5113376252   0.2286787316  -0.1337413222  -0.0179402707  -0.0073522127
        0.0086935022  -0.0005264763  -0.0004089667   0.0001707399
       -0.0762455700  -0.0857250311   0.0076740188   0.0151683887   0.0227116008
        0.0284026805  -0.0112500043  -0.0094336971  -0.0052778761   0.0120539627
       -0.0697488347  -0.0852853447  -0.0272664752  -0.0184613055   0.0054888039
       -0.0021672281   0.0005703477  -0.0064116102   0.0142085113  -0.0191518448
       -0.0520274358  -0.0020535491  -0.0009762361   0.0004091062  -0.1307705503
       -0.1710971329  -0.0557681875  -0.0016633938   0.0032839143  -0.0035922295
        0.2286787316   0.3574905114   0.1559881086  -0.0181901744  -0.0095884789
        0.0097464323  -0.0005026490   0.0001261868   0.0006535335
        0.1484169733   0.0455503931  -0.1497916737   0.0226890288   0.0040255030
       -0.0272251717   0.0126627249   0.0136455353   0.0095080253   0.0459945917
       -0.0842395863  -0.2455242698  -0.0013374637   0.0002331577   0.0008526466
        0.0012640555  -0.0039050152  -0.0030784513  -0.0108479758  -0.0215287838
       -0.0253884563   0.0027522709   0.0012257350  -0.0011382249  -0.0789237579
       -0.1024589780  -0.1233830803   0.0020328646  -0.0042710368  -0.0039493869
       -0.1337413222   0.1559881086   0.5635221103  -0.0109466901  -0.0047713668
        0.0045026715  -0.0000152999   0.0005063339   0.0010932613
       -0.1299536939  -0.1052161728  -0.0553966867   0.0014880281   0.0006862912
        0.0020354954  -0.0018904589  -0.0017909934   0.0001322850  -0.0003765540
        0.0015940158  -0.0012592882   0.0027878634  -0.0020657246   0.0021026202
        0.0010554325   0.0017838642  -0.0017253367   0.0001508266   0.0004347713
        0.0008862747  -0.0002601442  -0.0001957680   0.0000683665   0.0001888406
       -0.0034199719   0.0041464285  -0.0007300095   0.0004690139  -0.0003988141
       -0.0179402707  -0.0181901744  -0.0109466901   0.1458589054   0.1254862945
        0.0609380174  -0.0003787654   0.0004245543  -0.0005826718
       -0.1054156476  -0.1463051560  -0.0710224993  -0.0114918477  -0.0093295204
       -0.0052889515  -0.0018331060  -0.0006882249   0.0000053243   0.0020139817
       -0.0012748690   0.0013128996  -0.0016261173   0.0033522305  -0.0047039220
        0.0028523041   0.0002114367   0.0013993963   0.0003844486   0.0007687512
        0.0004753458  -0.0000502522   0.0000188368   0.0000185173  -0.0033746457
        0.0048177019  -0.0010513772   0.0003989066  -0.0011281221   0.0004643521
       -0.0073522127  -0.0095884789  -0.0047713668   0.1254862945   0.1608578023
        0.0838098010   0.0000078937  -0.0017123880  -0.0006475196
       -0.0557959417  -0.0713152678  -0.0834548090  -0.0199839863  -0.0215785551
       -0.0102342022   0.0000623457  -0.0000177870   0.0005173655  -0.0005050989
        0.0018676667   0.0005558436   0.0029121227  -0.0041088722  -0.0041604024
        0.0002226350   0.0028347134   0.0021580784   0.0007951891   0.0003964572
       -0.0001060784   0.0002955134   0.0001863815   0.0000086732   0.0042076645
       -0.0010078114   0.0004483657  -0.0005255399   0.0003756462  -0.0003152276
        0.0086935022   0.0097464323   0.0045026715   0.0609380174   0.0838098010
        0.0918421994  -0.0013164230  -0.0011888048  -0.0017624776
        0.0002750060  -0.0053023748  -0.0002568635   0.0047132746  -0.0069558977
       -0.0161368633  -0.0011294381  -0.0003314212   0.0022331794  -0.0005267247
        0.0006864223  -0.0003144399  -0.0496093134   0.0090143620   0.0443200546
        0.0008511574   0.0026134312   0.0000180945  -0.0061162617   0.0094814703
        0.0233399099   0.0001210777   0.0001324693  -0.0000251212  -0.0004914711
       -0.0043145817   0.0028482565  -0.0004035725   0.0020338832  -0.0003522342
       -0.0005264763  -0.0005026490  -0.0000152999  -0.0003787654   0.0000078937
       -0.0013164230   0.0532215075  -0.0065630077  -0.0543422500
       -0.0057813001   0.0009550259  -0.0036807818   0.0052026932  -0.0063031689
       -0.0221472763  -0.0002002081   0.0006827609  -0.0002416403   0.0007166614
       -0.0009532470   0.0003554158   0.0092928180  -0.0684817518  -0.0845358899
        0.0015529830   0.0000308795   0.0028706247  -0.0015639180   0.0016019340
        0.0077875907  -0.0000137253  -0.0000226119   0.0001352733  -0.0043162233
        0.0038830459  -0.0007479604   0.0016576391  -0.0011473895   0.0018335529
       -0.0004089667   0.0001261868   0.0005063339   0.0004245543  -0.0017123880
       -0.0011888048  -0.0065630077   0.0713407241   0.0990535622
       -0.0011479128  -0.0043213637   0.0009638638   0.0060193116  -0.0058035126
       -0.0164556937   0.0024190975  -0.0001238290  -0.0024627950  -0.0002650526
        0.0003925546  -0.0006429286   0.0447779099  -0.0841862581  -0.2410455609
       -0.0019623444   0.0014149560   0.0025042515   0.0033408786  -0.0069892669
       -0.0186718490  -0.0002229205  -0.0000270759   0.0001582230   0.0028966525
       -0.0007191489   0.0022998079  -0.0011014380   0.0013033684   0.0004480913
        0.0001707399   0.0006535335   0.0010932613  -0.0005826718  -0.0006475196
       -0.0017624776  -0.0543422500   0.0990535622   0.2735738060
