           1           2   1.25208533947235     
           2           5   1.25753234249812     
           1           6  0.101091479781234     
           2           6   1.35213224534339     
           5           6  0.103086401779078     
           5           7   1.47434792397721     
           3           8  0.857208517286368     
           3           9   1.01198201319833     
           7           9   1.37027893766474     
           7          10  0.965859953446839     
           1          11   1.48690183747845     
           4          11  0.969306551120328     
           9          11   1.36074244892762     
           1          12  0.971930678083786     
           5          13  0.972092589023414     
