$hessian                                                                        
        0.4373591110   0.1885850926  -0.1154383924  -0.0874110477  -0.0153177268
        0.0391902974   0.0035026294  -0.0022423041  -0.0018676570  -0.1837853796
       -0.0468724075   0.0934912872  -0.1260090346  -0.1039723435  -0.0589215995
        0.0289691914   0.0139575457  -0.0108225710  -0.0085358926   0.0069565471
        0.0253830955  -0.0167786106  -0.0005324425   0.0201591876   0.0001031885
       -0.0046802916  -0.0009814684  -0.0364323916  -0.0362793060  -0.0204602675
        0.0003633577   0.0003814508   0.0003659193  -0.0113451212   0.0000161858
        0.0299021686
        0.1885850926   0.3428775700   0.1944104128   0.0133413561  -0.0945319126
       -0.1212568114  -0.0046226393   0.0003933918  -0.0023887245  -0.0744071833
       -0.0861077217   0.0351450982  -0.1040499566  -0.1486878134  -0.0766692923
       -0.0072757187  -0.0174342131  -0.0255079394  -0.0032800458   0.0034343085
        0.0088054757   0.0037366000   0.0003019463  -0.0026071451  -0.0043166750
        0.0005779450  -0.0035022176  -0.0183766754  -0.0131515730   0.0055795553
        0.0004782503   0.0005388181   0.0001268800   0.0101875951   0.0117892541
       -0.0121352917
       -0.1154383924   0.1944104128   0.6026199252   0.0910723275  -0.0828993851
       -0.3095180593  -0.0061903297  -0.0055996165   0.0033203746   0.0436284070
       -0.0016600697  -0.1119916925  -0.0590584002  -0.0767582964  -0.0893428951
       -0.0493416034  -0.0539512443  -0.0296310570   0.0068516066  -0.0049137336
       -0.0170105893   0.0279745850   0.0031141223  -0.0328090099  -0.0003102222
       -0.0030219517   0.0006634509   0.0119642957   0.0295627619   0.0348543082
        0.0005113214   0.0002531787  -0.0001590400   0.0483364047   0.0014638216
       -0.0509957158
       -0.0874110477   0.0133413561   0.0910723275   0.4932895906   0.2165421833
       -0.1206828421   0.0009096259   0.0005339170  -0.0004284232   0.0000322252
        0.0153647945   0.0214582896   0.0015408058  -0.0074414000  -0.0175459792
       -0.1574314190  -0.1287825845  -0.0801220898  -0.2035787518  -0.0728347624
        0.0965349380  -0.0421175418  -0.0248603201   0.0126417505   0.0028798242
        0.0049278682   0.0026078081  -0.0032206107  -0.0076632489  -0.0132321666
       -0.0016323506  -0.0043796750   0.0038240230  -0.0032603501  -0.0047481282
        0.0038723642
       -0.0153177268  -0.0945319126  -0.0828993851   0.2165421833   0.3644274042
        0.1699042161   0.0023954594   0.0009350882  -0.0013357806   0.0336467353
        0.0208939990   0.0012632940   0.0032056145  -0.0100466858  -0.0197417391
       -0.0986574114  -0.1745042390  -0.1057688422  -0.0730492319  -0.0670176133
        0.0363452652  -0.0470175612  -0.0168402772   0.0307574414  -0.0053040735
       -0.0088428555  -0.0055491705  -0.0051046665  -0.0202051277  -0.0246575363
       -0.0040292803   0.0037719073  -0.0007449105  -0.0073100408   0.0019603124
        0.0024271476
        0.0391902974  -0.1212568114  -0.3095180593  -0.1206828421   0.1699042161
        0.5798392724   0.0029664851   0.0011782116  -0.0019586800   0.0546079039
        0.0257372713  -0.0312404740   0.0017137425  -0.0054935120  -0.0137843685
       -0.0255274163  -0.0654178783  -0.1274124555   0.0961263414   0.0360400797
       -0.0965564403  -0.0275015474   0.0011250941   0.0397124752  -0.0159427108
       -0.0192623332  -0.0153888263  -0.0086564121  -0.0212709992  -0.0297154839
        0.0044929932  -0.0002800396   0.0006993660  -0.0007868348  -0.0010032990
        0.0053236743
        0.0035026294  -0.0046226393  -0.0061903297   0.0009096259   0.0023954594
        0.0029664851   0.1290583693   0.0513944386  -0.0674505335  -0.0314817157
       -0.0125632667   0.0217595819  -0.0023806993  -0.0008771376   0.0003159926
        0.0007720742  -0.0019137428   0.0024030767  -0.0007706537   0.0003818570
       -0.0000047963  -0.0164275470  -0.0042381805   0.0141710948  -0.0007881346
       -0.0005169374   0.0010656190  -0.0882175500  -0.0328460729   0.0384989719
        0.0005461241   0.0017460120  -0.0011194040   0.0052774774   0.0016602103
       -0.0064157584
       -0.0022423041   0.0003933918  -0.0055996165   0.0005339170   0.0009350882
        0.0011782116   0.0513944386   0.0364387590  -0.0197639276  -0.0227043445
       -0.0071972810   0.0138138875  -0.0011298688  -0.0014010644   0.0007161394
       -0.0022809809   0.0022209776  -0.0023732522   0.0003268622  -0.0007384320
        0.0005234995   0.0026942426   0.0019559503   0.0006098581  -0.0003278674
        0.0004061391  -0.0001730040  -0.0313066443  -0.0318947264   0.0120247770
        0.0019286238  -0.0007958588   0.0005204370   0.0031139259  -0.0003229436
       -0.0014770097
       -0.0018676570  -0.0023887245   0.0033203746  -0.0004284232  -0.0013357806
       -0.0019586800  -0.0674505335  -0.0197639276   0.0638352244   0.0036193886
        0.0003613419  -0.0022404971  -0.0001608986   0.0003623135  -0.0001100246
        0.0018411955  -0.0028148656  -0.0023195885  -0.0001055387   0.0004552622
       -0.0003217103   0.0264961590   0.0098015458  -0.0181909860   0.0014359362
        0.0000864470  -0.0009907995   0.0410325397   0.0139683599  -0.0451132876
       -0.0006459605   0.0008061393  -0.0000850863  -0.0037662075   0.0004618886
        0.0041750610
       -0.1837853796  -0.0744071833   0.0436284070   0.0000322252   0.0336467353
        0.0546079039  -0.0314817157  -0.0227043445   0.0036193886   0.4244336445
        0.1373765676  -0.1264453951  -0.0163380815  -0.0087825256   0.0083715311
       -0.0375228718  -0.0257798732  -0.0015069141   0.0043182607  -0.0028013285
        0.0006243508   0.0283821806   0.0020764203  -0.0424663066  -0.0001812405
       -0.0007538331  -0.0001289079  -0.1115689590  -0.0578822174  -0.0209110864
        0.0026894713  -0.0015352575   0.0039677205  -0.0789775344   0.0215468399
        0.0766393084
       -0.0468724075  -0.0861077217  -0.0016600697   0.0153647945   0.0208939990
        0.0257372713  -0.0125632667  -0.0071972810   0.0003613419   0.1373765676
        0.3388139293   0.1683281367  -0.0205493181  -0.0087635296   0.0084324330
       -0.0254166186  -0.0204997629   0.0038266519  -0.0025935959   0.0041793354
       -0.0044659844   0.0197516831  -0.0144189229  -0.0416307522  -0.0007600170
        0.0005587909   0.0007004178  -0.0826737802  -0.1338237445  -0.0429409551
       -0.0019389731   0.0055094646  -0.0013480232   0.0208749317  -0.0991445566
       -0.1153404680
        0.0934912872   0.0351450982  -0.1119916925   0.0214582896   0.0012632940
       -0.0312404740   0.0217595819   0.0138138875  -0.0022404971  -0.1264453951
        0.1683281367   0.6177755799  -0.0129538773  -0.0073079637   0.0058586626
       -0.0008417092   0.0042930991   0.0051936693   0.0009821311  -0.0042273056
       -0.0003456868  -0.0105320948  -0.0178519882  -0.0245499479  -0.0001586805
        0.0006874825   0.0022425861  -0.0655122505  -0.0760584281  -0.0988956164
        0.0033309615  -0.0018389556   0.0000816805   0.0754217563  -0.1162463568
       -0.3618882637
       -0.1260090346  -0.1040499566  -0.0590584002   0.0015408058   0.0032056145
        0.0017137425  -0.0023806993  -0.0011298688  -0.0001608986  -0.0163380815
       -0.0205493181  -0.0129538773   0.1391699796   0.1225408291   0.0648025597
        0.0031092791  -0.0020347533   0.0023608919  -0.0000493390   0.0020867816
       -0.0005138226  -0.0000656926   0.0005330474   0.0006773467   0.0002766118
       -0.0003912786   0.0000992913  -0.0005609429  -0.0037971983   0.0040232572
       -0.0005410232   0.0005337662  -0.0004439615   0.0018481369   0.0030523348
       -0.0005461290
       -0.1039723435  -0.1486878134  -0.0767582964  -0.0074414000  -0.0100466858
       -0.0054935120  -0.0008771376  -0.0014010644   0.0003623135  -0.0087825256
       -0.0087635296  -0.0073079637   0.1225408291   0.1629263429   0.0913596429
       -0.0016462773   0.0039973820  -0.0043924102   0.0016371786  -0.0012604544
        0.0014375872   0.0005219890   0.0003486455   0.0005153834  -0.0007875751
       -0.0002135620  -0.0009573436  -0.0040803041   0.0040355255  -0.0009149625
        0.0005646561  -0.0009631003   0.0003591854   0.0023229105   0.0000283139
        0.0017903760
       -0.0589215995  -0.0766692923  -0.0893428951  -0.0175459792  -0.0197417391
       -0.0137843685   0.0003159926   0.0007161394  -0.0001100246   0.0083715311
        0.0084324330   0.0058586626   0.0648025597   0.0913596429   0.1005353188
        0.0030654335  -0.0038659430  -0.0034811694  -0.0013412770   0.0008355839
        0.0000392382   0.0006330869   0.0004575140  -0.0002913615  -0.0006084966
       -0.0014751170  -0.0009740840   0.0034696893  -0.0013303096   0.0005464979
       -0.0003719391   0.0004222789  -0.0003366830  -0.0018690018   0.0008588090
        0.0013408687
        0.0289691914  -0.0072757187  -0.0493416034  -0.1574314190  -0.0986574114
       -0.0255274163   0.0007720742  -0.0022809809   0.0018411955  -0.0375228718
       -0.0254166186  -0.0008417092   0.0031092791  -0.0016462773   0.0030654335
        0.4825760185   0.2155807121  -0.1268649127  -0.0173105449  -0.0178471164
       -0.0089464223  -0.2353347580  -0.1004689191   0.0790536058  -0.0496465657
        0.0119040570   0.0539502858  -0.0056136167   0.0314263037   0.0659269421
       -0.0157882366  -0.0077713504   0.0074347568   0.0032214495   0.0024533199
        0.0002498444
        0.0139575457  -0.0174342131  -0.0539512443  -0.1287825845  -0.1745042390
       -0.0654178783  -0.0019137428   0.0022209776  -0.0028148656  -0.0257798732
       -0.0204997629   0.0042930991  -0.0020347533   0.0039973820  -0.0038659430
        0.2155807121   0.3505710962   0.1716772199  -0.0076517118  -0.0075963320
       -0.0037700649  -0.0696373198  -0.0890744702   0.0050680655   0.0118563868
       -0.0645483523  -0.0865881648   0.0090858328   0.0234625294   0.0282922123
       -0.0174097812  -0.0079302158   0.0084413646   0.0027292893   0.0013356000
       -0.0013638004
       -0.0108225710  -0.0255079394  -0.0296310570  -0.0801220898  -0.1057688422
       -0.1274124555   0.0024030767  -0.0023732522  -0.0023195885  -0.0015069141
        0.0038266519   0.0051936693   0.0023608919  -0.0043924102  -0.0034811694
       -0.1268649127   0.1716772199   0.5773753566   0.0095056069   0.0098804813
        0.0052983935   0.1350117568   0.0464344745  -0.1371663031   0.0538262141
       -0.0866659135  -0.2547123236   0.0255075060  -0.0015794557  -0.0359411709
       -0.0100349721  -0.0044978119   0.0056193498   0.0007364071  -0.0010332025
       -0.0028227013
       -0.0085358926  -0.0032800458   0.0068516066  -0.2035787518  -0.0730492319
        0.0961263414  -0.0007706537   0.0003268622  -0.0001055387   0.0043182607
       -0.0025935959   0.0009821311  -0.0000493390   0.0016371786  -0.0013412770
       -0.0173105449  -0.0076517118   0.0095056069   0.2272302758   0.0884324023
       -0.1126112219   0.0000290061  -0.0053491458  -0.0009618285  -0.0001188341
        0.0013205309  -0.0003891081   0.0013833028   0.0001476878  -0.0005543856
       -0.0012479071  -0.0007299833   0.0003850415  -0.0013489225   0.0007890528
        0.0021126323
        0.0069565471   0.0034343085  -0.0049137336  -0.0728347624  -0.0670176133
        0.0360400797   0.0003818570  -0.0007384320   0.0004552622  -0.0028013285
        0.0041793354  -0.0042273056   0.0020867816  -0.0012604544   0.0008355839
       -0.0178471164  -0.0075963320   0.0098804813   0.0884324023   0.0695940789
       -0.0351485497  -0.0050037168   0.0007183194  -0.0038056840   0.0009012501
       -0.0009072138   0.0011010090   0.0002158825   0.0004540259  -0.0008089723
       -0.0011556598  -0.0006257880   0.0003824952   0.0006678633  -0.0002342346
        0.0002093339
        0.0253830955   0.0088054757  -0.0170105893   0.0965349380   0.0363452652
       -0.0965564403  -0.0000047963   0.0005234995  -0.0003217103   0.0006243508
       -0.0044659844  -0.0003456868  -0.0005138226   0.0014375872   0.0000392382
       -0.0089464223  -0.0037700649   0.0052983935  -0.1126112219  -0.0351485497
        0.1107567407  -0.0003738114  -0.0033604183   0.0009408417  -0.0011394205
        0.0005327120   0.0003302555  -0.0004681857  -0.0007403434   0.0000203168
       -0.0003890193  -0.0001981313   0.0001803613   0.0019043156   0.0000389524
       -0.0033317210
       -0.0167786106   0.0037366000   0.0279745850  -0.0421175418  -0.0470175612
       -0.0275015474  -0.0164275470   0.0026942426   0.0264961590   0.0283821806
        0.0197516831  -0.0105320948  -0.0000656926   0.0005219890   0.0006330869
       -0.2353347580  -0.0696373198   0.1350117568   0.0000290061  -0.0050037168
       -0.0003738114   0.5009360560   0.2264713435  -0.1211306614  -0.0074207266
       -0.0014947806   0.0048079605  -0.0744971542  -0.0137593433   0.0278104608
       -0.1343497078  -0.1091607776  -0.0610555821  -0.0023555040  -0.0071023589
       -0.0021403121
       -0.0005324425   0.0003019463   0.0031141223  -0.0248603201  -0.0168402772
        0.0011250941  -0.0042381805   0.0019559503   0.0098015458   0.0020764203
       -0.0144189229  -0.0178519882   0.0005330474   0.0003486455   0.0004575140
       -0.1004689191  -0.0890744702   0.0464344745  -0.0053491458   0.0007183194
       -0.0033604183   0.2264713435   0.3636809784   0.1663715693   0.0087492070
        0.0019356818  -0.0049277972   0.0121175460  -0.0951931985  -0.1251610258
       -0.1096187930  -0.1540151377  -0.0734809368  -0.0048797634   0.0006004847
       -0.0025221538
        0.0201591876  -0.0026071451  -0.0328090099   0.0126417505   0.0307574414
        0.0397124752   0.0141710948   0.0006098581  -0.0181909860  -0.0424663066
       -0.0416307522  -0.0245499479   0.0006773467   0.0005153834  -0.0002913615
        0.0790536058   0.0050680655  -0.1371663031  -0.0009618285  -0.0038056840
        0.0009408417  -0.1211306614   0.1663715693   0.5678537208   0.0233944695
        0.0088071257  -0.0171483573   0.0745889119  -0.0905487241  -0.2989272186
       -0.0618991742  -0.0740438819  -0.0836040171   0.0017716039   0.0005067437
        0.0041801636
        0.0001031885  -0.0043166750  -0.0003102222   0.0028798242  -0.0053040735
       -0.0159427108  -0.0007881346  -0.0003278674   0.0014359362  -0.0001812405
       -0.0007600170  -0.0001586805   0.0002766118  -0.0007875751  -0.0006084966
       -0.0496465657   0.0118563868   0.0538262141  -0.0001188341   0.0009012501
       -0.0011394205  -0.0074207266   0.0087492070   0.0233944695   0.0564416601
       -0.0084090437  -0.0629120828  -0.0009980710  -0.0038290074   0.0027242073
       -0.0002444887   0.0015118335  -0.0002546148  -0.0003032233   0.0007155816
       -0.0000545990
       -0.0046802916   0.0005779450  -0.0030219517   0.0049278682  -0.0088428555
       -0.0192623332  -0.0005169374   0.0004061391   0.0000864470  -0.0007538331
        0.0005587909   0.0006874825  -0.0003912786  -0.0002135620  -0.0014751170
        0.0119040570  -0.0645483523  -0.0866659135   0.0013205309  -0.0009072138
        0.0005327120  -0.0014947806   0.0019356818   0.0088071257  -0.0084090437
        0.0697479091   0.0998155572  -0.0036937636   0.0030300431  -0.0008211066
        0.0010768068  -0.0009318886   0.0013503809   0.0007106658  -0.0008126369
       -0.0000332833
       -0.0009814684  -0.0035022176   0.0006634509   0.0026078081  -0.0055491705
       -0.0153888263   0.0010656190  -0.0001730040  -0.0009907995  -0.0001289079
        0.0007004178   0.0022425861   0.0000992913  -0.0009573436  -0.0009740840
        0.0539502858  -0.0865881648  -0.2547123236  -0.0003891081   0.0011010090
        0.0003302555   0.0048079605  -0.0049277972  -0.0171483573  -0.0629120828
        0.0998155572   0.2860249291   0.0030026680  -0.0005992461   0.0010550332
       -0.0010589526   0.0007505456   0.0002938102  -0.0000631129  -0.0000705859
       -0.0013956744
       -0.0364323916  -0.0183766754   0.0119642957  -0.0032206107  -0.0051046665
       -0.0086564121  -0.0882175500  -0.0313066443   0.0410325397  -0.1115689590
       -0.0826737802  -0.0655122505  -0.0005609429  -0.0040803041   0.0034696893
       -0.0056136167   0.0090858328   0.0255075060   0.0013833028   0.0002158825
       -0.0004681857  -0.0744971542   0.0121175460   0.0745889119  -0.0009980710
       -0.0036937636   0.0030026680   0.3116325340   0.1350507330  -0.0692739390
        0.0017212275  -0.0092539981  -0.0172182852   0.0063722317  -0.0019801620
        0.0015634618
       -0.0362793060  -0.0131515730   0.0295627619  -0.0076632489  -0.0202051277
       -0.0212709992  -0.0328460729  -0.0318947264   0.0139683599  -0.0578822174
       -0.1338237445  -0.0760584281  -0.0037971983   0.0040355255  -0.0013303096
        0.0314263037   0.0234625294  -0.0015794557   0.0001476878   0.0004540259
       -0.0007403434  -0.0137593433  -0.0951931985  -0.0905487241  -0.0038290074
        0.0030300431  -0.0005992461   0.1350507330   0.2902595086   0.2041455962
        0.0015211722  -0.0096333428  -0.0218007719  -0.0120895026  -0.0173399196
       -0.0337484400
       -0.0204602675   0.0055795553   0.0348543082  -0.0132321666  -0.0246575363
       -0.0297154839   0.0384989719   0.0120247770  -0.0451132876  -0.0209110864
       -0.0429409551  -0.0988956164   0.0040232572  -0.0009149625   0.0005464979
        0.0659269421   0.0282922123  -0.0359411709  -0.0005543856  -0.0008089723
        0.0000203168   0.0278104608  -0.1251610258  -0.2989272186   0.0027242073
       -0.0008211066   0.0010550332  -0.0692739390   0.2041455962   0.5401006995
        0.0021573588  -0.0074813887  -0.0151709683  -0.0167093530  -0.0472561933
       -0.0528131100
        0.0003633577   0.0004782503   0.0005113214  -0.0016323506  -0.0040292803
        0.0044929932   0.0005461241   0.0019286238  -0.0006459605   0.0026894713
       -0.0019389731   0.0033309615  -0.0005410232   0.0005646561  -0.0003719391
       -0.0157882366  -0.0174097812  -0.0100349721  -0.0012479071  -0.0011556598
       -0.0003890193  -0.1343497078  -0.1096187930  -0.0618991742  -0.0002444887
        0.0010768068  -0.0010589526   0.0017212275   0.0015211722   0.0021573588
        0.1484510058   0.1284636357   0.0646894123   0.0000325275   0.0001193425
       -0.0007820294
        0.0003814508   0.0005388181   0.0002531787  -0.0043796750   0.0037719073
       -0.0002800396   0.0017460120  -0.0007958588   0.0008061393  -0.0015352575
        0.0055094646  -0.0018389556   0.0005337662  -0.0009631003   0.0004222789
       -0.0077713504  -0.0079302158  -0.0044978119  -0.0007299833  -0.0006257880
       -0.0001981313  -0.1091607776  -0.1540151377  -0.0740438819   0.0015118335
       -0.0009318886   0.0007505456  -0.0092539981  -0.0096333428  -0.0074813887
        0.1284636357   0.1666687471   0.0880865046   0.0001943437  -0.0015936053
       -0.0019784381
        0.0003659193   0.0001268800  -0.0001590400   0.0038240230  -0.0007449105
        0.0006993660  -0.0011194040   0.0005204370  -0.0000850863   0.0039677205
       -0.0013480232   0.0000816805  -0.0004439615   0.0003591854  -0.0003366830
        0.0074347568   0.0084413646   0.0056193498   0.0003850415   0.0003824952
        0.0001803613  -0.0610555821  -0.0734809368  -0.0836040171  -0.0002546148
        0.0013503809   0.0002938102  -0.0172182852  -0.0218007719  -0.0151709683
        0.0646894123   0.0880865046   0.0958818690  -0.0005750258  -0.0018926053
       -0.0034006421
       -0.0113451212   0.0101875951   0.0483364047  -0.0032603501  -0.0073100408
       -0.0007868348   0.0052774774   0.0031139259  -0.0037662075  -0.0789775344
        0.0208749317   0.0754217563   0.0018481369   0.0023229105  -0.0018690018
        0.0032214495   0.0027292893   0.0007364071  -0.0013489225   0.0006678633
        0.0019043156  -0.0023555040  -0.0048797634   0.0017716039  -0.0003032233
        0.0007106658  -0.0000631129   0.0063722317  -0.0120895026  -0.0167093530
        0.0000325275   0.0001943437  -0.0005750258   0.0808388325  -0.0165222185
       -0.1044009518
        0.0000161858   0.0117892541   0.0014638216  -0.0047481282   0.0019603124
       -0.0010032990   0.0016602103  -0.0003229436   0.0004618886   0.0215468399
       -0.0991445566  -0.1162463568   0.0030523348   0.0000283139   0.0008588090
        0.0024533199   0.0013356000  -0.0010332025   0.0007890528  -0.0002342346
        0.0000389524  -0.0071023589   0.0006004847   0.0005067437   0.0007155816
       -0.0008126369  -0.0000705859  -0.0019801620  -0.0173399196  -0.0472561933
        0.0001193425  -0.0015936053  -0.0018926053  -0.0165222185   0.1037339315
        0.1641720276
        0.0299021686  -0.0121352917  -0.0509957158   0.0038723642   0.0024271476
        0.0053236743  -0.0064157584  -0.0014770097   0.0041750610   0.0766393084
       -0.1153404680  -0.3618882637  -0.0005461290   0.0017903760   0.0013408687
        0.0002498444  -0.0013638004  -0.0028227013   0.0021126323   0.0002093339
       -0.0033317210  -0.0021403121  -0.0025221538   0.0041801636  -0.0000545990
       -0.0000332833  -0.0013956744   0.0015634618  -0.0337484400  -0.0528131100
       -0.0007820294  -0.0019784381  -0.0034006421  -0.1044009518   0.1641720276
        0.4616280606
