           1           2   1.50209367292522     
           1           4   1.23255623033727     
           1           5  0.971175809518759     
           2           6   1.39745429873290     
           2           7  0.969996589446590     
           6           8   1.40787339559308     
           6           9  0.971220383687755     
           3          10  0.898869578670612     
           4          10   1.22899856753021     
           8          10   1.45848772143601     
           8          11  0.968083496726134     
           1          12  0.101990637777583     
           4          12   1.38566061207198     
          10          12  0.106007804227060     
