$hessian                                                                        
        0.1418092482   0.0879733516  -0.0357781866  -0.1418092482  -0.0879733516
        0.0357781867
        0.0879733516   0.0548693421  -0.0222285140  -0.0879733516  -0.0548693421
        0.0222285140
       -0.0357781866  -0.0222285140   0.0092539011   0.0357781867   0.0222285140
       -0.0092539011
       -0.1418092482  -0.0879733516   0.0357781867   0.1418092482   0.0879733516
       -0.0357781867
       -0.0879733516  -0.0548693421   0.0222285140   0.0879733516   0.0548693420
       -0.0222285140
        0.0357781867   0.0222285140  -0.0092539011  -0.0357781867  -0.0222285140
        0.0092539010
