$hessian                                                                        
        0.4269257701  -0.0590484295   0.0206851586  -0.1108757357  -0.0210024858
        0.0025271046  -0.0494413773  -0.0125505357  -0.0021846217   0.0006347390
       -0.0200268388   0.0082880833  -0.1355888285   0.0807082242   0.0774986993
       -0.0724422383  -0.0149871417  -0.0784894707  -0.0515792419   0.0461647715
       -0.0248643553  -0.0076330874   0.0007424357  -0.0034605982
       -0.0590484295   0.4842932345  -0.0146879339  -0.0263022283  -0.0722413430
       -0.0006398421   0.0010972232   0.0071027208  -0.0028774558  -0.0324490123
       -0.0456464400   0.0220567298   0.0864580044  -0.1102742647  -0.0652619896
       -0.0168377712  -0.0526192253  -0.0379412999   0.0445661585  -0.2127989969
        0.0944308446   0.0025160551   0.0021843146   0.0049209469
        0.0206851586  -0.0146879339   0.4856182257   0.0053193018   0.0003655009
       -0.0638392903  -0.0088097170  -0.0050769022   0.0018569937   0.0144075891
        0.0241187647   0.0009132544   0.0831592695  -0.0631232811  -0.1072732265
       -0.0864553216  -0.0410516428  -0.2277781692  -0.0239922777   0.0948434979
       -0.0978245014  -0.0043140027   0.0046119967   0.0083267136
       -0.1108757357  -0.0263022283   0.0053193018   0.5966039501  -0.1453222808
        0.1393885146  -0.3419272253   0.1165825241  -0.1041137960  -0.0807855159
        0.0401964779  -0.0229733701  -0.0207109604  -0.0070606717   0.0045056156
       -0.0127776787  -0.0068254887  -0.0029885561   0.0084994742   0.0058203714
       -0.0014856317  -0.0380263084   0.0229112962  -0.0176520781
       -0.0210024858  -0.0722413430   0.0003655009  -0.1453222808   0.6810818309
       -0.2675610848   0.1799096269  -0.1758028963   0.0882911474   0.0217118874
       -0.4261180544   0.1825633346   0.0148116535   0.0077482774  -0.0035783880
       -0.0049152989  -0.0018757351   0.0007713378  -0.0164654533  -0.0175310297
        0.0058412368  -0.0287276491   0.0047389501  -0.0066930847
        0.0025271046  -0.0006398421  -0.0638392903   0.1393885146  -0.2675610848
        0.3379198072  -0.1352257025   0.0778526255  -0.1166279267  -0.0139087641
        0.1856404648  -0.1541849253   0.0130052086   0.0074634449  -0.0013907431
       -0.0235118007  -0.0144771085   0.0003028955   0.0100100869   0.0099497325
       -0.0032170022   0.0077153526   0.0017717677   0.0010371847
       -0.0494413773   0.0010972232  -0.0088097170  -0.3419272253   0.1799096269
       -0.1352257025   0.6338972953  -0.0290497470   0.1098485167  -0.0052393642
        0.0187835534  -0.0148668172  -0.0036605660  -0.0016923549   0.0002416937
       -0.0034018613  -0.0015128256   0.0000369482   0.0007133137   0.0002191907
        0.0001025501  -0.2309402149  -0.1677546666   0.0486725280
       -0.0125505357   0.0071027208  -0.0050769022   0.1165825241  -0.1758028963
        0.0778526255  -0.0290497470   0.3604494340  -0.1555444881   0.0506863974
       -0.0459641556   0.0450214297  -0.0029277740  -0.0000904835   0.0005933156
       -0.0027556856  -0.0010886026  -0.0004831867   0.0005678212   0.0026973594
       -0.0016509222  -0.1205530003  -0.1473033761   0.0392881285
       -0.0021846217  -0.0028774558   0.0018569937  -0.1041137960   0.0882911474
       -0.1166279267   0.1098485167  -0.1555444881   0.1472470838  -0.0304793914
        0.0397523510   0.0043621594   0.0010774434   0.0005276870   0.0000181698
        0.0004342668  -0.0000045981   0.0009737437  -0.0000915723  -0.0017130861
        0.0000862918   0.0255091544   0.0315684427  -0.0379165155
        0.0006347390  -0.0324490123   0.0144075891  -0.0807855159   0.0217118874
       -0.0139087641  -0.0052393642   0.0506863974  -0.0304793914   0.0824428485
       -0.0333005204   0.0257590054   0.0024319293   0.0000037694  -0.0010811689
        0.0013308164   0.0007000182   0.0009397550  -0.0060721924  -0.0068901809
        0.0021772795   0.0052567393  -0.0004623588   0.0021856954
       -0.0200268388  -0.0456464400   0.0241187647   0.0401964779  -0.4261180544
        0.1856404648   0.0187835534  -0.0459641556   0.0397523510  -0.0333005204
        0.5167277699  -0.2465084145  -0.0014322083   0.0008279286   0.0014568137
        0.0006212661   0.0002547015  -0.0010936137  -0.0074604958  -0.0047731736
        0.0017919661   0.0026187659   0.0046914236  -0.0051583320
        0.0082880833   0.0220567298   0.0009132544  -0.0229733701   0.1825633346
       -0.1541849253  -0.0148668172   0.0450214297   0.0043621594   0.0257590054
       -0.2465084145   0.1500650254  -0.0011693688  -0.0007932695   0.0002216097
        0.0018596085   0.0015170981   0.0016522267   0.0024226502   0.0017751326
        0.0007307754   0.0006802087  -0.0056320408  -0.0037601257
       -0.1355888285   0.0864580044   0.0831592695  -0.0207109604   0.0148116535
        0.0130052086  -0.0036605660  -0.0029277740   0.0010774434   0.0024319293
       -0.0014322083  -0.0011693688   0.1569478495  -0.0969657161  -0.0918500545
        0.0079109755  -0.0056871489  -0.0059705814  -0.0057723300   0.0068116961
        0.0040879380  -0.0015580694  -0.0010685067  -0.0023398549
        0.0807082242  -0.1102742647  -0.0631232811  -0.0070606717   0.0077482774
        0.0074634449  -0.0016923549  -0.0000904835   0.0005276870   0.0000037694
        0.0008279286  -0.0007932695  -0.0969657161   0.1266027254   0.0783200306
        0.0052474160  -0.0048193568  -0.0063694455   0.0202294100  -0.0198185749
       -0.0151475141  -0.0004700769  -0.0001762514  -0.0008776523
        0.0774986993  -0.0652619896  -0.1072732265   0.0045056156  -0.0035783880
       -0.0013907431   0.0002416937   0.0005933156   0.0000181698  -0.0010811689
        0.0014568137   0.0002216097  -0.0918500545   0.0783200306   0.1227051606
        0.0201330495  -0.0200412370  -0.0223476557  -0.0095712998   0.0084991552
        0.0077295961   0.0001234650   0.0000122996   0.0003370891
       -0.0724422383  -0.0168377712  -0.0864553216  -0.0127776787  -0.0049152989
       -0.0235118007  -0.0034018613  -0.0027556856   0.0004342668   0.0013308164
        0.0006212661   0.0018596085   0.0079109755   0.0052474160   0.0201330495
        0.0844684618   0.0179574749   0.0941278418  -0.0030178853  -0.0002485978
       -0.0083426308  -0.0020705901   0.0009311965   0.0017549866
       -0.0149871417  -0.0526192253  -0.0410516428  -0.0068254887  -0.0018757351
       -0.0144771085  -0.0015128256  -0.0010886026  -0.0000045981   0.0007000182
        0.0002547015   0.0015170981  -0.0056871489  -0.0048193568  -0.0200412370
        0.0179574749   0.0556712793   0.0463116947   0.0112193845   0.0038567270
        0.0270295259  -0.0008642727   0.0006202121   0.0007162676
       -0.0784894707  -0.0379412999  -0.2277781692  -0.0029885561   0.0007713378
        0.0003028955   0.0000369482  -0.0004831867   0.0009737437   0.0009397550
       -0.0010936137   0.0016522267  -0.0059705814  -0.0063694455  -0.0223476557
        0.0941278418   0.0463116947   0.2657960726  -0.0074886378  -0.0011836120
       -0.0187424834  -0.0001672991  -0.0000118747   0.0001433697
       -0.0515792419   0.0445661585  -0.0239922777   0.0084994742  -0.0164654533
        0.0100100869   0.0007133137   0.0005678212  -0.0000915723  -0.0060721924
       -0.0074604958   0.0024226502  -0.0057723300   0.0202294100  -0.0095712998
       -0.0030178853   0.0112193845  -0.0074886378   0.0566477778  -0.0527713943
        0.0286905565   0.0005810838   0.0001145692   0.0000204939
        0.0461647715  -0.2127989969   0.0948434979   0.0058203714  -0.0175310297
        0.0099497325   0.0002191907   0.0026973594  -0.0017130861  -0.0068901809
       -0.0047731736   0.0017751326   0.0068116961  -0.0198185749   0.0084991552
       -0.0002485978   0.0038567270  -0.0011836120  -0.0527713943   0.2477933432
       -0.1120738821   0.0008941435   0.0005743455  -0.0000969380
       -0.0248643553   0.0944308446  -0.0978245014  -0.0014856317   0.0058412368
       -0.0032170022   0.0001025501  -0.0016509222   0.0000862918   0.0021772795
        0.0017919661   0.0007307754   0.0040879380  -0.0151475141   0.0077295961
       -0.0083426308   0.0270295259  -0.0187424834   0.0286905565  -0.1120738821
        0.1110707694  -0.0003657063  -0.0002212551   0.0001665545
       -0.0076330874   0.0025160551  -0.0043140027  -0.0380263084  -0.0287276491
        0.0077153526  -0.2309402149  -0.1205530003   0.0255091544   0.0052567393
        0.0026187659   0.0006802087  -0.0015580694  -0.0004700769   0.0001234650
       -0.0020705901  -0.0008642727  -0.0001672991   0.0005810838   0.0008941435
       -0.0003657063   0.2743904472   0.1445860345  -0.0291811727
        0.0007424357   0.0021843146   0.0046119967   0.0229112962   0.0047389501
        0.0017717677  -0.1677546666  -0.1473033761   0.0315684427  -0.0004623588
        0.0046914236  -0.0056320408  -0.0010685067  -0.0001762514   0.0000122996
        0.0009311965   0.0006202121  -0.0000118747   0.0001145692   0.0005743455
       -0.0002212551   0.1445860345   0.1346703818  -0.0320993360
       -0.0034605982   0.0049209469   0.0083267136  -0.0176520781  -0.0066930847
        0.0010371847   0.0486725280   0.0392881285  -0.0379165155   0.0021856954
       -0.0051583320  -0.0037601257  -0.0023398549  -0.0008776523   0.0003370891
        0.0017549866   0.0007162676   0.0001433697   0.0000204939  -0.0000969380
        0.0001665545  -0.0291811727  -0.0320993360   0.0316657296
