$hessian                                                                        
        0.5947814517   0.1679393227   0.1856703871  -0.0711747210   0.0212945797
       -0.0378640276  -0.0289648229   0.0031432491  -0.0270286899   0.0194911500
        0.0068105605   0.0166112640  -0.0436618349  -0.0196748665  -0.0128111639
       -0.0919930589  -0.0591645572   0.0406344802   0.0061757862   0.0064923164
       -0.0023194061   0.0047832053   0.0069754072  -0.0056026067   0.0051708195
       -0.0098072997   0.0141566306  -0.0006206150  -0.0047167259  -0.0046420201
       -0.0227587528  -0.0070354343  -0.0112432850   0.0009726456  -0.0036774336
       -0.0047603332   0.0044554116  -0.0035005341   0.0078142425  -0.3586876294
       -0.0963872596  -0.1537396932  -0.0179690351  -0.0086913248  -0.0048757785
        0.1679393227   0.3810191117  -0.1355572417   0.0110267481  -0.1123321740
        0.0752867029   0.0171171285   0.0136368464  -0.0032157938   0.0082827778
       -0.0147891275   0.0134277601  -0.0367102482  -0.0074510397  -0.0242937241
       -0.0456752125  -0.1479104388   0.0662532570   0.0021133384   0.0023523268
       -0.0009843259  -0.0071162610  -0.0102058646   0.0079945094   0.0043317697
       -0.0119347521   0.0200952813  -0.0054863266   0.0050791812   0.0026830807
       -0.0087284904  -0.0031038790  -0.0037174522  -0.0026897281   0.0064688003
        0.0037959886   0.0020202817  -0.0014986953   0.0036026163  -0.1249310497
       -0.1021955162  -0.0374391216   0.0185059497   0.0028652208   0.0120684629
        0.1856703871  -0.1355572417   0.4601759486  -0.0258361959   0.0840074777
       -0.1766109163  -0.0433285617  -0.0150633274  -0.0207486026   0.0147501081
        0.0121304644  -0.0110072196   0.0072087501  -0.0098007540   0.0161500874
        0.0247791845   0.0547619690  -0.1014583602   0.0027577556   0.0027052341
       -0.0008102269   0.0109255934   0.0200069093  -0.0123793851  -0.0023808341
        0.0080221515  -0.0094216751  -0.0037551538   0.0033130492   0.0042671284
       -0.0091084425  -0.0022181044  -0.0050963981  -0.0059309681   0.0029610210
        0.0031229072   0.0013241221  -0.0010886178   0.0024915157  -0.1203499945
       -0.0132100573  -0.1301701224  -0.0367257502  -0.0109701736  -0.0185046810
       -0.0711747210   0.0110267481  -0.0258361959   0.6137945727   0.2181377611
        0.1787782718  -0.3388633569  -0.0818920662  -0.1624016102  -0.0470298905
       -0.0422694968   0.0084012394  -0.0088149400   0.0044394016  -0.0113955724
        0.0163295118   0.0014027600   0.0104625407  -0.0029361388  -0.0023629094
        0.0001778018  -0.0006386971  -0.0041070358   0.0009161617  -0.1220376344
       -0.1109320763   0.0527725800  -0.0105318438  -0.0022160857  -0.0074158267
        0.0114334731   0.0001058070   0.0064536513  -0.0000645825   0.0004882961
       -0.0002925016  -0.0009308096   0.0010015601  -0.0015509239  -0.0357260607
        0.0110963525  -0.0419813031  -0.0028088824  -0.0039190163  -0.0070883128
        0.0212945797  -0.1123321740   0.0840074777   0.2181377611   0.3937617192
       -0.1538878132  -0.1109784064  -0.0881019353  -0.0326314167  -0.0241866530
       -0.0119801210  -0.0051005345   0.0003919688   0.0006005834  -0.0021742766
       -0.0000088274  -0.0158853146   0.0211545054  -0.0005031242   0.0006873201
       -0.0010859132  -0.0034353318  -0.0014803647   0.0034348936  -0.1105501572
       -0.1786941345   0.0779586079   0.0112587755   0.0038618691   0.0064664518
       -0.0058860690  -0.0029379616   0.0027871799   0.0002987364   0.0002086075
       -0.0004670832   0.0017989616  -0.0005774956   0.0016447073   0.0078360629
        0.0078814330  -0.0044476959  -0.0054682771   0.0049879690   0.0023409096
       -0.0378640276   0.0752867029  -0.1766109163   0.1787782718  -0.1538878132
        0.4359529442  -0.1283778034  -0.0079006885  -0.1353289556  -0.0127291088
       -0.0205020126   0.0144050075  -0.0066833717   0.0012894553  -0.0087386442
        0.0121254314   0.0223751557  -0.0137505860  -0.0019595032  -0.0026440638
        0.0015366931   0.0001314200   0.0028627226   0.0006944990   0.0523207197
        0.0776458271  -0.0778127708  -0.0231953014  -0.0049848913  -0.0126618117
        0.0133462167   0.0078933440   0.0058756484  -0.0000640442  -0.0003059940
       -0.0001060719  -0.0024596493   0.0009221941  -0.0036711378  -0.0381254937
       -0.0016991824  -0.0319687262  -0.0052437564   0.0036492441   0.0021848285
       -0.0289648229   0.0171171285  -0.0433285617  -0.3388633569  -0.1109784064
       -0.1283778034   0.5908934159   0.1726367750   0.2063133698  -0.1024057070
       -0.0668650244   0.0296014979   0.0144152404  -0.0034289990   0.0157161987
       -0.0135123757  -0.0063002089  -0.0027203229  -0.0000682194  -0.0014300177
       -0.0049581037  -0.0002241261  -0.0004201560   0.0003571591  -0.0180721010
       -0.0069835742  -0.0063983363  -0.0687754094   0.0370341695  -0.0722708344
       -0.0484222669  -0.0269163564  -0.0031761603   0.0005053200   0.0001490248
       -0.0031750706   0.0002582127  -0.0067869188   0.0076343142   0.0135703612
        0.0043149404   0.0047764590  -0.0003341648  -0.0011423763   0.0000061945
        0.0031432491   0.0136368464  -0.0150633274  -0.0818920662  -0.0881019353
       -0.0079006885   0.1726367750   0.3820405684  -0.1704357421  -0.0825365259
       -0.1669833960   0.0723565728   0.0030208279  -0.0212654314   0.0283040103
       -0.0104023893  -0.0056226289  -0.0043257737   0.0008092280   0.0076386219
        0.0007776989  -0.0002263305   0.0000322634  -0.0002492702  -0.0205600515
       -0.0083784475  -0.0087678651   0.0370631841  -0.0932539086   0.1000485371
       -0.0310553176  -0.0181851196  -0.0141255833  -0.0003917419   0.0007859972
        0.0035160545   0.0022680866  -0.0036154373   0.0067784508   0.0077697074
        0.0011098975   0.0074809396   0.0003533647   0.0001621098   0.0016059863
       -0.0270286899  -0.0032157938  -0.0207486026  -0.1624016102  -0.0326314167
       -0.1353289556   0.2063133698  -0.1704357421   0.4859317005   0.0479601956
        0.0856491716  -0.1046518187   0.0081278032   0.0228231216  -0.0191498979
        0.0021618152  -0.0007602236   0.0010233385  -0.0075644472  -0.0011573051
        0.0025880051   0.0001056670  -0.0004461236   0.0005693227   0.0094818282
        0.0027832923   0.0038658907  -0.0723191349   0.1000333739  -0.2132209354
        0.0016090833  -0.0105915201   0.0061530847  -0.0025694616   0.0039440259
       -0.0027903550  -0.0029481215  -0.0009131287  -0.0008646287   0.0008439689
        0.0046220744  -0.0027921173  -0.0017722659   0.0002961941  -0.0005840310
        0.0194911500   0.0082827778   0.0147501081  -0.0470298905  -0.0241866530
       -0.0127291088  -0.1024057070  -0.0825365259   0.0479601956   0.5151588018
        0.1732469376   0.1471890993  -0.0682686139   0.0244246120  -0.0485308937
       -0.0309585439   0.0008614520  -0.0281251696  -0.0437592609  -0.0383295070
       -0.0010667129  -0.0021613404  -0.0040469411  -0.0056230472  -0.0014685101
       -0.0044663663  -0.0046299132   0.0057565353   0.0052802341  -0.0030910728
       -0.2102998099  -0.0504689669  -0.0753939593   0.0053241316  -0.0085721833
        0.0126807864  -0.0236573820   0.0064119606  -0.0363336023  -0.0163942160
       -0.0067832082  -0.0064124331   0.0006726559   0.0008823774  -0.0006442765
        0.0068105605  -0.0147891275   0.0121304644  -0.0422694968  -0.0119801210
       -0.0205020126  -0.0668650244  -0.1669833960   0.0856491716   0.1732469376
        0.4078752257  -0.2076549543   0.0086159430  -0.1158016619   0.0904857793
        0.0197359766   0.0126952887   0.0030029200  -0.0479138431  -0.0233506046
       -0.0017133031  -0.0051246755   0.0048060925   0.0016963418  -0.0035107470
        0.0051532337   0.0027788727  -0.0071215901  -0.0114541769   0.0098328475
       -0.0512318400  -0.0812948918  -0.0102102950   0.0038125584  -0.0122291823
        0.0202424811   0.0166421731   0.0073599436   0.0174810033  -0.0048383199
       -0.0004925046  -0.0027864441   0.0000113878   0.0004858823  -0.0004328727
        0.0166112640   0.0134277601  -0.0110072196   0.0084012394  -0.0051005345
        0.0144050075   0.0296014979   0.0723565728  -0.1046518187   0.1471890993
       -0.2076549543   0.4735690973  -0.0299986385   0.1038937700  -0.1926458262
       -0.0502874624  -0.0131179756  -0.0265924046   0.0100948873   0.0064322609
        0.0111759734  -0.0043416872   0.0026370656   0.0032049258  -0.0057214732
        0.0019646035   0.0028838718   0.0114504426   0.0203633193  -0.0120435912
       -0.0745167955  -0.0095150580  -0.1050929961  -0.0018837100   0.0097012193
       -0.0106849442  -0.0482354916   0.0087462092  -0.0410372889  -0.0088083138
       -0.0044758233  -0.0015828778   0.0004451417   0.0003415650   0.0001000916
       -0.0436618349  -0.0367102482   0.0072087501  -0.0088149400   0.0003919688
       -0.0066833717   0.0144152404   0.0030208279   0.0081278032  -0.0682686139
        0.0086159430  -0.0299986385   0.6013211324   0.2071492938   0.1746645781
       -0.3357899171  -0.0806879203  -0.1612213692   0.0018337095   0.0063438295
       -0.0064242017  -0.0112548738  -0.0017152653  -0.0067540004   0.0000558219
        0.0005138184  -0.0004857688  -0.0009288806  -0.0040612959   0.0006902510
       -0.0353141706   0.0077177964  -0.0325624161  -0.1223029930  -0.1077682396
        0.0522818088  -0.0016465050  -0.0044931407  -0.0027469867   0.0105820720
        0.0021337413   0.0035423163  -0.0002252473  -0.0004511089   0.0003612457
       -0.0196748665  -0.0074510397  -0.0098007540   0.0044394016   0.0006005834
        0.0012894553  -0.0034289990  -0.0212654314   0.0228231216   0.0244246120
       -0.1158016619   0.1038937700   0.2071492938   0.4018813664  -0.1647947119
       -0.1114953143  -0.0882916446  -0.0330801728  -0.0034559748  -0.0016920394
       -0.0001292114   0.0125770773   0.0024997406   0.0065851355   0.0002897832
        0.0004014221  -0.0002853201  -0.0036061470  -0.0014718237   0.0031845062
        0.0123821967   0.0041691040  -0.0034321994  -0.1080282764  -0.1753881288
        0.0726404889  -0.0063888422   0.0049285160  -0.0021612169  -0.0055300378
       -0.0031926513   0.0030599913   0.0003460935   0.0000736885   0.0002071178
       -0.0128111639  -0.0242937241   0.0161500874  -0.0113955724  -0.0021742766
       -0.0087386442   0.0157161987   0.0283040103  -0.0191498979  -0.0485308937
        0.0904857793  -0.1926458262   0.1746645781  -0.1647947119   0.4535748173
       -0.1251411477  -0.0068380129  -0.1341337623   0.0050635845   0.0082334873
       -0.0046834800  -0.0235044350  -0.0055867434  -0.0144892585  -0.0002463468
       -0.0000863654  -0.0001267847   0.0001239398   0.0028059937   0.0007461274
       -0.0380169174  -0.0074419546  -0.0314571034   0.0525783326   0.0728517312
       -0.0758681659  -0.0005026740  -0.0005543341   0.0079448438   0.0125967923
        0.0095508578   0.0028134096  -0.0005942751  -0.0004617366   0.0000636378
       -0.0919930589  -0.0456752125   0.0247791845   0.0163295118  -0.0000088274
        0.0121254314  -0.0135123757  -0.0104023893   0.0021618152  -0.0309585439
        0.0197359766  -0.0502874624  -0.3357899171  -0.1114953143  -0.1251411477
        0.5835699616   0.1689787991   0.2146978465  -0.0024238384  -0.0020487289
        0.0009051020  -0.0646326525   0.0319710265  -0.0666313041   0.0005800008
       -0.0000302624  -0.0031137133  -0.0002746324  -0.0002040988   0.0002971162
        0.0154448887   0.0038606180   0.0051315418  -0.0176431681  -0.0081930852
       -0.0075358740  -0.0023463024   0.0012059223  -0.0034714414  -0.0571278956
       -0.0504226050  -0.0073147356   0.0007780221   0.0027281814   0.0033976408
       -0.0591645572  -0.1479104388   0.0547619690   0.0014027600  -0.0158853146
        0.0223751557  -0.0063002089  -0.0056226289  -0.0007602236   0.0008614520
        0.0126952887  -0.0131179756  -0.0806879203  -0.0882916446  -0.0068380129
        0.1689787991   0.3569142775  -0.1591502014  -0.0031196550  -0.0031458207
        0.0002302626   0.0305496595  -0.0951183368   0.1019689782  -0.0005820392
        0.0008199354   0.0035359010  -0.0000516024  -0.0000398947  -0.0004449524
        0.0104659356   0.0031019884   0.0101835519  -0.0218092914  -0.0065687616
       -0.0078959787  -0.0008730391   0.0017760847  -0.0027776265  -0.0445127123
       -0.0119979567   0.0012148644   0.0048424197  -0.0007267776  -0.0032857116
        0.0406344802   0.0662532570  -0.1014583602   0.0104625407   0.0211545054
       -0.0137505860  -0.0027203229  -0.0043257737   0.0010233385  -0.0281251696
        0.0030029200  -0.0265924046  -0.1612213692  -0.0330801728  -0.1341337623
        0.2146978465  -0.1591502014   0.4684824203   0.0021636229   0.0011892390
       -0.0001824883  -0.0649703430   0.1031766174  -0.2069297984  -0.0024406582
        0.0040061835  -0.0025231036   0.0001434138  -0.0005707471   0.0003983661
       -0.0026986291   0.0044935167  -0.0034259522   0.0084350391   0.0037012266
        0.0053643465  -0.0010174850  -0.0009937790   0.0003731870  -0.0142640144
       -0.0038209238   0.0136683437   0.0009210482  -0.0050358679  -0.0003135463
        0.0061757862   0.0021133384   0.0027577556  -0.0029361388  -0.0005031242
       -0.0019595032  -0.0000682194   0.0008092280  -0.0075644472  -0.0437592609
       -0.0479138431   0.0100948873   0.0018337095  -0.0034559748   0.0050635845
       -0.0024238384  -0.0031196550   0.0021636229   0.2063033409   0.1876354270
       -0.0621503577  -0.0003246484   0.0001417413  -0.0005789026  -0.0012852578
       -0.0001025112   0.0002562902   0.0000154997  -0.0000121012   0.0002673650
       -0.1732568126  -0.1385195446   0.0607206125  -0.0019330105   0.0002218182
       -0.0016482941   0.0174082891   0.0049678321  -0.0049398866  -0.0061609213
       -0.0033593859  -0.0015865250   0.0004114826   0.0010967550  -0.0008962014
        0.0064923164   0.0023523268   0.0027052341  -0.0023629094   0.0006873201
       -0.0026440638  -0.0014300177   0.0076386219  -0.0011573051  -0.0383295070
       -0.0233506046   0.0064322609   0.0063438295  -0.0016920394   0.0082334873
       -0.0020487289  -0.0031458207   0.0011892390   0.1876354270   0.2827806804
       -0.1451379465  -0.0005424115   0.0001894069  -0.0005820796  -0.0001444693
       -0.0011057210  -0.0006075812   0.0004231718  -0.0001657750   0.0002295471
       -0.1281400919  -0.2331407538   0.0991027599  -0.0000333163   0.0016464956
       -0.0018615252  -0.0215300529  -0.0304451317   0.0365856049  -0.0068722775
       -0.0033622937  -0.0013676506   0.0005390378   0.0011132881  -0.0011199814
       -0.0023194061  -0.0009843259  -0.0008102269   0.0001778018  -0.0010859132
        0.0015366931  -0.0049581037   0.0007776989   0.0025880051  -0.0010667129
       -0.0017133031   0.0111759734  -0.0064242017  -0.0001292114  -0.0046834800
        0.0009051020   0.0002302626  -0.0001824883  -0.0621503577  -0.1451379465
        0.1386959952   0.0002514393   0.0000084893   0.0002736549   0.0003162022
       -0.0005319327  -0.0004990567  -0.0002278225  -0.0001223969  -0.0002629724
        0.0486267625   0.0904202869  -0.1192980958  -0.0013936194  -0.0016884904
        0.0007420546   0.0259764326   0.0590299278  -0.0303462615   0.0024463197
        0.0014858751   0.0006688818  -0.0001598360  -0.0005590204   0.0004013235
        0.0047832053  -0.0071162610   0.0109255934  -0.0006386971  -0.0034353318
        0.0001314200  -0.0002241261  -0.0002263305   0.0001056670  -0.0021613404
       -0.0051246755  -0.0043416872  -0.0112548738   0.0125770773  -0.0235044350
       -0.0646326525   0.0305496595  -0.0649703430  -0.0003246484  -0.0005424115
        0.0002514393   0.0735082241  -0.0310220983   0.0803095724   0.0000397433
       -0.0002317508   0.0008252917  -0.0002967581   0.0003013722   0.0001872452
        0.0016170947   0.0007028037  -0.0011668880  -0.0003242570   0.0021062662
        0.0009042611  -0.0012913865   0.0007523820  -0.0007408779   0.0015601777
        0.0001704384   0.0018892274  -0.0003597053   0.0005388603  -0.0008054864
        0.0069754072  -0.0102058646   0.0200069093  -0.0041070358  -0.0014803647
        0.0028627226  -0.0004201560   0.0000322634  -0.0004461236  -0.0040469411
        0.0048060925   0.0026370656  -0.0017152653   0.0024997406  -0.0055867434
        0.0319710265  -0.0951183368   0.1031766174   0.0001417413   0.0001894069
        0.0000084893  -0.0310220983   0.1013356177  -0.1194829959   0.0005294283
       -0.0010788588   0.0010055768   0.0003006936  -0.0004135030  -0.0003587971
       -0.0011978710   0.0008626458   0.0003481732   0.0013460716  -0.0012516560
       -0.0024513821   0.0005208700  -0.0006936580  -0.0004213447   0.0014287560
        0.0003207851  -0.0002422940  -0.0007046269   0.0001956898  -0.0010558734
       -0.0056026067   0.0079945094  -0.0123793851   0.0009161617   0.0034348936
        0.0006944990   0.0003571591  -0.0002492702   0.0005693227  -0.0056230472
        0.0016963418   0.0032049258  -0.0067540004   0.0065851355  -0.0144892585
       -0.0666313041   0.1019689782  -0.2069297984  -0.0005789026  -0.0005820796
        0.0002736549   0.0803095724  -0.1194829959   0.2307571618  -0.0000532989
        0.0003683076  -0.0010691615   0.0001891195  -0.0003516267  -0.0003473545
        0.0010805739   0.0019353482   0.0006971525   0.0018211551  -0.0017924501
       -0.0006429862  -0.0004775353  -0.0002040991  -0.0016379187   0.0003813122
       -0.0013508840   0.0009923658   0.0006656414   0.0000298912   0.0003067804
        0.0051708195   0.0043317697  -0.0023808341  -0.1220376344  -0.1105501572
        0.0523207197  -0.0180721010  -0.0205600515   0.0094818282  -0.0014685101
       -0.0035107470  -0.0057214732   0.0000558219   0.0002897832  -0.0002463468
        0.0005800008  -0.0005820392  -0.0024406582  -0.0012852578  -0.0001444693
        0.0003162022   0.0000397433   0.0005294283  -0.0000532989   0.1366907026
        0.1295113359  -0.0545128853  -0.0003262528   0.0012275772   0.0019108163
        0.0007530393  -0.0015913322   0.0007287393  -0.0002841115   0.0003114475
        0.0002402173  -0.0000450695   0.0001500875  -0.0002884639   0.0002565963
        0.0004923996   0.0006440350  -0.0000277866   0.0000949676   0.0000014025
       -0.0098072997  -0.0119347521   0.0080221515  -0.1109320763  -0.1786941345
        0.0776458271  -0.0069835742  -0.0083784475   0.0027832923  -0.0044663663
        0.0051532337   0.0019646035   0.0005138184   0.0004014221  -0.0000863654
       -0.0000302624   0.0008199354   0.0040061835  -0.0001025112  -0.0011057210
       -0.0005319327  -0.0002317508  -0.0010788588   0.0003683076   0.1295113359
        0.1950124001  -0.0912838795   0.0020581597  -0.0012772718  -0.0016803354
       -0.0000299736   0.0007048400   0.0015865478   0.0002870911  -0.0004424111
       -0.0003974426  -0.0001714051   0.0001483714  -0.0002616654   0.0004405911
        0.0004429680  -0.0016749359  -0.0000557766   0.0002284260  -0.0004603566
        0.0141566306   0.0200952813  -0.0094216751   0.0527725800   0.0779586079
       -0.0778127708  -0.0063983363  -0.0087678651   0.0038658907  -0.0046299132
        0.0027788727   0.0028838718  -0.0004857688  -0.0002853201  -0.0001267847
       -0.0031137133   0.0035359010  -0.0025231036   0.0002562902  -0.0006075812
       -0.0004990567   0.0008252917   0.0010055768  -0.0010691615  -0.0545128853
       -0.0912838795   0.0832176521   0.0009320254  -0.0023993784  -0.0006606461
       -0.0010204366   0.0003172171   0.0008138043   0.0002700577  -0.0003887554
       -0.0003234483   0.0000986406   0.0000196814   0.0001020459   0.0006971057
       -0.0016232168   0.0011440550   0.0001524316  -0.0003551416   0.0004093269
       -0.0006206150  -0.0054863266  -0.0037551538  -0.0105318438   0.0112587755
       -0.0231953014  -0.0687754094   0.0370631841  -0.0723191349   0.0057565353
       -0.0071215901   0.0114504426  -0.0009288806  -0.0036061470   0.0001239398
       -0.0002746324  -0.0000516024   0.0001434138   0.0000154997   0.0004231718
       -0.0002278225  -0.0002967581   0.0003006936   0.0001891195  -0.0003262528
        0.0020581597   0.0009320254   0.0779577196  -0.0348531371   0.0866772612
        0.0008914737   0.0001903950   0.0017664338   0.0002654843  -0.0006278352
        0.0006622669  -0.0018890303  -0.0004642274  -0.0010564440  -0.0005360909
        0.0002140948  -0.0013881533  -0.0007071992   0.0007023914  -0.0000028933
       -0.0047167259   0.0050791812   0.0033130492  -0.0022160857   0.0038618691
       -0.0049848913   0.0370341695  -0.0932539086   0.1000333739   0.0052802341
       -0.0114541769   0.0203633193  -0.0040612959  -0.0014718237   0.0028059937
       -0.0002040988  -0.0000398947  -0.0005707471  -0.0000121012  -0.0001657750
       -0.0001223969   0.0003013722  -0.0004135030  -0.0003516267   0.0012275772
       -0.0012772718  -0.0023993784  -0.0348531371   0.0998379146  -0.1184442598
        0.0026771378  -0.0009427499   0.0017016952   0.0002145495  -0.0006247589
        0.0013062221  -0.0007564002   0.0011246990  -0.0020146690  -0.0003786093
        0.0004930791   0.0000627103   0.0004634139  -0.0007528806  -0.0006983944
       -0.0046420201   0.0026830807   0.0042671284  -0.0074158267   0.0064664518
       -0.0126618117  -0.0722708344   0.1000485371  -0.2132209354  -0.0030910728
        0.0098328475  -0.0120435912   0.0006902510   0.0031845062   0.0007461274
        0.0002971162  -0.0004449524   0.0003983661   0.0002673650   0.0002295471
       -0.0002629724   0.0001872452  -0.0003587971  -0.0003473545   0.0019108163
       -0.0016803354  -0.0006606461   0.0866772612  -0.1184442598   0.2363035348
       -0.0011005641  -0.0003941857  -0.0019369059  -0.0003448554   0.0005751561
       -0.0006324577  -0.0007296145  -0.0017682541   0.0013591313  -0.0007077483
        0.0005896600  -0.0004704054   0.0002724814  -0.0005190023  -0.0008372075
       -0.0227587528  -0.0087284904  -0.0091084425   0.0114334731  -0.0058860690
        0.0133462167  -0.0484222669  -0.0310553176   0.0016090833  -0.2102998099
       -0.0512318400  -0.0745167955  -0.0353141706   0.0123821967  -0.0380169174
        0.0154448887   0.0104659356  -0.0026986291  -0.1732568126  -0.1281400919
        0.0486267625   0.0016170947  -0.0011978710   0.0010805739   0.0007530393
       -0.0000299736  -0.0010204366   0.0008914737   0.0026771378  -0.0011005641
        0.5528988484   0.1640760901   0.1345936267   0.0001851513  -0.0015183397
        0.0033551597  -0.1121372067   0.0306068893  -0.0842366856   0.0199181465
        0.0096913180   0.0060000079  -0.0009530963  -0.0021115742   0.0020870401
       -0.0070354343  -0.0031038790  -0.0022181044   0.0001058070  -0.0029379616
        0.0078933440  -0.0269163564  -0.0181851196  -0.0105915201  -0.0504689669
       -0.0812948918  -0.0095150580   0.0077177964   0.0041691040  -0.0074419546
        0.0038606180   0.0031019884   0.0044935167  -0.1385195446  -0.2331407538
        0.0904202869   0.0007028037   0.0008626458   0.0019353482  -0.0015913322
        0.0007048400   0.0003172171   0.0001903950  -0.0009427499  -0.0003941857
        0.1640760901   0.4685000189  -0.2083041266   0.0010260058  -0.0021254749
        0.0012999459   0.0406914436  -0.1372651290   0.1300523360   0.0062852848
        0.0025159525   0.0015417217  -0.0001246099  -0.0008585902   0.0005112330
       -0.0112432850  -0.0037174522  -0.0050963981   0.0064536513   0.0027871799
        0.0058756484  -0.0031761603  -0.0141255833   0.0061530847  -0.0753939593
       -0.0102102950  -0.1050929961  -0.0325624161  -0.0034321994  -0.0314571034
        0.0051315418   0.0101835519  -0.0034259522   0.0607206125   0.0991027599
       -0.1192980958  -0.0011668880   0.0003481732   0.0006971525   0.0007287393
        0.0015865478   0.0008138043   0.0017664338   0.0017016952  -0.0019369059
        0.1345936267  -0.2083041266   0.5286966111   0.0003752701  -0.0008195957
       -0.0003408833  -0.0960942346   0.1215941660  -0.2790134973   0.0102207798
        0.0045174604   0.0025799726  -0.0003537120  -0.0012122822   0.0008455586
        0.0009726456  -0.0026897281  -0.0059309681  -0.0000645825   0.0002987364
       -0.0000640442   0.0005053200  -0.0003917419  -0.0025694616   0.0053241316
        0.0038125584  -0.0018837100  -0.1223029930  -0.1080282764   0.0525783326
       -0.0176431681  -0.0218092914   0.0084350391  -0.0019330105  -0.0000333163
       -0.0013936194  -0.0003242570   0.0013460716   0.0018211551  -0.0002841115
        0.0002870911   0.0002700577   0.0002654843   0.0002145495  -0.0003448554
        0.0001851513   0.0010260058   0.0003752701   0.1379414837   0.1274303090
       -0.0525932192   0.0000160833  -0.0002920226   0.0004905013  -0.0031113883
       -0.0011059278   0.0011512743   0.0004532111  -0.0000650173  -0.0003417524
       -0.0036774336   0.0064688003   0.0029610210   0.0004882961   0.0002086075
       -0.0003059940   0.0001490248   0.0007859972   0.0039440259  -0.0085721833
       -0.0122291823   0.0097012193  -0.1077682396  -0.1753881288   0.0728517312
       -0.0081930852  -0.0065687616   0.0037012266   0.0002218182   0.0016464956
       -0.0016884904   0.0021062662  -0.0012516560  -0.0017924501   0.0003114475
       -0.0004424111  -0.0003887554  -0.0006278352  -0.0006247589   0.0005751561
       -0.0015183397  -0.0021254749  -0.0008195957   0.1274303090   0.1914712316
       -0.0883353767   0.0001838173  -0.0002677169   0.0002722159  -0.0003431098
       -0.0023280751  -0.0009381505  -0.0001907526   0.0006450333   0.0002622168
       -0.0047603332   0.0037959886   0.0031229072  -0.0002925016  -0.0004670832
       -0.0001060719  -0.0031750706   0.0035160545  -0.0027903550   0.0126807864
        0.0202424811  -0.0106849442   0.0522818088   0.0726404889  -0.0758681659
       -0.0075358740  -0.0078959787   0.0053643465  -0.0016482941  -0.0018615252
        0.0007420546   0.0009042611  -0.0024513821  -0.0006429862   0.0002402173
       -0.0003974426  -0.0003234483   0.0006622669   0.0013062221  -0.0006324577
        0.0033551597   0.0012999459  -0.0003408833  -0.0525932192  -0.0883353767
        0.0827281294  -0.0000666415  -0.0001357687  -0.0000878574   0.0001545802
       -0.0016349324  -0.0008522412  -0.0002071462   0.0003783084   0.0003719736
        0.0044554116   0.0020202817   0.0013241221  -0.0009308096   0.0017989616
       -0.0024596493   0.0002582127   0.0022680866  -0.0029481215  -0.0236573820
        0.0166421731  -0.0482354916  -0.0016465050  -0.0063888422  -0.0005026740
       -0.0023463024  -0.0008730391  -0.0010174850   0.0174082891  -0.0215300529
        0.0259764326  -0.0012913865   0.0005208700  -0.0004775353  -0.0000450695
       -0.0001714051   0.0000986406  -0.0018890303  -0.0007564002  -0.0007296145
       -0.1121372067   0.0406914436  -0.0960942346   0.0000160833   0.0001838173
       -0.0000666415   0.1257534440  -0.0328597564   0.1266983775  -0.0042853496
       -0.0021200588  -0.0008959291   0.0003376009   0.0005739211  -0.0006701964
       -0.0035005341  -0.0014986953  -0.0010886178   0.0010015601  -0.0005774956
        0.0009221941  -0.0067869188  -0.0036154373  -0.0009131287   0.0064119606
        0.0073599436   0.0087462092  -0.0044931407   0.0049285160  -0.0005543341
        0.0012059223   0.0017760847  -0.0009937790   0.0049678321  -0.0304451317
        0.0590299278   0.0007523820  -0.0006936580  -0.0002040991   0.0001500875
        0.0001483714   0.0000196814  -0.0004642274   0.0011246990  -0.0017682541
        0.0306068893  -0.1372651290   0.1215941660  -0.0002920226  -0.0002677169
       -0.0001357687  -0.0328597564   0.1574012992  -0.1856736639   0.0037337887
        0.0020979484   0.0004173808  -0.0004338226  -0.0004735987   0.0006020861
        0.0078142425   0.0036026163   0.0024915157  -0.0015509239   0.0016447073
       -0.0036711378   0.0076343142   0.0067784508  -0.0008646287  -0.0363336023
        0.0174810033  -0.0410372889  -0.0027469867  -0.0021612169   0.0079448438
       -0.0034714414  -0.0027776265   0.0003731870  -0.0049398866   0.0365856049
       -0.0303462615  -0.0007408779  -0.0004213447  -0.0016379187  -0.0002884639
       -0.0002616654   0.0001020459  -0.0010564440  -0.0020146690   0.0013591313
       -0.0842366856   0.1300523360  -0.2790134973   0.0004905013   0.0002722159
       -0.0000878574   0.1266983775  -0.1856736639   0.3468369045  -0.0078065067
       -0.0045059909  -0.0014829916   0.0005343835   0.0013992427  -0.0009660461
       -0.3586876294  -0.1249310497  -0.1203499945  -0.0357260607   0.0078360629
       -0.0381254937   0.0135703612   0.0077697074   0.0008439689  -0.0163942160
       -0.0048383199  -0.0088083138   0.0105820720  -0.0055300378   0.0125967923
       -0.0571278956  -0.0445127123  -0.0142640144  -0.0061609213  -0.0068722775
        0.0024463197   0.0015601777   0.0014287560   0.0003813122   0.0002565963
        0.0004405911   0.0006971057  -0.0005360909  -0.0003786093  -0.0007077483
        0.0199181465   0.0062852848   0.0102207798  -0.0031113883  -0.0003431098
        0.0001545802  -0.0042853496   0.0037337887  -0.0078065067   0.4833480916
        0.1131684031   0.2374356688  -0.0472058935   0.0467435221  -0.0747144562
       -0.0963872596  -0.1021955162  -0.0132100573   0.0110963525   0.0078814330
       -0.0016991824   0.0043149404   0.0011098975   0.0046220744  -0.0067832082
       -0.0004925046  -0.0044758233   0.0021337413  -0.0031926513   0.0095508578
       -0.0504226050  -0.0119979567  -0.0038209238  -0.0033593859  -0.0033622937
        0.0014858751   0.0001704384   0.0003207851  -0.0013508840   0.0004923996
        0.0004429680  -0.0016232168   0.0002140948   0.0004930791   0.0005896600
        0.0096913180   0.0025159525   0.0045174604  -0.0011059278  -0.0023280751
       -0.0016349324  -0.0021200588   0.0020979484  -0.0045059909   0.1131684031
        0.2396429872  -0.1304511372   0.0188967572  -0.1309360531   0.1420062203
       -0.1537396932  -0.0374391216  -0.1301701224  -0.0419813031  -0.0044476959
       -0.0319687262   0.0047764590   0.0074809396  -0.0027921173  -0.0064124331
       -0.0027864441  -0.0015828778   0.0035423163   0.0030599913   0.0028134096
       -0.0073147356   0.0012148644   0.0136683437  -0.0015865250  -0.0013676506
        0.0006688818   0.0018892274  -0.0002422940   0.0009923658   0.0006440350
       -0.0016749359   0.0011440550  -0.0013881533   0.0000627103  -0.0004704054
        0.0060000079   0.0015417217   0.0025799726   0.0011512743  -0.0009381505
       -0.0008522412  -0.0008959291   0.0004173808  -0.0014829916   0.2374356688
       -0.1304511372   0.4007017044  -0.0421202163   0.1655698217  -0.2532492511
       -0.0179690351   0.0185059497  -0.0367257502  -0.0028088824  -0.0054682771
       -0.0052437564  -0.0003341648   0.0003533647  -0.0017722659   0.0006726559
        0.0000113878   0.0004451417  -0.0002252473   0.0003460935  -0.0005942751
        0.0007780221   0.0048424197   0.0009210482   0.0004114826   0.0005390378
       -0.0001598360  -0.0003597053  -0.0007046269   0.0006656414  -0.0000277866
       -0.0000557766   0.0001524316  -0.0007071992   0.0004634139   0.0002724814
       -0.0009530963  -0.0001246099  -0.0003537120   0.0004532111  -0.0001907526
       -0.0002071462   0.0003376009  -0.0004338226   0.0005343835  -0.0472058935
        0.0188967572  -0.0421202163   0.0679380380  -0.0369805586   0.0841858304
       -0.0086913248   0.0028652208  -0.0109701736  -0.0039190163   0.0049879690
        0.0036492441  -0.0011423763   0.0001621098   0.0002961941   0.0008823774
        0.0004858823   0.0003415650  -0.0004511089   0.0000736885  -0.0004617366
        0.0027281814  -0.0007267776  -0.0050358679   0.0010967550   0.0011132881
       -0.0005590204   0.0005388603   0.0001956898   0.0000298912   0.0000949676
        0.0002284260  -0.0003551416   0.0007023914  -0.0007528806  -0.0005190023
       -0.0021115742  -0.0008585902  -0.0012122822  -0.0000650173   0.0006450333
        0.0003783084   0.0005739211  -0.0004735987   0.0013992427   0.0467435221
       -0.1309360531   0.1655698217  -0.0369805586   0.1229905927  -0.1525510428
       -0.0048757785   0.0120684629  -0.0185046810  -0.0070883128   0.0023409096
        0.0021848285   0.0000061945   0.0016059863  -0.0005840310  -0.0006442765
       -0.0004328727   0.0001000916   0.0003612457   0.0002071178   0.0000636378
        0.0033976408  -0.0032857116  -0.0003135463  -0.0008962014  -0.0011199814
        0.0004013235  -0.0008054864  -0.0010558734   0.0003067804   0.0000014025
       -0.0004603566   0.0004093269  -0.0000028933  -0.0006983944  -0.0008372075
        0.0020870401   0.0005112330   0.0008455586  -0.0003417524   0.0002622168
        0.0003719736  -0.0006701964   0.0006020861  -0.0009660461  -0.0747144562
        0.1420062203  -0.2532492511   0.0841858304  -0.1525510428   0.2697712422
