           1           2   1.14353074736151     
           2           3   1.67466389963342     
           3           4   1.20666939224531     
           4           5   1.21324222439624     
           1           6   1.13547843481460     
           5           6   1.66668688394054     
           4           7  0.108280538671933     
           6           8  0.967227855318274     
           2           9  0.967720766133517     
           3          10  0.964712608986558     
           4          11   1.20853653167709     
           7          11   1.25259524577837     
           5          12  0.964616285694494     
           4          13  0.108606536809591     
           7          13  0.195390607599478     
          11          13   1.25470459645117     
           1          14   1.62274853347497     
          14          15  0.958320928289619     
