# Atoms array:
     x           y            z                   Z     indx
   -4.071476     0.625003     0.092938            6      0
   -2.508699     1.615005     0.362586           16      1
   -4.105149     0.311276    -0.943701            1      2
   -4.046257    -0.225543     0.762365            1      3
   -4.908983     1.274378     0.322329            1      4
   -1.362438     0.404944    -0.083471            6      5
   -1.198009    -0.372644     0.639239            1      6
   -2.498368     2.668962    -0.648779            8      7
   -0.525819     0.710886    -0.683768            1      8

# Gridpoints array:
     x           y            z                   Z     indx
   -6.111476     0.625003     0.092938            6      0
   -4.071476     2.665003     0.092938            6      0
   -4.071476    -1.414997     0.092938            6      0
   -4.071476     0.625003     2.132938            6      0
   -4.071476     0.625003    -1.947062            6      0
   -5.249270     1.802797     1.270733            6      0
   -2.893681    -0.552792     1.270733            6      0
   -5.249270    -0.552792     1.270733            6      0
   -5.249270     1.802797    -1.084856            6      0
   -2.893681    -0.552792    -1.084856            6      0
   -5.249270    -0.552792    -1.084856            6      0
   -3.693840     1.002639     2.061791            6      0
   -4.449112     1.002639     2.061791            6      0
   -3.693840     0.247367     2.061791            6      0
   -4.449112     0.247367     2.061791            6      0
   -3.693840     1.002639    -1.875915            6      0
   -4.449112     1.002639    -1.875915            6      0
   -3.693840     0.247367    -1.875915            6      0
   -4.449112     0.247367    -1.875915            6      0
   -4.449112     2.593856     0.470574            6      0
   -3.693840    -1.343850     0.470574            6      0
   -4.449112    -1.343850     0.470574            6      0
   -4.449112     2.593856    -0.284698            6      0
   -3.693840    -1.343850    -0.284698            6      0
   -4.449112    -1.343850    -0.284698            6      0
   -6.040329     1.002639     0.470574            6      0
   -6.040329     0.247367     0.470574            6      0
   -6.040329     1.002639    -0.284698            6      0
   -6.040329     0.247367    -0.284698            6      0
   -5.479935     2.033462     0.533491            6      0
   -2.663017    -0.783456     0.533491            6      0
   -5.479935    -0.783456     0.533491            6      0
   -5.479935     2.033462    -0.347615            6      0
   -2.663017    -0.783456    -0.347615            6      0
   -5.479935    -0.783456    -0.347615            6      0
   -5.479935     1.065556     1.501397            6      0
   -2.663017     0.184450     1.501397            6      0
   -5.479935     0.184450     1.501397            6      0
   -2.663017     1.065556    -1.315521            6      0
   -5.479935     1.065556    -1.315521            6      0
   -2.663017     0.184450    -1.315521            6      0
   -5.479935     0.184450    -1.315521            6      0
   -3.630923     2.033462     1.501397            6      0
   -4.512029     2.033462     1.501397            6      0
   -3.630923    -0.783456     1.501397            6      0
   -4.512029    -0.783456     1.501397            6      0
   -3.630923     2.033462    -1.315521            6      0
   -4.512029     2.033462    -1.315521            6      0
   -3.630923    -0.783456    -1.315521            6      0
   -4.512029    -0.783456    -1.315521            6      0
   -4.878682     1.432209     1.783629            6      0
   -3.264269    -0.182204     1.783629            6      0
   -4.878682    -0.182204     1.783629            6      0
   -3.264269     1.432209    -1.597753            6      0
   -4.878682     1.432209    -1.597753            6      0
   -3.264269    -0.182204    -1.597753            6      0
   -4.878682    -0.182204    -1.597753            6      0
   -4.878682     2.315694     0.900145            6      0
   -3.264269    -1.065688     0.900145            6      0
   -4.878682    -1.065688     0.900145            6      0
   -4.878682     2.315694    -0.714268            6      0
   -3.264269    -1.065688    -0.714268            6      0
   -4.878682    -1.065688    -0.714268            6      0
   -5.762166     1.432209     0.900145            6      0
   -5.762166    -0.182204     0.900145            6      0
   -5.762166     1.432209    -0.714268            6      0
   -5.762166    -0.182204    -0.714268            6      0
   -5.047349     2.416447     0.092938            6      0
   -3.095603    -1.166441     0.092938            6      0
   -5.047349    -1.166441     0.092938            6      0
   -5.862920     1.600876     0.092938            6      0
   -5.862920    -0.350870     0.092938            6      0
   -3.095603     0.625003     1.884382            6      0
   -5.047349     0.625003     1.884382            6      0
   -3.095603     0.625003    -1.698506            6      0
   -5.047349     0.625003    -1.698506            6      0
   -5.862920     0.625003     1.068811            6      0
   -5.862920     0.625003    -0.882935            6      0
   -4.071476     1.600876     1.884382            6      0
   -4.071476    -0.350870     1.884382            6      0
   -4.071476     1.600876    -1.698506            6      0
   -4.071476    -0.350870    -1.698506            6      0
   -4.071476     2.416447     1.068811            6      0
   -4.071476    -1.166441     1.068811            6      0
   -4.071476     2.416447    -0.882935            6      0
   -4.071476    -1.166441    -0.882935            6      0
   -2.508699     3.775005     0.362586           16      1
   -2.508699     1.615005     2.522586           16      1
   -2.508699     1.615005    -1.797414           16      1
   -1.261622     2.862082     1.609663           16      1
   -3.755775     2.862082     1.609663           16      1
   -1.261622     0.367928     1.609663           16      1
   -3.755775     0.367928     1.609663           16      1
   -1.261622     2.862082    -0.884491           16      1
   -3.755775     2.862082    -0.884491           16      1
   -2.108849     2.014855     2.447254           16      1
   -2.908548     2.014855     2.447254           16      1
   -2.108849     1.215155     2.447254           16      1
   -2.908548     1.215155     2.447254           16      1
   -2.108849     2.014855    -1.722082           16      1
   -2.908548     2.014855    -1.722082           16      1
   -2.108849     1.215155    -1.722082           16      1
   -2.908548     1.215155    -1.722082           16      1
   -2.108849     3.699673     0.762436           16      1
   -2.908548     3.699673     0.762436           16      1
   -2.908548    -0.469663     0.762436           16      1
   -0.424031     2.014855     0.762436           16      1
   -0.424031     2.014855    -0.037264           16      1
   -1.017389     3.106314     0.829054           16      1
   -4.000008     3.106314     0.829054           16      1
   -1.017389     3.106314    -0.103882           16      1
   -4.000008     3.106314    -0.103882           16      1
   -1.017389     2.081473     1.853895           16      1
   -4.000008     2.081473     1.853895           16      1
   -1.017389     1.148537     1.853895           16      1
   -4.000008     1.148537     1.853895           16      1
   -1.017389     2.081473    -1.128723           16      1
   -4.000008     2.081473    -1.128723           16      1
   -2.042231     3.106314     1.853895           16      1
   -2.975166     3.106314     1.853895           16      1
   -2.042231     0.123696     1.853895           16      1
   -2.975166     0.123696     1.853895           16      1
   -2.975166     0.123696    -1.128723           16      1
   -1.654009     2.469694     2.152729           16      1
   -3.363388     2.469694     2.152729           16      1
   -1.654009     0.760316     2.152729           16      1
   -3.363388     0.760316     2.152729           16      1
   -3.363388     0.760316    -1.427557           16      1
   -1.654009     3.405148     1.217275           16      1
   -3.363388     3.405148     1.217275           16      1
   -0.718555     2.469694     1.217275           16      1
   -4.298842     2.469694     1.217275           16      1
   -0.718555     0.760316     1.217275           16      1
   -0.718555     2.469694    -0.492103           16      1
   -4.298842     2.469694    -0.492103           16      1
   -1.475421     3.511828     0.362586           16      1
   -3.541976     3.511828     0.362586           16      1
   -0.611875     2.648282     0.362586           16      1
   -4.405522     2.648282     0.362586           16      1
   -1.475421     1.615005     2.259409           16      1
   -3.541976     1.615005     2.259409           16      1
   -1.475421     1.615005    -1.534237           16      1
   -3.541976     1.615005    -1.534237           16      1
   -0.611875     1.615005     1.395863           16      1
   -4.405522     1.615005     1.395863           16      1
   -2.508699     2.648282     2.259409           16      1
   -2.508699     0.581728     2.259409           16      1
   -2.508699     0.581728    -1.534237           16      1
   -2.508699     3.511828     1.395863           16      1
   -2.508699    -0.281818     1.395863           16      1
   -4.105149    -1.008724    -0.943701            1      2
   -4.105149     0.311276    -2.263701            1      2
   -3.343046     1.073378    -1.705804            1      2
   -4.867251     1.073378    -1.705804            1      2
   -3.343046    -0.450827    -1.705804            1      2
   -4.867251    -0.450827    -1.705804            1      2
   -3.860796     0.555628    -2.217665            1      2
   -4.349501     0.555628    -2.217665            1      2
   -3.860796     0.066923    -2.217665            1      2
   -4.349501     0.066923    -2.217665            1      2
   -3.860796    -0.962688    -0.699349            1      2
   -4.349501    -0.962688    -0.699349            1      2
   -3.860796    -0.962688    -1.188054            1      2
   -4.349501    -0.962688    -1.188054            1      2
   -5.379113     0.555628    -1.188054            1      2
   -2.831185     0.066923    -1.188054            1      2
   -5.379113     0.066923    -1.188054            1      2
   -5.016505    -0.600080    -0.658638            1      2
   -5.016505     1.222631    -1.228765            1      2
   -3.193793    -0.600080    -1.228765            1      2
   -5.016505    -0.600080    -1.228765            1      2
   -3.193793     0.596339    -1.855057            1      2
   -5.016505     0.596339    -1.855057            1      2
   -3.193793     0.026212    -1.855057            1      2
   -5.016505     0.026212    -1.855057            1      2
   -3.820085     1.222631    -1.855057            1      2
   -4.390212     1.222631    -1.855057            1      2
   -3.820085    -0.600080    -1.855057            1      2
   -4.390212    -0.600080    -1.855057            1      2
   -3.582839     0.833586    -2.037678            1      2
   -4.627459     0.833586    -2.037678            1      2
   -3.582839    -0.211035    -2.037678            1      2
   -4.627459    -0.211035    -2.037678            1      2
   -3.582839     1.405252    -1.466011            1      2
   -4.627459     1.405252    -1.466011            1      2
   -3.582839    -0.782701    -1.466011            1      2
   -4.627459    -0.782701    -1.466011            1      2
   -3.011172     0.833586    -1.466011            1      2
   -5.199125     0.833586    -1.466011            1      2
   -3.011172    -0.211035    -1.466011            1      2
   -5.199125    -0.211035    -1.466011            1      2
   -3.473702    -0.847894    -0.943701            1      2
   -4.736596    -0.847894    -0.943701            1      2
   -2.945979    -0.320172    -0.943701            1      2
   -5.264319    -0.320172    -0.943701            1      2
   -3.473702     0.311276    -2.102871            1      2
   -4.736596     0.311276    -2.102871            1      2
   -2.945979     0.311276    -1.575148            1      2
   -5.264319     0.311276    -1.575148            1      2
   -4.105149     0.942723    -2.102871            1      2
   -4.105149    -0.320172    -2.102871            1      2
   -4.105149     1.470445    -1.575148            1      2
   -4.105149    -0.847894    -1.575148            1      2
   -4.046257    -1.545543     0.762365            1      3
   -4.046257    -0.225543     2.082365            1      3
   -3.284155    -0.987646     1.524467            1      3
   -4.808360    -0.987646     1.524467            1      3
   -3.284155    -0.987646     0.000262            1      3
   -4.808360    -0.987646     0.000262            1      3
   -3.801905     0.018809     2.036328            1      3
   -4.290610     0.018809     2.036328            1      3
   -3.801905    -0.469896     2.036328            1      3
   -4.290610    -0.469896     2.036328            1      3
   -3.801905    -1.499507     1.006717            1      3
   -4.290610    -1.499507     1.006717            1      3
   -3.801905    -1.499507     0.518012            1      3
   -4.290610    -1.499507     0.518012            1      3
   -2.772294    -0.469896     1.006717            1      3
   -5.320221    -0.469896     1.006717            1      3
   -3.134901    -1.136899     1.047428            1      3
   -4.957613    -1.136899     1.047428            1      3
   -3.134901    -1.136899     0.477301            1      3
   -4.957613    -1.136899     0.477301            1      3
   -3.134901     0.059520     1.673721            1      3
   -4.957613     0.059520     1.673721            1      3
   -3.134901    -0.510607     1.673721            1      3
   -4.957613    -0.510607     1.673721            1      3
   -3.761194    -1.136899     1.673721            1      3
   -4.331321    -1.136899     1.673721            1      3
   -3.761194    -1.136899    -0.148991            1      3
   -4.331321    -1.136899    -0.148991            1      3
   -3.523947     0.296767     1.856341            1      3
   -4.568567     0.296767     1.856341            1      3
   -3.523947    -0.747854     1.856341            1      3
   -4.568567    -0.747854     1.856341            1      3
   -3.523947    -1.319520     1.284675            1      3
   -4.568567    -1.319520     1.284675            1      3
   -3.523947    -1.319520     0.240055            1      3
   -4.568567    -1.319520     0.240055            1      3
   -2.952281    -0.747854     1.284675            1      3
   -5.140234    -0.747854     1.284675            1      3
   -2.952281    -0.747854     0.240055            1      3
   -5.140234    -0.747854     0.240055            1      3
   -3.414810    -1.384713     0.762365            1      3
   -4.677704    -1.384713     0.762365            1      3
   -2.887088    -0.856991     0.762365            1      3
   -5.205427    -0.856991     0.762365            1      3
   -3.414810    -0.225543     1.921534            1      3
   -4.677704    -0.225543     1.921534            1      3
   -2.887088    -0.225543     1.393812            1      3
   -5.205427    -0.225543     1.393812            1      3
   -4.046257     0.405904     1.921534            1      3
   -4.046257    -0.856991     1.921534            1      3
   -4.046257    -1.384713     1.393812            1      3
   -4.046257    -1.384713     0.130918            1      3
   -6.228983     1.274378     0.322329            1      4
   -4.908983     2.594378     0.322329            1      4
   -4.908983     1.274378     1.642329            1      4
   -5.671086     2.036480     1.084431            1      4
   -5.671086     0.512276     1.084431            1      4
   -5.671086     2.036480    -0.439773            1      4
   -4.664631     1.518731     1.596293            1      4
   -5.153336     1.518731     1.596293            1      4
   -5.153336     1.030025     1.596293            1      4
   -5.153336     1.518731    -0.951635            1      4
   -4.664631     2.548342     0.566682            1      4
   -5.153336     2.548342     0.566682            1      4
   -4.664631     2.548342     0.077976            1      4
   -5.153336     2.548342     0.077976            1      4
   -6.182947     1.518731     0.566682            1      4
   -6.182947     1.030025     0.566682            1      4
   -6.182947     1.518731     0.077976            1      4
   -6.182947     1.030025     0.077976            1      4
   -5.820339     2.185734     0.607393            1      4
   -5.820339     0.363022     0.607393            1      4
   -5.820339     2.185734     0.037265            1      4
   -5.820339     0.363022     0.037265            1      4
   -5.820339     1.559442     1.233685            1      4
   -5.820339     0.989314     1.233685            1      4
   -5.820339     1.559442    -0.589027            1      4
   -5.820339     0.989314    -0.589027            1      4
   -4.623920     2.185734     1.233685            1      4
   -5.194047     2.185734     1.233685            1      4
   -4.623920     2.185734    -0.589027            1      4
   -5.194047     2.185734    -0.589027            1      4
   -4.386673     1.796688     1.416305            1      4
   -5.431294     1.796688     1.416305            1      4
   -5.431294     0.752068     1.416305            1      4
   -5.431294     1.796688    -0.771647            1      4
   -4.386673     2.368354     0.844639            1      4
   -5.431294     2.368354     0.844639            1      4
   -4.386673     2.368354    -0.199981            1      4
   -5.431294     2.368354    -0.199981            1      4
   -6.002960     1.796688     0.844639            1      4
   -6.002960     0.752068     0.844639            1      4
   -6.002960     1.796688    -0.199981            1      4
   -6.002960     0.752068    -0.199981            1      4
   -4.277536     2.433548     0.322329            1      4
   -5.540431     2.433548     0.322329            1      4
   -6.068153     1.905825     0.322329            1      4
   -6.068153     0.642931     0.322329            1      4
   -5.540431     1.274378     1.481499            1      4
   -5.540431     1.274378    -0.836841            1      4
   -6.068153     1.274378     0.953776            1      4
   -6.068153     1.274378    -0.309118            1      4
   -4.908983     1.905825     1.481499            1      4
   -4.908983     1.905825    -0.836841            1      4
   -4.908983     2.433548     0.953776            1      4
   -4.908983     2.433548    -0.309118            1      4
    0.677562     0.404944    -0.083471            6      5
   -1.362438    -1.635056    -0.083471            6      5
   -1.362438     0.404944     1.956529            6      5
   -1.362438     0.404944    -2.123471            6      5
   -0.184643     1.582738     1.094324            6      5
   -0.184643    -0.772851     1.094324            6      5
   -2.540232    -0.772851     1.094324            6      5
   -0.184643     1.582738    -1.261265            6      5
   -0.184643    -0.772851    -1.261265            6      5
   -2.540232    -0.772851    -1.261265            6      5
   -0.984802     0.782579     1.885382            6      5
   -1.740074     0.782579     1.885382            6      5
   -0.984802     0.027308     1.885382            6      5
   -1.740074     0.027308     1.885382            6      5
   -0.984802     0.782579    -2.052324            6      5
   -1.740074     0.782579    -2.052324            6      5
   -0.984802     0.027308    -2.052324            6      5
   -1.740074     0.027308    -2.052324            6      5
   -0.984802     2.373797     0.294165            6      5
   -0.984802    -1.563910     0.294165            6      5
   -1.740074    -1.563910     0.294165            6      5
   -0.984802     2.373797    -0.461107            6      5
   -0.984802    -1.563910    -0.461107            6      5
   -1.740074    -1.563910    -0.461107            6      5
    0.606415     0.782579     0.294165            6      5
    0.606415     0.027308     0.294165            6      5
    0.606415     0.782579    -0.461107            6      5
    0.606415     0.027308    -0.461107            6      5
    0.046021     1.813402     0.357082            6      5
    0.046021    -1.003515     0.357082            6      5
   -2.770897    -1.003515     0.357082            6      5
    0.046021     1.813402    -0.524024            6      5
    0.046021    -1.003515    -0.524024            6      5
   -2.770897    -1.003515    -0.524024            6      5
    0.046021     0.845496     1.324988            6      5
    0.046021    -0.035609     1.324988            6      5
   -2.770897    -0.035609     1.324988            6      5
    0.046021     0.845496    -1.491930            6      5
   -2.770897     0.845496    -1.491930            6      5
    0.046021    -0.035609    -1.491930            6      5
   -2.770897    -0.035609    -1.491930            6      5
   -0.921885     1.813402     1.324988            6      5
   -0.921885    -1.003515     1.324988            6      5
   -1.802991    -1.003515     1.324988            6      5
   -0.921885     1.813402    -1.491930            6      5
   -1.802991     1.813402    -1.491930            6      5
   -0.921885    -1.003515    -1.491930            6      5
   -1.802991    -1.003515    -1.491930            6      5
   -0.555231     1.212150     1.607220            6      5
   -0.555231    -0.402263     1.607220            6      5
   -2.169644    -0.402263     1.607220            6      5
   -0.555231     1.212150    -1.774161            6      5
   -2.169644     1.212150    -1.774161            6      5
   -0.555231    -0.402263    -1.774161            6      5
   -2.169644    -0.402263    -1.774161            6      5
   -0.555231     2.095634     0.723736            6      5
   -0.555231    -1.285747     0.723736            6      5
   -2.169644    -1.285747     0.723736            6      5
   -0.555231     2.095634    -0.890677            6      5
   -0.555231    -1.285747    -0.890677            6      5
   -2.169644    -1.285747    -0.890677            6      5
    0.328253     1.212150     0.723736            6      5
    0.328253    -0.402263     0.723736            6      5
    0.328253     1.212150    -0.890677            6      5
    0.328253    -0.402263    -0.890677            6      5
   -3.053129    -0.402263    -0.890677            6      5
   -0.386565     2.196388    -0.083471            6      5
   -0.386565    -1.386501    -0.083471            6      5
   -2.338311    -1.386501    -0.083471            6      5
    0.429006     1.380816    -0.083471            6      5
    0.429006    -0.570929    -0.083471            6      5
   -0.386565     0.404944     1.707974            6      5
   -2.338311     0.404944     1.707974            6      5
   -0.386565     0.404944    -1.874915            6      5
   -2.338311     0.404944    -1.874915            6      5
    0.429006     0.404944     0.892402            6      5
    0.429006     0.404944    -1.059343            6      5
   -1.362438     1.380816     1.707974            6      5
   -1.362438    -0.570929     1.707974            6      5
   -1.362438     1.380816    -1.874915            6      5
   -1.362438    -0.570929    -1.874915            6      5
   -1.362438    -1.386501     0.892402            6      5
   -1.362438    -1.386501    -1.059343            6      5
    0.121991    -0.372644     0.639239            1      6
   -1.198009    -1.692644     0.639239            1      6
   -1.198009    -0.372644     1.959239            1      6
   -0.435907     0.389458     1.401341            1      6
   -0.435907    -1.134747     1.401341            1      6
   -1.960112    -1.134747     1.401341            1      6
   -0.435907    -1.134747    -0.122863            1      6
   -0.953657    -0.128292     1.913203            1      6
   -1.442362    -0.128292     1.913203            1      6
   -0.953657    -0.616997     1.913203            1      6
   -1.442362    -0.616997     1.913203            1      6
   -0.953657    -1.646608     0.883592            1      6
   -1.442362    -1.646608     0.883592            1      6
   -0.953657    -1.646608     0.394886            1      6
   -1.442362    -1.646608     0.394886            1      6
    0.075954    -0.128292     0.883592            1      6
    0.075954    -0.616997     0.883592            1      6
   -2.471973    -0.616997     0.883592            1      6
    0.075954    -0.616997     0.394886            1      6
   -0.286654    -1.284000     0.924303            1      6
   -2.109365    -1.284000     0.924303            1      6
   -0.286654    -1.284000     0.354175            1      6
   -2.109365    -1.284000     0.354175            1      6
   -0.286654    -0.087581     1.550595            1      6
   -2.109365    -0.087581     1.550595            1      6
   -0.286654    -0.657708     1.550595            1      6
   -2.109365    -0.657708     1.550595            1      6
   -0.912946     0.538711     1.550595            1      6
   -0.912946    -1.284000     1.550595            1      6
   -1.483073    -1.284000     1.550595            1      6
   -0.912946    -1.284000    -0.272117            1      6
   -1.483073    -1.284000    -0.272117            1      6
   -0.675699     0.149666     1.733215            1      6
   -1.720319     0.149666     1.733215            1      6
   -0.675699    -0.894955     1.733215            1      6
   -1.720319    -0.894955     1.733215            1      6
   -0.675699    -1.466621     1.161549            1      6
   -1.720319    -1.466621     1.161549            1      6
   -0.675699    -1.466621     0.116929            1      6
   -1.720319    -1.466621     0.116929            1      6
   -0.104033     0.149666     1.161549            1      6
   -0.104033    -0.894955     1.161549            1      6
   -2.291986    -0.894955     1.161549            1      6
   -0.104033    -0.894955     0.116929            1      6
   -0.566562    -1.531814     0.639239            1      6
   -1.829456    -1.531814     0.639239            1      6
   -0.038840    -1.004092     0.639239            1      6
   -2.357179    -1.004092     0.639239            1      6
   -0.566562    -0.372644     1.798409            1      6
   -1.829456    -0.372644     1.798409            1      6
   -0.038840    -0.372644     1.270686            1      6
   -2.357179    -0.372644     1.270686            1      6
   -1.198009     0.258803     1.798409            1      6
   -1.198009    -1.004092     1.798409            1      6
   -1.198009    -1.531814     1.270686            1      6
   -1.198009    -1.531814     0.007792            1      6
   -0.674368     2.668962    -0.648779            8      7
   -4.322368     2.668962    -0.648779            8      7
   -2.498368     4.492962    -0.648779            8      7
   -2.498368     2.668962    -2.472779            8      7
   -1.445281     3.722049     0.404308            8      7
   -3.551455     3.722049     0.404308            8      7
   -1.445281     3.722049    -1.701866            8      7
   -3.551455     3.722049    -1.701866            8      7
   -1.445281     1.615876    -1.701866            8      7
   -3.551455     1.615876    -1.701866            8      7
   -2.160717     3.006613    -2.409165            8      7
   -2.836019     3.006613    -2.409165            8      7
   -2.160717     2.331312    -2.409165            8      7
   -2.836019     2.331312    -2.409165            8      7
   -2.160717     4.429349    -0.311128            8      7
   -2.836019     4.429349    -0.311128            8      7
   -2.160717     4.429349    -0.986430            8      7
   -2.836019     4.429349    -0.986430            8      7
   -0.737982     3.006613    -0.311128            8      7
   -4.258754     3.006613    -0.311128            8      7
   -0.737982     2.331312    -0.311128            8      7
   -4.258754     2.331312    -0.311128            8      7
   -0.737982     3.006613    -0.986430            8      7
   -4.258754     3.006613    -0.986430            8      7
   -0.737982     2.331312    -0.986430            8      7
   -4.258754     2.331312    -0.986430            8      7
   -1.239040     3.928290    -0.254873            8      7
   -3.757696     3.928290    -0.254873            8      7
   -1.239040     3.928290    -1.042685            8      7
   -3.757696     3.928290    -1.042685            8      7
   -1.239040     3.062869     0.610549            8      7
   -3.757696     3.062869     0.610549            8      7
   -1.239040     3.062869    -1.908107            8      7
   -3.757696     3.062869    -1.908107            8      7
   -1.239040     2.275056    -1.908107            8      7
   -3.757696     2.275056    -1.908107            8      7
   -2.104462     3.928290     0.610549            8      7
   -2.892274     3.928290     0.610549            8      7
   -2.104462     3.928290    -1.908107            8      7
   -2.892274     3.928290    -1.908107            8      7
   -2.104462     1.409634    -1.908107            8      7
   -2.892274     1.409634    -1.908107            8      7
   -1.776631     3.390700     0.862898            8      7
   -3.220106     3.390700     0.862898            8      7
   -1.776631     3.390700    -2.160455            8      7
   -3.220106     3.390700    -2.160455            8      7
   -1.776631     1.947225    -2.160455            8      7
   -3.220106     1.947225    -2.160455            8      7
   -1.776631     4.180639     0.072959            8      7
   -3.220106     4.180639     0.072959            8      7
   -1.776631     4.180639    -1.370516            8      7
   -3.220106     4.180639    -1.370516            8      7
   -3.220106     1.157286    -1.370516            8      7
   -0.986692     3.390700     0.072959            8      7
   -4.010045     3.390700     0.072959            8      7
   -0.986692     3.390700    -1.370516            8      7
   -4.010045     3.390700    -1.370516            8      7
   -0.986692     1.947225    -1.370516            8      7
   -4.010045     1.947225    -1.370516            8      7
   -1.625823     4.270724    -0.648779            8      7
   -3.370913     4.270724    -0.648779            8      7
   -0.896606     3.541508    -0.648779            8      7
   -4.100130     3.541508    -0.648779            8      7
   -1.625823     2.668962    -2.250541            8      7
   -3.370913     2.668962    -2.250541            8      7
   -0.896606     2.668962     0.223766            8      7
   -4.100130     2.668962     0.223766            8      7
   -0.896606     2.668962    -1.521324            8      7
   -4.100130     2.668962    -1.521324            8      7
   -2.498368     3.541508     0.952983            8      7
   -2.498368     3.541508    -2.250541            8      7
   -2.498368     1.796417    -2.250541            8      7
   -2.498368     4.270724     0.223766            8      7
   -2.498368     4.270724    -1.521324            8      7
   -2.498368     1.067201    -1.521324            8      7
    0.794181     0.710886    -0.683768            1      8
   -0.525819     2.030886    -0.683768            1      8
   -0.525819     0.710886    -2.003768            1      8
    0.236283     1.472988     0.078334            1      8
    0.236283     1.472988    -1.445870            1      8
   -1.287921     1.472988    -1.445870            1      8
    0.236283    -0.051217    -1.445870            1      8
   -0.281466     0.955238    -1.957732            1      8
   -0.770172     0.955238    -1.957732            1      8
   -0.281466     0.466533    -1.957732            1      8
   -0.770172     0.466533    -1.957732            1      8
   -0.281466     1.984849    -0.439415            1      8
   -0.281466     1.984849    -0.928121            1      8
   -0.770172     1.984849    -0.928121            1      8
    0.748145     0.955238    -0.439415            1      8
    0.748145     0.466533    -0.439415            1      8
    0.748145     0.955238    -0.928121            1      8
    0.748145     0.466533    -0.928121            1      8
    0.385537     1.622241    -0.398704            1      8
    0.385537    -0.200470    -0.398704            1      8
    0.385537     1.622241    -0.968832            1      8
    0.385537    -0.200470    -0.968832            1      8
    0.385537     0.995949     0.227588            1      8
    0.385537     0.425822     0.227588            1      8
    0.385537     0.995949    -1.595124            1      8
    0.385537     0.425822    -1.595124            1      8
   -0.240755     1.622241    -1.595124            1      8
   -0.810882     1.622241    -1.595124            1      8
   -0.240755    -0.200470    -1.595124            1      8
   -0.810882    -0.200470    -1.595124            1      8
   -0.003509     1.233196    -1.777744            1      8
   -1.048129     1.233196    -1.777744            1      8
   -0.003509     0.188576    -1.777744            1      8
   -1.048129     0.188576    -1.777744            1      8
   -0.003509     1.804862    -0.161458            1      8
   -0.003509     1.804862    -1.206078            1      8
   -1.048129     1.804862    -1.206078            1      8
   -0.003509    -0.383091    -1.206078            1      8
    0.568158     1.233196    -0.161458            1      8
    0.568158     0.188576    -0.161458            1      8
    0.568158     1.233196    -1.206078            1      8
    0.568158     0.188576    -1.206078            1      8
    0.105628     1.870055    -0.683768            1      8
    0.105628    -0.448284    -0.683768            1      8
    0.633351     1.342333    -0.683768            1      8
    0.633351     0.079439    -0.683768            1      8
    0.105628     0.710886    -1.842938            1      8
   -1.157266     0.710886    -1.842938            1      8
    0.633351     0.710886    -0.052321            1      8
    0.633351     0.710886    -1.315215            1      8
   -0.525819     1.342333    -1.842938            1      8
   -0.525819     0.079439    -1.842938            1      8
   -0.525819     1.870055    -1.315215            1      8
   -0.525819    -0.448284    -1.315215            1      8
