$hessian                                                                        
        0.4182049683   0.1787404515  -0.1060312897  -0.0907243124  -0.0104406090
        0.0522035905  -0.0072050548  -0.0097212193   0.0048112357  -0.1677808712
       -0.0457301224   0.0612529961  -0.1277948988  -0.1064164806  -0.0633534910
        0.0263472707   0.0107747073  -0.0140833263  -0.0070369500   0.0065965436
        0.0250311345  -0.0154563165  -0.0004207559   0.0178999527  -0.0003547458
       -0.0043097336  -0.0012484309  -0.0203043628  -0.0250207003  -0.0129170223
        0.0003475442  -0.0002505087   0.0001971683  -0.0101695512   0.0042628564
        0.0416310491  -0.0002558410   0.0034620993   0.0013941605   0.0021831213
       -0.0015265283  -0.0067877272
        0.1787404515   0.3509539846   0.2195393940   0.0151339774  -0.1002631906
       -0.1336517668  -0.0087927630   0.0010093530  -0.0036282289  -0.0614427779
       -0.0889355686   0.0303384437  -0.1062859975  -0.1545733153  -0.0808803315
       -0.0067383459  -0.0179799844  -0.0258767551  -0.0032383621   0.0045355061
        0.0076588994   0.0034083311   0.0002949963  -0.0012688448  -0.0040367353
       -0.0002402158  -0.0032467257  -0.0187078387  -0.0073581391   0.0046555230
        0.0000315731   0.0007820419  -0.0001457378   0.0096072656   0.0147314543
       -0.0136009872   0.0008531778  -0.0020219316   0.0022396558   0.0014680439
       -0.0009349908  -0.0021325381
       -0.1060312897   0.2195393940   0.6373245348   0.0985215196  -0.0994008017
       -0.3498155280   0.0064739824  -0.0024067000  -0.0035670603   0.0328541790
        0.0092970862  -0.0874508216  -0.0631180257  -0.0806860717  -0.0928722788
       -0.0458266773  -0.0493413321  -0.0267102504   0.0072025245  -0.0055473645
       -0.0169377560   0.0248575877   0.0038815052  -0.0278186281  -0.0007459125
       -0.0028830593   0.0003341632  -0.0015038500   0.0131239719   0.0296421369
        0.0007238375   0.0002319109   0.0003126290   0.0513002829  -0.0064046422
       -0.0651835343  -0.0033310002  -0.0012468695  -0.0016936316  -0.0013771583
        0.0018429729   0.0044360250
       -0.0907243124   0.0151339774   0.0985215196   0.4844189788   0.1942033839
       -0.1450222880  -0.0072702330  -0.0031114298   0.0034205017   0.0004673126
        0.0122291592   0.0179546296   0.0023505103  -0.0070266866  -0.0165778360
       -0.1431895374  -0.1084195960  -0.0688634934  -0.2088205394  -0.0726166897
        0.1011840264  -0.0415098734  -0.0267512847   0.0090775585   0.0034019291
        0.0039304700   0.0024213761   0.0028613008  -0.0012988236  -0.0125078961
       -0.0008419549  -0.0053838466   0.0040263304  -0.0052758897  -0.0024876519
        0.0085026490   0.0021606885   0.0029692371   0.0021751553   0.0019716200
       -0.0013702186  -0.0043122331
       -0.0104406090  -0.1002631906  -0.0994008017   0.1942033839   0.3503596743
        0.1680568326  -0.0116437068  -0.0057514541   0.0060952013   0.0280069906
        0.0135816529  -0.0079910864   0.0030763988  -0.0092518819  -0.0199032544
       -0.0792853998  -0.1568500732  -0.0906496709  -0.0726851039  -0.0675818381
        0.0388482911  -0.0466258529  -0.0181706546   0.0269527786  -0.0056802493
       -0.0075871797  -0.0059531120   0.0079440871  -0.0103385432  -0.0209488645
       -0.0050057196   0.0047482911  -0.0018248415  -0.0076850809   0.0045376444
        0.0104932939   0.0035007119   0.0040518568   0.0031471337   0.0023201496
       -0.0014843042  -0.0069218999
        0.0522035905  -0.1336517668  -0.3498155280  -0.1450222880   0.1680568326
        0.6127656995  -0.0120434178  -0.0053206854   0.0059970179   0.0464932638
        0.0130926096  -0.0412616371   0.0017000395  -0.0063740954  -0.0143746544
       -0.0160879597  -0.0516293795  -0.1200257185   0.1010526519   0.0387410202
       -0.1005399944  -0.0269081324   0.0003407445   0.0381121712  -0.0149827023
       -0.0188161090  -0.0141301017   0.0042962145  -0.0084968345  -0.0258762453
        0.0047138916  -0.0013076855   0.0007413707  -0.0008977065   0.0035246732
        0.0120684868   0.0030892331   0.0037916774   0.0025275326   0.0023933219
       -0.0019510014  -0.0061883993
       -0.0072050548  -0.0087927630   0.0064739824  -0.0072702330  -0.0116437068
       -0.0120434178   0.5040575962   0.1762442463  -0.1009138171  -0.0250495429
       -0.0325244665  -0.0290887140   0.0000116542   0.0014072292   0.0005348997
        0.0214252209   0.0107314862  -0.0003124958   0.0003629565   0.0011511022
       -0.0013567964  -0.0314638446   0.0077397820   0.0465500146   0.0011259287
       -0.0009507148  -0.0006615899  -0.1654302100  -0.0463260762   0.0468656696
       -0.0001696610  -0.0001803421  -0.0037784239  -0.0034000543   0.0134014249
        0.0252551977  -0.1749517292  -0.1224925022  -0.0673436240  -0.1120430268
        0.0122353008   0.0898191148
       -0.0097212193   0.0010093530  -0.0024067000  -0.0031114298  -0.0057514541
       -0.0053206854   0.1762442463   0.4200913402   0.1790739424  -0.0208758872
       -0.0193282847  -0.0019320465   0.0000115155  -0.0008228599   0.0011130715
        0.0062643931   0.0081196410  -0.0057384192   0.0012510045  -0.0010889284
        0.0002640811   0.0009069738   0.0030750365   0.0171837864   0.0001551926
        0.0011481806  -0.0015594357  -0.0460735941  -0.0931583774   0.0151276136
        0.0016119285  -0.0025999843  -0.0018460352   0.0035637537   0.0051464959
        0.0094415557  -0.1304674668  -0.2140109117  -0.1032231408   0.0202405891
       -0.1018292468  -0.1001775879
        0.0048112357  -0.0036282289  -0.0035670603   0.0034205017   0.0060952013
        0.0059970179  -0.1009138171   0.1790739424   0.6485219315  -0.0080456343
        0.0137577500   0.0324991046  -0.0019784658  -0.0007265387  -0.0001934618
       -0.0083709653  -0.0117465238  -0.0032963755  -0.0011421560   0.0003702312
        0.0001435798   0.0342237017   0.0080386313  -0.0383202428   0.0013267581
       -0.0001413081   0.0000236727   0.0474611006   0.0155345307  -0.1028440737
       -0.0005466564   0.0005556631  -0.0009814948   0.0073674957  -0.0037414943
       -0.0193649715  -0.0818127382  -0.1139273689  -0.1565566399   0.1041996395
       -0.0895144874  -0.3620609864
       -0.1677808712  -0.0614427779   0.0328541790   0.0004673126   0.0280069906
        0.0464932638  -0.0250495429  -0.0208758872  -0.0080456343   0.4048145259
        0.1185710754  -0.1175032569  -0.0157769554  -0.0088779492   0.0082499822
       -0.0295204039  -0.0176039563   0.0003119850   0.0048230838  -0.0040479691
        0.0011985686   0.0231233689   0.0022851345  -0.0309701553  -0.0002887245
       -0.0005100173  -0.0001080228  -0.1156640774  -0.0541759021  -0.0145527433
        0.0015600211  -0.0003459246   0.0040510413  -0.0803320072   0.0210162474
        0.0758573775  -0.0008479667  -0.0027141924   0.0039067848   0.0004722369
        0.0007151282  -0.0017433695
       -0.0457301224  -0.0889355686   0.0092970862   0.0122291592   0.0135816529
        0.0130926096  -0.0325244665  -0.0193282847   0.0137577500   0.1185710754
        0.3432386355   0.1788699457  -0.0197571496  -0.0076141195   0.0084168380
       -0.0130095843  -0.0124271656   0.0048307795  -0.0034799011   0.0056397036
       -0.0054191044   0.0101070447  -0.0109416009  -0.0277657972  -0.0004840346
        0.0001547527   0.0003151553  -0.0549845053  -0.1166392163  -0.0410459198
       -0.0013029473   0.0035635597  -0.0009338237   0.0210177425  -0.1165939432
       -0.1449620288   0.0047889664   0.0109050292   0.0028440097   0.0045587230
       -0.0046034347  -0.0112975001
        0.0612529961   0.0303384437  -0.0874508216   0.0179546296  -0.0079910864
       -0.0412616371  -0.0290887140  -0.0019320465   0.0324991046  -0.1175032569
        0.1788699457   0.6380600610  -0.0114756211  -0.0061859278   0.0065714401
        0.0085986642   0.0109463713   0.0028667923   0.0022229912  -0.0046730346
       -0.0002100078  -0.0167896283  -0.0172985629  -0.0119461865  -0.0000467307
        0.0003709644   0.0010922396  -0.0160672823  -0.0421953064  -0.1080603076
        0.0023326334  -0.0021992731  -0.0020422912   0.0758959370  -0.1449568170
       -0.4162223691   0.0175594809   0.0130024136   0.0057231447   0.0051539009
       -0.0060960839  -0.0196191617
       -0.1277948988  -0.1062859975  -0.0631180257   0.0023505103   0.0030763988
        0.0017000395   0.0000116542   0.0000115155  -0.0019784658  -0.0157769554
       -0.0197571496  -0.0114756211   0.1399060074   0.1244249919   0.0681768249
        0.0035885972  -0.0029148814   0.0028809846  -0.0003705408   0.0022801694
       -0.0004968841   0.0000222363   0.0004276313   0.0006366888   0.0001581728
       -0.0000467237   0.0001764755  -0.0024949080  -0.0034827779   0.0044713350
       -0.0006100239   0.0007984142  -0.0004081506   0.0021245345   0.0025392835
       -0.0011362722  -0.0009250522  -0.0011697412   0.0001082424  -0.0001893336
        0.0000988666   0.0004628287
       -0.1064164806  -0.1545733153  -0.0806860717  -0.0070266866  -0.0092518819
       -0.0063740954   0.0014072292  -0.0008228599  -0.0007265387  -0.0088779492
       -0.0076141195  -0.0061859278   0.1244249919   0.1674714022   0.0955476222
       -0.0024860548   0.0051313463  -0.0048958305   0.0017079722  -0.0016389873
        0.0016973275   0.0003340288   0.0003829029   0.0003880678  -0.0005534364
       -0.0003256269  -0.0004877291  -0.0043165029   0.0024573093   0.0001438927
        0.0007946448  -0.0010579872   0.0006096720   0.0023120647   0.0000009679
        0.0008254819  -0.0010789269  -0.0002707468  -0.0003416519  -0.0002248942
        0.0001115962   0.0004857810
       -0.0633534910  -0.0808803315  -0.0928722788  -0.0165778360  -0.0199032544
       -0.0143746544   0.0005348997   0.0011130715  -0.0001934618   0.0082499822
        0.0084168380   0.0065714401   0.0681768249   0.0955476222   0.1043223658
        0.0036389797  -0.0043337506  -0.0030534789  -0.0015549538   0.0009239571
       -0.0000737471   0.0004792798   0.0002624748  -0.0002375034  -0.0007408997
       -0.0011682941  -0.0007647384   0.0029878094  -0.0009664020  -0.0001807983
       -0.0003998425   0.0006192883  -0.0003308043  -0.0015760399   0.0005200290
        0.0009017606   0.0002698380  -0.0002079657  -0.0000107120  -0.0001345509
        0.0000567174   0.0002966110
        0.0263472707  -0.0067383459  -0.0458266773  -0.1431895374  -0.0792853998
       -0.0160879597   0.0214252209   0.0062643931  -0.0083709653  -0.0295204039
       -0.0130095843   0.0085986642   0.0035885972  -0.0024860548   0.0036389797
        0.5097458684   0.2114360278  -0.1623429341  -0.0155377842  -0.0175334149
       -0.0083141116  -0.2772080771  -0.1149284194   0.1091477399  -0.0516682724
        0.0147653515   0.0562858066  -0.0239187297   0.0132961326   0.0578311927
       -0.0158871312  -0.0081559757   0.0084567392   0.0044949531  -0.0013180090
       -0.0081214435  -0.0050184155  -0.0046160919  -0.0033206418  -0.0036535590
        0.0023093906   0.0084256110
        0.0107747073  -0.0179799844  -0.0493413321  -0.1084195960  -0.1568500732
       -0.0516293795   0.0107314862   0.0081196410  -0.0117465238  -0.0176039563
       -0.0124271656   0.0109463713  -0.0029148814   0.0051313463  -0.0043337506
        0.2114360278   0.3403646384   0.1468753806  -0.0079843735  -0.0061779320
       -0.0040524554  -0.0882653493  -0.0955933319   0.0182073505   0.0145192463
       -0.0661962422  -0.0856011010  -0.0029809831   0.0126266332   0.0246513687
       -0.0178113380  -0.0069471911   0.0086683134   0.0031514893  -0.0011446257
       -0.0066658448  -0.0033735818  -0.0043084589  -0.0011319140  -0.0012588974
        0.0013827459   0.0051535168
       -0.0140833263  -0.0258767551  -0.0267102504  -0.0688634934  -0.0906496709
       -0.1200257185  -0.0003124958  -0.0057384192  -0.0032963755   0.0003119850
        0.0048307795   0.0028667923   0.0028809846  -0.0048958305  -0.0030534789
       -0.1623429341   0.1468753806   0.5864687813   0.0089795376   0.0087491247
        0.0057728093   0.1574833064   0.0539279362  -0.1536720986   0.0558246626
       -0.0859298458  -0.2602456876   0.0283204500   0.0028171320  -0.0315306705
       -0.0090734249  -0.0042968351   0.0058252972  -0.0000212171  -0.0006993404
       -0.0010254328  -0.0010546961   0.0005464037   0.0011491625   0.0019506613
        0.0003399404  -0.0025231299
       -0.0070369500  -0.0032383621   0.0072025245  -0.2088205394  -0.0726851039
        0.1010526519   0.0003629565   0.0012510045  -0.0011421560   0.0048230838
       -0.0034799011   0.0022229912  -0.0003705408   0.0017079722  -0.0015549538
       -0.0155377842  -0.0079843735   0.0089795376   0.2298263817   0.0880830323
       -0.1172949867  -0.0005343168  -0.0048609468  -0.0012003955   0.0000360900
        0.0010736526  -0.0000175937   0.0000928756   0.0001775969  -0.0002855924
       -0.0010888706  -0.0002281133   0.0003023292  -0.0013055866   0.0009124258
        0.0011009680  -0.0002512978  -0.0007212628   0.0001166285  -0.0001955016
       -0.0000076208   0.0005180473
        0.0065965436   0.0045355061  -0.0055473645  -0.0726166897  -0.0675818381
        0.0387410202   0.0011511022  -0.0010889284   0.0003702312  -0.0040479691
        0.0056397036  -0.0046730346   0.0022801694  -0.0016389873   0.0009239571
       -0.0175334149  -0.0061779320   0.0087491247   0.0880830323   0.0683570018
       -0.0364354805  -0.0046222038  -0.0001957528  -0.0034458414   0.0004974008
       -0.0005182728   0.0009677917   0.0004384353  -0.0001647829  -0.0002259588
       -0.0007178832  -0.0007643293   0.0005891261   0.0011438934  -0.0008583188
        0.0000397865  -0.0005024371   0.0003357206  -0.0001579624  -0.0001499793
        0.0001212102   0.0001046047
        0.0250311345   0.0076588994  -0.0169377560   0.1011840264   0.0388482911
       -0.1005399944  -0.0013567964   0.0002640811   0.0001435798   0.0011985686
       -0.0054191044  -0.0002100078  -0.0004968841   0.0016973275  -0.0000737471
       -0.0083141116  -0.0040524554   0.0057728093  -0.1172949867  -0.0364354805
        0.1145043477  -0.0007976900  -0.0031227778   0.0005477698  -0.0010726570
        0.0001754127   0.0003518578   0.0002070871   0.0001184175  -0.0004167937
       -0.0005837460  -0.0000752908   0.0000917623   0.0015167064   0.0003453126
       -0.0031406148   0.0004942864   0.0001214606   0.0003497282   0.0002850624
       -0.0001240935  -0.0004429411
       -0.0154563165   0.0034083311   0.0248575877  -0.0415098734  -0.0466258529
       -0.0269081324  -0.0314638446   0.0009069738   0.0342237017   0.0231233689
        0.0101070447  -0.0167896283   0.0000222363   0.0003340288   0.0004792798
       -0.2772080771  -0.0882653493   0.1574833064  -0.0005343168  -0.0046222038
       -0.0007976900   0.5548753779   0.2473362493  -0.1460307274  -0.0077601862
       -0.0016179135   0.0056330340  -0.0641595816  -0.0060550913   0.0181936280
       -0.1351816386  -0.1097384178  -0.0636698552  -0.0040628232  -0.0048060871
        0.0023948951   0.0008623264   0.0049149578   0.0092752398  -0.0015466515
       -0.0052766698   0.0016553606
       -0.0004207559   0.0002949963   0.0038815052  -0.0267512847  -0.0181706546
        0.0003407445   0.0077397820   0.0030750365   0.0080386313   0.0022851345
       -0.0109416009  -0.0172985629   0.0004276313   0.0003829029   0.0002624748
       -0.1149284194  -0.0955933319   0.0539279362  -0.0048609468  -0.0001957528
       -0.0031227778   0.2473362493   0.3624517617   0.1233831680   0.0081105168
        0.0022683292  -0.0042747039   0.0050588946  -0.0890421232  -0.0912395501
       -0.1094586403  -0.1563540147  -0.0745569019  -0.0040160572  -0.0009508840
       -0.0040028581  -0.0037876105  -0.0008526487   0.0014483023  -0.0067344937
        0.0036279841   0.0032125925
        0.0178999527  -0.0012688448  -0.0278186281   0.0090775585   0.0269527786
        0.0381121712   0.0465500146   0.0171837864  -0.0383202428  -0.0309701553
       -0.0277657972  -0.0119461865   0.0006366888   0.0003880678  -0.0002375034
        0.1091477399   0.0182073505  -0.1536720986  -0.0012003955  -0.0034458414
        0.0005477698  -0.1460307274   0.1233831680   0.5303599144   0.0232839118
        0.0087565499  -0.0166799915   0.0383036920  -0.0763424080  -0.2319123527
       -0.0631220036  -0.0741822854  -0.0840410588   0.0038129264  -0.0029337388
       -0.0062261535  -0.0064513264  -0.0101416390  -0.0086158038  -0.0009378765
        0.0012088534   0.0104501643
       -0.0003547458  -0.0040367353  -0.0007459125   0.0034019291  -0.0056802493
       -0.0149827023   0.0011259287   0.0001551926   0.0013267581  -0.0002887245
       -0.0004840346  -0.0000467307   0.0001581728  -0.0005534364  -0.0007408997
       -0.0516682724   0.0145192463   0.0558246626   0.0000360900   0.0004974008
       -0.0010726570  -0.0077601862   0.0081105168   0.0232839118   0.0582887487
       -0.0098796636  -0.0661898322  -0.0011163164  -0.0052439245   0.0035024583
       -0.0004601311   0.0019167721  -0.0003400925  -0.0001847473   0.0004636713
       -0.0001237069  -0.0001224130  -0.0001978779  -0.0001761263  -0.0010553327
        0.0004131217   0.0004808693
       -0.0043097336  -0.0002402158  -0.0028830593   0.0039304700  -0.0075871797
       -0.0188161090  -0.0009507148   0.0011481806  -0.0001413081  -0.0005100173
        0.0001547527   0.0003709644  -0.0000467237  -0.0003256269  -0.0011682941
        0.0147653515  -0.0661962422  -0.0859298458   0.0010736526  -0.0005182728
        0.0001754127  -0.0016179135   0.0022683292   0.0087565499  -0.0098796636
        0.0694857128   0.0987582890  -0.0046367485   0.0043438165  -0.0014902664
        0.0013425239  -0.0013864767   0.0016689499   0.0004334774  -0.0004764655
        0.0001960731   0.0000568573   0.0000351043  -0.0000269917   0.0003491823
       -0.0007054166   0.0005296355
       -0.0012484309  -0.0032467257   0.0003341632   0.0024213761  -0.0059531120
       -0.0141301017  -0.0006615899  -0.0015594357   0.0000236727  -0.0001080228
        0.0003151553   0.0010922396   0.0001764755  -0.0004877291  -0.0007647384
        0.0562858066  -0.0856011010  -0.2602456876  -0.0000175937   0.0009677917
        0.0003518578   0.0056330340  -0.0042747039  -0.0166799915  -0.0661898322
        0.0987582890   0.2899513850   0.0046124434  -0.0006686612   0.0012057926
       -0.0013930790   0.0008917052   0.0001715637  -0.0001793786   0.0001469603
       -0.0004279411   0.0002628512   0.0002732136   0.0001645813   0.0004059402
        0.0004383535  -0.0010467957
       -0.0203043628  -0.0187078387  -0.0015038500   0.0028613008   0.0079440871
        0.0042962145  -0.1654302100  -0.0460735941   0.0474611006  -0.1156640774
       -0.0549845053  -0.0160672823  -0.0024949080  -0.0043165029   0.0029878094
       -0.0239187297  -0.0029809831   0.0283204500   0.0000928756   0.0004384353
        0.0002070871  -0.0641595816   0.0050588946   0.0383036920  -0.0011163164
       -0.0046367485   0.0046124434   0.4362844225   0.1858682175  -0.1070071777
        0.0038152005  -0.0073008140  -0.0152552747   0.0151518489  -0.0112583168
       -0.0254298746  -0.0462353344  -0.0497119403  -0.0057162060  -0.0188821281
        0.0006616092   0.0447908683
       -0.0250207003  -0.0073581391   0.0131239719  -0.0012988236  -0.0103385432
       -0.0084968345  -0.0463260762  -0.0931583774   0.0155345307  -0.0541759021
       -0.1166392163  -0.0421953064  -0.0034827779   0.0024573093  -0.0009664020
        0.0132961326   0.0126266332   0.0028171320   0.0001775969  -0.0001647829
        0.0001184175  -0.0060550913  -0.0890421232  -0.0763424080  -0.0052439245
        0.0043438165  -0.0006686612   0.1858682175   0.3358491532   0.1693791429
        0.0011881802  -0.0083498925  -0.0209061238  -0.0091123260  -0.0194087435
       -0.0435268300  -0.0533625254  -0.0265807798  -0.0067829273   0.0035480201
        0.0157636857  -0.0010877017
       -0.0129170223   0.0046555230   0.0296421369  -0.0125078961  -0.0209488645
       -0.0258762453   0.0468656696   0.0151276136  -0.1028440737  -0.0145527433
       -0.0410459198  -0.1080603076   0.0044713350   0.0001438927  -0.0001807983
        0.0578311927   0.0246513687  -0.0315306705  -0.0002855924  -0.0002259588
       -0.0004167937   0.0181936280  -0.0912395501  -0.2319123527   0.0035024583
       -0.0014902664   0.0012057926  -0.1070071777   0.1693791429   0.5545184505
        0.0001295415  -0.0095021815  -0.0151236659  -0.0215631864  -0.0406910758
       -0.0334110411  -0.0121992395  -0.0115984017   0.0120827259   0.0500390326
        0.0027846777  -0.0480931570
        0.0003475442   0.0000315731   0.0007238375  -0.0008419549  -0.0050057196
        0.0047138916  -0.0001696610   0.0016119285  -0.0005466564   0.0015600211
       -0.0013029473   0.0023326334  -0.0006100239   0.0007946448  -0.0003998425
       -0.0158871312  -0.0178113380  -0.0090734249  -0.0010888706  -0.0007178832
       -0.0005837460  -0.1351816386  -0.1094586403  -0.0631220036  -0.0004601311
        0.0013425239  -0.0013930790   0.0038152005   0.0011881802   0.0001295415
        0.1508781916   0.1300724895   0.0647243056   0.0000992621   0.0001411517
        0.0001923003  -0.0024013763  -0.0006720515   0.0029203381  -0.0000594319
       -0.0002139119  -0.0006180956
       -0.0002505087   0.0007820419   0.0002319109  -0.0053838466   0.0047482911
       -0.0013076855  -0.0001803421  -0.0025999843   0.0005556631  -0.0003459246
        0.0035635597  -0.0021992731   0.0007984142  -0.0010579872   0.0006192883
       -0.0081559757  -0.0069471911  -0.0042968351  -0.0002281133  -0.0007643293
       -0.0000752908  -0.1097384178  -0.1563540147  -0.0741822854   0.0019167721
       -0.0013864767   0.0008917052  -0.0073008140  -0.0083498925  -0.0095021815
        0.1300724895   0.1681934957   0.0883347634  -0.0005140159  -0.0009034004
       -0.0010506245  -0.0007229117   0.0012968865   0.0021099657   0.0000331945
       -0.0002209987  -0.0001291207
        0.0001971683  -0.0001457378   0.0003126290   0.0040263304  -0.0018248415
        0.0007413707  -0.0037784239  -0.0018460352  -0.0009814948   0.0040510413
       -0.0009338237  -0.0020422912  -0.0004081506   0.0006096720  -0.0003308043
        0.0084567392   0.0086683134   0.0058252972   0.0003023292   0.0005891261
        0.0000917623  -0.0636698552  -0.0745569019  -0.0840410588  -0.0003400925
        0.0016689499   0.0001715637  -0.0152552747  -0.0209061238  -0.0151236659
        0.0647243056   0.0883347634   0.0965789583  -0.0009928378  -0.0019450774
       -0.0021496254   0.0028182059   0.0020284798   0.0005619640  -0.0001314851
        0.0002592366   0.0003853952
       -0.0101695512   0.0096072656   0.0513002829  -0.0052758897  -0.0076850809
       -0.0008977065  -0.0034000543   0.0035637537   0.0073674957  -0.0803320072
        0.0210177425   0.0758959370   0.0021245345   0.0023120647  -0.0015760399
        0.0044949531   0.0031514893  -0.0000212171  -0.0013055866   0.0011438934
        0.0015167064  -0.0040628232  -0.0040160572   0.0038129264  -0.0001847473
        0.0004334774  -0.0001793786   0.0151518489  -0.0091123260  -0.0215631864
        0.0000992621  -0.0005140159  -0.0009928378   0.0861845677  -0.0125006454
       -0.1081069840   0.0009982818   0.0009802606  -0.0004179069  -0.0043227888
       -0.0083818220  -0.0061380912
        0.0042628564   0.0147314543  -0.0064046422  -0.0024876519   0.0045376444
        0.0035246732   0.0134014249   0.0051464959  -0.0037414943   0.0210162474
       -0.1165939432  -0.1449568170   0.0025392835   0.0000009679   0.0005200290
       -0.0013180090  -0.0011446257  -0.0006993404   0.0009124258  -0.0008583188
        0.0003453126  -0.0048060871  -0.0009508840  -0.0029337388   0.0004636713
       -0.0004764655   0.0001469603  -0.0112583168  -0.0194087435  -0.0406910758
        0.0001411517  -0.0009034004  -0.0019450774  -0.0125006454   0.1212239002
        0.1957471716  -0.0037448435  -0.0046206560  -0.0021629739  -0.0066215074
       -0.0006834255   0.0032510128
        0.0416310491  -0.0136009872  -0.0651835343   0.0085026490   0.0104932939
        0.0120684868   0.0252551977   0.0094415557  -0.0193649715   0.0758573775
       -0.1449620288  -0.4162223691  -0.0011362722   0.0008254819   0.0009017606
       -0.0081214435  -0.0066658448  -0.0010254328   0.0011009680   0.0000397865
       -0.0031406148   0.0023948951  -0.0040028581  -0.0062261535  -0.0001237069
        0.0001960731  -0.0004279411  -0.0254298746  -0.0435268300  -0.0334110411
        0.0001923003  -0.0010506245  -0.0021496254  -0.1081069840   0.1957471716
        0.5215377229  -0.0089944968  -0.0085321699  -0.0040135672  -0.0030216587
        0.0055979808   0.0166572805
       -0.0002558410   0.0008531778  -0.0033310002   0.0021606885   0.0035007119
        0.0030892331  -0.1749517292  -0.1304674668  -0.0818127382  -0.0008479667
        0.0047889664   0.0175594809  -0.0009250522  -0.0010789269   0.0002698380
       -0.0050184155  -0.0033735818  -0.0010546961  -0.0002512978  -0.0005024371
        0.0004942864   0.0008623264  -0.0037876105  -0.0064513264  -0.0001224130
        0.0000568573   0.0002628512  -0.0462353344  -0.0533625254  -0.0121992395
       -0.0024013763  -0.0007229117   0.0028182059   0.0009982818  -0.0037448435
       -0.0089944968   0.2067073976   0.1865258090   0.0877200465   0.0202807318
        0.0013147813   0.0016295553
        0.0034620993  -0.0020219316  -0.0012468695   0.0029692371   0.0040518568
        0.0037916774  -0.1224925022  -0.2140109117  -0.1139273689  -0.0027141924
        0.0109050292   0.0130024136  -0.0011697412  -0.0002707468  -0.0002079657
       -0.0046160919  -0.0043084589   0.0005464037  -0.0007212628   0.0003357206
        0.0001214606   0.0049149578  -0.0008526487  -0.0101416390  -0.0001978779
        0.0000351043   0.0002732136  -0.0497119403  -0.0265807798  -0.0115984017
       -0.0006720515   0.0012968865   0.0020284798   0.0009802606  -0.0046206560
       -0.0085321699   0.1865258090   0.2509657402   0.1665175522  -0.0165567037
       -0.0149242044  -0.0406267859
        0.0013941605   0.0022396558  -0.0016936316   0.0021751553   0.0031471337
        0.0025275326  -0.0673436240  -0.1032231408  -0.1565566399   0.0039067848
        0.0028440097   0.0057231447   0.0001082424  -0.0003416519  -0.0000107120
       -0.0033206418  -0.0011319140   0.0011491625   0.0001166285  -0.0001579624
        0.0003497282   0.0092752398   0.0014483023  -0.0086158038  -0.0001761263
       -0.0000269917   0.0001645813  -0.0057162060  -0.0067829273   0.0120827259
        0.0029203381   0.0021099657   0.0005619640  -0.0004179069  -0.0021629739
       -0.0040135672   0.0877200465   0.1665175522   0.2039320263  -0.0306420908
       -0.0644790574  -0.0556005109
        0.0021831213   0.0014680439  -0.0013771583   0.0019716200   0.0023201496
        0.0023933219  -0.1120430268   0.0202405891   0.1041996395   0.0004722369
        0.0045587230   0.0051539009  -0.0001893336  -0.0002248942  -0.0001345509
       -0.0036535590  -0.0012588974   0.0019506613  -0.0001955016  -0.0001499793
        0.0002850624  -0.0015466515  -0.0067344937  -0.0009378765  -0.0010553327
        0.0003491823   0.0004059402  -0.0188821281   0.0035480201   0.0500390326
       -0.0000594319   0.0000331945  -0.0001314851  -0.0043227888  -0.0066215074
       -0.0030216587   0.0202807318  -0.0165567037  -0.0306420908   0.1170400438
       -0.0009714270  -0.1281827385
       -0.0015265283  -0.0009349908   0.0018429729  -0.0013702186  -0.0014843042
       -0.0019510014   0.0122353008  -0.1018292468  -0.0895144874   0.0007151282
       -0.0046034347  -0.0060960839   0.0000988666   0.0001115962   0.0000567174
        0.0023093906   0.0013827459   0.0003399404  -0.0000076208   0.0001212102
       -0.0001240935  -0.0052766698   0.0036279841   0.0012088534   0.0004131217
       -0.0007054166   0.0004383535   0.0006616092   0.0157636857   0.0027846777
       -0.0002139119  -0.0002209987   0.0002592366  -0.0083818220  -0.0006834255
        0.0055979808   0.0013147813  -0.0149242044  -0.0644790574  -0.0009714270
        0.1043787996   0.1496359909
       -0.0067877272  -0.0021325381   0.0044360250  -0.0043122331  -0.0069218999
       -0.0061883993   0.0898191148  -0.1001775879  -0.3620609864  -0.0017433695
       -0.0112975001  -0.0196191617   0.0004628287   0.0004857810   0.0002966110
        0.0084256110   0.0051535168  -0.0025231299   0.0005180473   0.0001046047
       -0.0004429411   0.0016553606   0.0032125925   0.0104501643   0.0004808693
        0.0005296355  -0.0010467957   0.0447908683  -0.0010877017  -0.0480931570
       -0.0006180956  -0.0001291207   0.0003853952  -0.0061380912   0.0032510128
        0.0166572805   0.0016295553  -0.0406267859  -0.0556005109  -0.1281827385
        0.1496359909   0.4633496058
