           1           2   1.62198373559469     
           1           4   1.15717927973513     
           1           5  0.969036623465430     
           2           6   1.27124631574567     
           2           7  0.966661643511570     
           1           8  0.114014366291626     
           6           8   1.57748808645088     
           6           9  0.968576034259316     
           3          10   1.15856969744739     
           4          10   1.13470226525755     
           8          10   1.26724865243939     
           8          11  0.962397387329062     
           4          12   1.53090835130547     
           3          13   1.29087807857568     
           3          14   1.32719640222149     
          10          14  0.101882218072270     
          13          14  0.233918808610544     
