$hessian                                                                        
        0.5260327959  -0.3193486677  -0.0000006334  -0.0842874908   0.1159044852
        0.0000008804  -0.4092331719   0.1991254848  -0.0000004032  -0.0325121333
        0.0043186977   0.0000001562
       -0.3193486677   0.7899059321   0.0000034605   0.0649690957  -0.5393360562
       -0.0000038644   0.2500590504  -0.2144191980   0.0000002059   0.0043205216
       -0.0361506779   0.0000001980
       -0.0000006334   0.0000034605   0.1747624248   0.0000004493  -0.0000035259
       -0.0608001786   0.0000000351  -0.0000000965  -0.0607926983   0.0000001491
        0.0000001620  -0.0531695479
       -0.0842874908   0.0649690957   0.0000004493   0.0977156711  -0.1022695739
       -0.0000004425  -0.0163903231   0.0710289096   0.0000003975   0.0029621428
       -0.0337284315  -0.0000004043
        0.1159044852  -0.5393360562  -0.0000035259  -0.1022695739   0.6764373043
        0.0000052269   0.0293448777  -0.0580027688  -0.0000005412  -0.0429797891
       -0.0790984793  -0.0000011597
        0.0000008804  -0.0000038644  -0.0608001786  -0.0000004425   0.0000052269
        0.0211524973   0.0000000391  -0.0000002795   0.0211498949  -0.0000004771
       -0.0000010830   0.0184977864
       -0.4092331719   0.2500590504   0.0000000351  -0.0163903231   0.0293448777
        0.0000000391   0.5198876986  -0.2764254065   0.0000006508  -0.0942642035
       -0.0029785215  -0.0000007250
        0.1991254848  -0.2144191980  -0.0000000965   0.0710289096  -0.0580027688
       -0.0000002795  -0.2764254065   0.2541656285   0.0000003497   0.0062710122
        0.0182563383   0.0000000263
       -0.0000004032   0.0000002059  -0.0607926983   0.0000003975  -0.0000005412
        0.0211498949   0.0000006508   0.0000003497   0.0211472928  -0.0000006450
       -0.0000000144   0.0184955106
       -0.0325121333   0.0043205216   0.0000001491   0.0029621428  -0.0429797891
       -0.0000004771  -0.0942642035   0.0062710122  -0.0000006450   0.1238141940
        0.0323882553   0.0000009730
        0.0043186977  -0.0361506779   0.0000001620  -0.0337284315  -0.0790984793
       -0.0000010830  -0.0029785215   0.0182563383  -0.0000000144   0.0323882553
        0.0969928189   0.0000009355
        0.0000001562   0.0000001980  -0.0531695479  -0.0000004043  -0.0000011597
        0.0184977864  -0.0000007250   0.0000000263   0.0184955106   0.0000009730
        0.0000009355   0.0161762509
