$hessian                                                                        
        0.4483752406   0.0147960996  -0.0067598833  -0.1009289800  -0.0141952037
       -0.0013427832  -0.0105323076  -0.0188556751  -0.0024287977  -0.0061873473
        0.0045302981   0.0301991201  -0.1660473293   0.0814684551  -0.0645918337
       -0.0632086532   0.0034776814   0.0613920118  -0.0762810596  -0.0809512951
       -0.0127719987  -0.0028423895   0.0049777678  -0.0012978256  -0.0001819711
        0.0019471680   0.0019946372   0.0037777825   0.0014347098  -0.0004896197
       -0.0259429854   0.0013699940  -0.0039030273
        0.0147960996   0.3902236730  -0.0060279190  -0.0169879178  -0.0455938443
        0.0057514310  -0.0282066567  -0.0114515405   0.0019047254   0.0047988702
        0.0018661697  -0.0035419041   0.0598449073  -0.0872853517   0.0362857122
       -0.0002591581  -0.0431766263  -0.0045821163  -0.0525268808  -0.1992347936
       -0.0303983625   0.0024277857   0.0005836210   0.0002022684   0.0017049837
       -0.0000151993  -0.0002440413  -0.0037582363  -0.0065230009  -0.0006532371
        0.0181662031   0.0006068928   0.0013034435
       -0.0067598833  -0.0060279190   0.3707983729   0.0021686590   0.0039547322
       -0.0264047414  -0.0016279373   0.0027048597   0.0080011403   0.0308922706
       -0.0015487455  -0.0445755869  -0.0406851329   0.0311593969  -0.0713748241
        0.0343321343  -0.0121363556  -0.1824523798  -0.0032589517  -0.0159718943
       -0.0492339217  -0.0006833999  -0.0004951169  -0.0012571060   0.0016828403
        0.0003391145  -0.0037392775  -0.0018373353  -0.0022020068  -0.0003503051
       -0.0142232638   0.0002239348   0.0005886293
       -0.1009289800  -0.0169879178   0.0021686590   0.3476925281  -0.0114001896
        0.0166651434  -0.0451014346  -0.0130611383  -0.0037238864  -0.0709323273
        0.0061772239   0.0303814529  -0.0186023879  -0.0008254377   0.0042753338
        0.0046788613  -0.0003738476  -0.0123506878  -0.0067455590   0.0003534343
        0.0045570414  -0.0007540116   0.0201255541  -0.0009899585   0.0025541755
        0.0030678512   0.0030772340  -0.0240300893  -0.0323690734  -0.0023626124
       -0.0878307751   0.0452935408  -0.0416977193
       -0.0141952037  -0.0455938443   0.0039547322  -0.0114001896   0.3469845662
       -0.0155881983  -0.0159253297  -0.1015170153  -0.0015930461   0.0062397686
       -0.0711814141  -0.0314216009   0.0194021819  -0.0001929754   0.0009633703
        0.0034114004   0.0026168786  -0.0036227378  -0.0320286313  -0.0248777998
        0.0030541120  -0.0005366324  -0.0179589872  -0.0042047374  -0.0002254231
        0.0046379144   0.0123169908  -0.0000558478  -0.0073796380  -0.0046078767
        0.0453139067  -0.0855376850   0.0407489919
       -0.0013427832   0.0057514310  -0.0264047414   0.0166651434  -0.0155881983
        0.4462380011  -0.0054411372   0.0018318259  -0.0263380987   0.0367597689
       -0.0376565802  -0.2955391380  -0.0276949594   0.0080843753  -0.0039951925
        0.0222775485   0.0033315510  -0.0144491824  -0.0078886168  -0.0138471702
        0.0000829234  -0.0087554831   0.0272944625  -0.0039457745  -0.0031040526
       -0.0225028106  -0.0144118626   0.0139707000   0.0086733604  -0.0001199666
       -0.0354461285   0.0346277532  -0.0611169678
       -0.0105323076  -0.0282066567  -0.0016279373  -0.0451014346  -0.0159253297
       -0.0054411372   0.3898552496   0.0137566457   0.0055512764   0.0017369487
        0.0047595288   0.0037407446   0.0004252745   0.0025431560  -0.0002700362
       -0.0000829440   0.0016816219   0.0002139961  -0.0064467755  -0.0039702324
        0.0007290714  -0.0915351634   0.0619263673  -0.0377221193  -0.0430263175
       -0.0003494290   0.0037643023  -0.1955205464  -0.0550012022   0.0325740665
        0.0002280163   0.0187855301  -0.0015122272
       -0.0188556751  -0.0114515405   0.0027048597  -0.0130611383  -0.1015170153
        0.0018318259   0.0137566457   0.4491958133   0.0063404159   0.0044422886
       -0.0064402343  -0.0304265736   0.0050652952  -0.0026845460   0.0012905983
        0.0019451521  -0.0001740278  -0.0020345603   0.0012350190   0.0037422151
        0.0004291265   0.0839339553  -0.1622057890   0.0628743914   0.0030348036
       -0.0636745713  -0.0619835642  -0.0834154159  -0.0793826068   0.0149266889
        0.0019190699  -0.0254076973   0.0040467915
       -0.0024287977   0.0019047254   0.0080011403  -0.0037238864  -0.0015930461
       -0.0263380987   0.0055512764   0.0063404159   0.3702009874   0.0017769793
       -0.0311853623  -0.0441836949   0.0003992332   0.0007121171  -0.0012315226
       -0.0003341839  -0.0017147837  -0.0037032002   0.0022073869   0.0019028979
       -0.0003625499  -0.0321704445   0.0394968367  -0.0707726087   0.0107358997
       -0.0347229481  -0.1822657594   0.0184853684   0.0046083155  -0.0498083110
       -0.0004988313   0.0142508316   0.0004636175
       -0.0061873473   0.0047988702   0.0308922706  -0.0709323273   0.0062397686
        0.0367597689   0.0017369487   0.0044422886   0.0017769793   0.0632039630
       -0.0104140776  -0.0683750074   0.0043106125  -0.0011766873   0.0003405271
       -0.0116683692  -0.0015026817   0.0140146334   0.0026646784   0.0021106826
       -0.0001553100   0.0006849469  -0.0006350564   0.0000053972   0.0006931766
       -0.0011916668  -0.0007622973   0.0039801401   0.0018942805  -0.0012501392
        0.0115135777  -0.0045657206  -0.0132468226
        0.0045302981   0.0018661697  -0.0015487455   0.0061772239  -0.0711814141
       -0.0376565802   0.0047595288  -0.0064402343  -0.0311853623  -0.0104140776
        0.0637509465   0.0699012469  -0.0005066125   0.0006239663   0.0000107864
       -0.0013674260   0.0006580049   0.0009815051   0.0018937130   0.0041356420
        0.0012206138  -0.0012028638   0.0041700861  -0.0002247616  -0.0014768413
       -0.0118932425  -0.0140707119   0.0021511153   0.0027972861   0.0000849694
       -0.0045440580   0.0115127893   0.0124870399
        0.0301991201  -0.0035419041  -0.0445755869   0.0303814529  -0.0314216009
       -0.2955391380   0.0037407446  -0.0304265736  -0.0441836949  -0.0683750074
        0.0699012469   0.4541180684   0.0061009759  -0.0027310662   0.0053055870
        0.0103684921   0.0010221917  -0.0123127776   0.0005028967   0.0042969475
        0.0036345626   0.0029492195  -0.0061276933   0.0052543702  -0.0009742986
       -0.0103344155  -0.0121000171  -0.0042583811  -0.0005706905   0.0037398644
       -0.0106352146   0.0099335580  -0.0633412382
       -0.1660473293   0.0598449073  -0.0406851329  -0.0186023879   0.0194021819
       -0.0276949594   0.0004252745   0.0050652952   0.0003992332   0.0043106125
       -0.0005066125   0.0061009759   0.1774090796  -0.1089817834   0.0893035098
        0.0052898202   0.0028782817  -0.0280425790   0.0099698821   0.0270345890
        0.0004157707  -0.0007364229  -0.0022456327   0.0001861784   0.0002682965
       -0.0006572090  -0.0006044175  -0.0003321054  -0.0006749814   0.0001815786
       -0.0119547198  -0.0011590362   0.0004398422
        0.0814684551  -0.0872853517   0.0311593969  -0.0008254377  -0.0001929754
        0.0080843753   0.0025431560  -0.0026845460   0.0007121171  -0.0011766873
        0.0006239663  -0.0027310662  -0.1089817834   0.1553740712  -0.0764794523
        0.0032535647   0.0020927403   0.0237743868   0.0260399509  -0.0690250344
        0.0159682691  -0.0036605416  -0.0007785769  -0.0006037701  -0.0004061511
        0.0005369466   0.0002051854   0.0003363167   0.0007307852  -0.0001387537
        0.0014091576   0.0006079748   0.0000493117
       -0.0645918337   0.0362857122  -0.0713748241   0.0042753338   0.0009633703
       -0.0039951925  -0.0002700362   0.0012905983  -0.0012315226   0.0003405271
        0.0000107864   0.0053055870   0.0893035098  -0.0764794523   0.1218630496
       -0.0300665637   0.0250905688  -0.0588455413   0.0016157215   0.0134115925
        0.0066497011   0.0006423224  -0.0001547081   0.0008282494  -0.0002288333
       -0.0001323991   0.0003042179  -0.0003027345  -0.0002279338   0.0002182806
       -0.0007174132  -0.0000581352   0.0002779949
       -0.0632086532  -0.0002591581   0.0343321343   0.0046788613   0.0034114004
        0.0222775485  -0.0000829440   0.0019451521  -0.0003341839  -0.0116683692
       -0.0013674260   0.0103684921   0.0052898202   0.0032535647  -0.0300665637
        0.0565098488  -0.0041846496  -0.0288546041   0.0093445801   0.0010982225
       -0.0070681074   0.0005838595  -0.0006373170   0.0001273864  -0.0019429337
       -0.0031411271  -0.0001833856  -0.0002346525  -0.0002511174   0.0000183515
        0.0007305827   0.0001324555  -0.0006170681
        0.0034776814  -0.0431766263  -0.0121363556  -0.0003738476   0.0026168786
        0.0033315510   0.0016816219  -0.0001740278  -0.0017147837  -0.0015026817
        0.0006580049   0.0010221917   0.0028782817   0.0020927403   0.0250905688
       -0.0041846496   0.0652582124   0.0320152441   0.0019287130  -0.0257900389
       -0.0486778455  -0.0004227155   0.0002199245   0.0002020429  -0.0033093195
       -0.0020612760   0.0011408216   0.0000956004   0.0003386883   0.0001377150
       -0.0002686845   0.0000175200  -0.0004111504
        0.0613920118  -0.0045821163  -0.1824523798  -0.0123506878  -0.0036227378
       -0.0144491824   0.0002139961  -0.0020345603  -0.0037032002   0.0140146334
        0.0009815051  -0.0123127776  -0.0280425790   0.0237743868  -0.0588455413
       -0.0288546041   0.0320152441   0.3015623281  -0.0067720136  -0.0470417500
       -0.0358203838  -0.0002618953   0.0006086057   0.0003162946  -0.0010515138
        0.0002178781   0.0031862664   0.0008819449   0.0006514832   0.0002258488
        0.0008307074  -0.0009679386   0.0022927271
       -0.0762810596  -0.0525268808  -0.0032589517  -0.0067455590  -0.0320286313
       -0.0078886168  -0.0064467755   0.0012350190   0.0022073869   0.0026646784
        0.0018937130   0.0005028967   0.0099698821   0.0260399509   0.0016157215
        0.0093445801   0.0019287130  -0.0067720136   0.0685585681   0.0579487509
        0.0140530614   0.0007493088  -0.0006239261   0.0002052911   0.0003218122
       -0.0002525572  -0.0006304487  -0.0035304637  -0.0037526394  -0.0000441406
        0.0013950281   0.0001384880   0.0000098138
       -0.0809512951  -0.1992347936  -0.0159718943   0.0003534343  -0.0248777998
       -0.0138471702  -0.0039702324   0.0037422151   0.0019028979   0.0021106826
        0.0041356420   0.0042969475   0.0270345890  -0.0690250344   0.0134115925
        0.0010982225  -0.0257900389  -0.0470417500   0.0579487509   0.3146965892
        0.0586441975   0.0003486675  -0.0003256499   0.0003248092   0.0000765976
       -0.0002638664  -0.0009191100  -0.0037131837  -0.0036654453   0.0000406553
       -0.0003362331   0.0006081820  -0.0008411752
       -0.0127719987  -0.0303983625  -0.0492339217   0.0045570414   0.0030541120
        0.0000829234   0.0007290714   0.0004291265  -0.0003625499  -0.0001553100
        0.0012206138   0.0036345626   0.0004157707   0.0159682691   0.0066497011
       -0.0070681074  -0.0486778455  -0.0358203838   0.0140530614   0.0586441975
        0.0742844325   0.0001208294  -0.0001899111   0.0002009672  -0.0001112310
       -0.0000022862   0.0003187845   0.0000451449   0.0001277155   0.0001489344
        0.0001857278  -0.0001756290   0.0000965496
       -0.0028423895   0.0024277857  -0.0006833999  -0.0007540116  -0.0005366324
       -0.0087554831  -0.0915351634   0.0839339553  -0.0321704445   0.0006849469
       -0.0012028638   0.0029492195  -0.0007364229  -0.0036605416   0.0006423224
        0.0005838595  -0.0004227155  -0.0002618953   0.0007493088   0.0003486675
        0.0001208294   0.1627568444  -0.1102513816   0.0783723138   0.0011825454
        0.0035669355  -0.0252586263  -0.0706965708   0.0240900169  -0.0148960408
        0.0006070532   0.0017067740  -0.0000587952
        0.0049777678   0.0005836210  -0.0004951169   0.0201255541  -0.0179589872
        0.0272944625   0.0619263673  -0.1622057890   0.0394968367  -0.0006350564
        0.0041700861  -0.0061276933  -0.0022456327  -0.0007785769  -0.0001547081
       -0.0006373170   0.0002199245   0.0006086057  -0.0006239261  -0.0003256499
       -0.0001899111  -0.1102513816   0.1713291471  -0.0862153580   0.0031541370
        0.0058756568   0.0273348211   0.0250988331   0.0110420733  -0.0011800931
       -0.0008893456  -0.0119515059  -0.0003718456
       -0.0012978256   0.0002022684  -0.0012571060  -0.0009899585  -0.0042047374
       -0.0039457745  -0.0377221193   0.0628743914  -0.0707726087   0.0000053972
       -0.0002247616   0.0052543702   0.0001861784  -0.0006037701   0.0008282494
        0.0001273864   0.0002020429   0.0003162946   0.0002052911   0.0003248092
        0.0002009672   0.0783723138  -0.0862153580   0.1201121226  -0.0265955502
        0.0292337000  -0.0580953088  -0.0123313822  -0.0023286553   0.0071230641
        0.0000402690   0.0007400704   0.0002357298
       -0.0001819711   0.0017049837   0.0016828403   0.0025541755  -0.0002254231
       -0.0031040526  -0.0430263175   0.0030348036   0.0107358997   0.0006931766
       -0.0014768413  -0.0009742986   0.0002682965  -0.0004061511  -0.0002288333
       -0.0019429337  -0.0033093195  -0.0010515138   0.0003218122   0.0000765976
       -0.0001112310   0.0011825454   0.0031541370  -0.0265955502   0.0644183282
       -0.0037909457  -0.0291019863  -0.0243224823   0.0015138194   0.0483035114
        0.0000353702  -0.0002756606   0.0004452145
        0.0019471680  -0.0000151993   0.0003391145   0.0030678512   0.0046379144
       -0.0225028106  -0.0003494290  -0.0636745713  -0.0347229481  -0.0011916668
       -0.0118932425  -0.0103344155  -0.0006572090   0.0005369466  -0.0001323991
       -0.0031411271  -0.0020612760   0.0002178781  -0.0002525572  -0.0002638664
       -0.0000022862   0.0035669355   0.0058756568   0.0292337000  -0.0037909457
        0.0566345914   0.0294046991   0.0006773602   0.0094718655   0.0078707208
        0.0001236199   0.0007511808   0.0006287471
        0.0019946372  -0.0002440413  -0.0037392775   0.0030772340   0.0123169908
       -0.0144118626   0.0037643023  -0.0619835642  -0.1822657594  -0.0007622973
       -0.0140707119  -0.0121000171  -0.0006044175   0.0002051854   0.0003042179
       -0.0001833856   0.0011408216   0.0031862664  -0.0006304487  -0.0009191100
        0.0003187845  -0.0252586263   0.0273348211  -0.0580953088  -0.0291019863
        0.0294046991   0.3019053772   0.0467025686   0.0075581917  -0.0374186807
        0.0010024197  -0.0007432821   0.0023162600
        0.0037777825  -0.0037582363  -0.0018373353  -0.0240300893  -0.0000558478
        0.0139707000  -0.1955205464  -0.0834154159   0.0184853684   0.0039801401
        0.0021511153  -0.0042583811  -0.0003321054   0.0003363167  -0.0003027345
       -0.0002346525   0.0000956004   0.0008819449  -0.0035304637  -0.0037131837
        0.0000451449  -0.0706965708   0.0250988331  -0.0123313822  -0.0243224823
        0.0006773602   0.0467025686   0.3103425629   0.0629941953  -0.0621911158
        0.0005664248  -0.0004107373   0.0008352221
        0.0014347098  -0.0065230009  -0.0022020068  -0.0323690734  -0.0073796380
        0.0086733604  -0.0550012022  -0.0793826068   0.0046083155   0.0018942805
        0.0027972861  -0.0005706905  -0.0006749814   0.0007307852  -0.0002279338
       -0.0002511174   0.0003386883   0.0006514832  -0.0037526394  -0.0036654453
        0.0001277155   0.0240900169   0.0110420733  -0.0023286553   0.0015138194
        0.0094718655   0.0075581917   0.0629941953   0.0712174552  -0.0162832531
        0.0001219918   0.0013525373  -0.0000065269
       -0.0004896197  -0.0006532371  -0.0003503051  -0.0023626124  -0.0046078767
       -0.0001199666   0.0325740665   0.0149266889  -0.0498083110  -0.0012501392
        0.0000849694   0.0037398644   0.0001815786  -0.0001387537   0.0002182806
        0.0000183515   0.0001377150   0.0002258488  -0.0000441406   0.0000406553
        0.0001489344  -0.0148960408  -0.0011800931   0.0071230641   0.0483035114
        0.0078707208  -0.0374186807  -0.0621911158  -0.0162832531   0.0761295710
        0.0001561605  -0.0001975356   0.0001117002
       -0.0259429854   0.0181662031  -0.0142232638  -0.0878307751   0.0453139067
       -0.0354461285   0.0002280163   0.0019190699  -0.0004988313   0.0115135777
       -0.0045440580  -0.0106352146  -0.0119547198   0.0014091576  -0.0007174132
        0.0007305827  -0.0002686845   0.0008307074   0.0013950281  -0.0003362331
        0.0001857278   0.0006070532  -0.0008893456   0.0000402690   0.0000353702
        0.0001236199   0.0010024197   0.0005664248   0.0001219918   0.0001561605
        0.1106524275  -0.0610156278   0.0593055673
        0.0013699940   0.0006068928   0.0002239348   0.0452935408  -0.0855376850
        0.0346277532   0.0187855301  -0.0254076973   0.0142508316  -0.0045657206
        0.0115127893   0.0099335580  -0.0011590362   0.0006079748  -0.0000581352
        0.0001324555   0.0000175200  -0.0009679386   0.0001384880   0.0006081820
       -0.0001756290   0.0017067740  -0.0119515059   0.0007400704  -0.0002756606
        0.0007511808  -0.0007432821  -0.0004107373   0.0013525373  -0.0001975356
       -0.0610156278   0.1074398111  -0.0576336276
       -0.0039030273   0.0013034435   0.0005886293  -0.0416977193   0.0407489919
       -0.0611169678  -0.0015122272   0.0040467915   0.0004636175  -0.0132468226
        0.0124870399  -0.0633412382   0.0004398422   0.0000493117   0.0002779949
       -0.0006170681  -0.0004111504   0.0022927271   0.0000098138  -0.0008411752
        0.0000965496  -0.0000587952  -0.0003718456   0.0002357298   0.0004452145
        0.0006287471   0.0023162600   0.0008352221  -0.0000065269   0.0001117002
        0.0593055673  -0.0576336276   0.1180749975
