$hessian                                                                        
        0.4922888099   0.1317026041   0.1784071054  -0.0993676687   0.0399656921
       -0.0980994591  -0.0199112140   0.0086313122  -0.0284132619   0.0027497006
        0.0023013456   0.0025452030  -0.0302696112  -0.0207799164  -0.0002361082
       -0.1274125087  -0.0884175422   0.0426563513   0.0143873950   0.0040234943
       -0.0032407775  -0.2296398038  -0.0602619152  -0.0977625552   0.0045997358
       -0.0091301229   0.0132068623  -0.0024040230  -0.0031724583  -0.0040035007
       -0.0062138228  -0.0023199704  -0.0033728392  -0.0030235937  -0.0040269472
       -0.0040976165   0.0015490265  -0.0021655796   0.0043445653   0.0026675781
        0.0036500037  -0.0019339691
        0.1317026041   0.3782032995  -0.2128036093   0.0010331363  -0.1295587193
        0.1069072884   0.0372375091   0.0220315357   0.0077988748  -0.0044221997
       -0.0179428134   0.0133024025  -0.0353677792  -0.0083572525  -0.0219651921
       -0.0582115317  -0.1526896636   0.0640110035  -0.0082909378  -0.0274887217
        0.0400552245  -0.0601451296  -0.0558337812  -0.0227155223   0.0045524355
       -0.0132927364   0.0213380982  -0.0036336747   0.0029182954   0.0013197319
       -0.0019006897  -0.0005648266   0.0001529436  -0.0038285506   0.0028801431
        0.0019723537   0.0013046466   0.0000186191   0.0003967906  -0.0000298388
       -0.0003233780   0.0002296120
        0.1784071054  -0.2128036093   0.5018849701  -0.0525825052   0.1399889305
       -0.2476238491  -0.0619050747  -0.0165513566  -0.0316152041   0.0104116592
        0.0189938497  -0.0168040430   0.0168670977  -0.0095515917   0.0241101427
        0.0072749186   0.0384104665  -0.0946038432   0.0112051781   0.0504824413
       -0.0369948806  -0.0978865676  -0.0227976943  -0.0880539732  -0.0027833160
        0.0096923596  -0.0121181527  -0.0034700418   0.0017110815   0.0017432823
       -0.0038874705  -0.0002035366  -0.0021086580  -0.0043215278   0.0017888568
        0.0015276210   0.0003000351  -0.0025481091   0.0026553681   0.0023705094
        0.0033879119  -0.0019987803
       -0.0993676687   0.0010331363  -0.0525825052   0.5314366877   0.1818099077
        0.1468700379  -0.2645797094  -0.0517852609  -0.1286694525  -0.0442412393
       -0.0456176592   0.0157710378  -0.0152208847   0.0075320297  -0.0209270458
        0.0330389439   0.0176078338   0.0094531896  -0.0022638732  -0.0075365022
        0.0028084990  -0.0108671180   0.0112069410  -0.0224338818  -0.1219922040
       -0.1084667470   0.0523047037  -0.0087802571  -0.0018363032  -0.0053408148
        0.0085401910  -0.0026845199   0.0032585859  -0.0004933745   0.0003445574
       -0.0001780024  -0.0005122375   0.0034117164  -0.0033390241  -0.0046972565
       -0.0050191298   0.0030046728
        0.0399656921  -0.1295587193   0.1399889305   0.1818099077   0.4169215434
       -0.2065418552  -0.0925809055  -0.0839890053  -0.0295661133  -0.0205966772
       -0.0094593246  -0.0064461655   0.0009721699  -0.0003186056   0.0000092906
        0.0002501128  -0.0200762974   0.0210970171  -0.0045054521  -0.0011934412
        0.0031668868  -0.0029613207   0.0030101426  -0.0058747359  -0.1078095846
       -0.1761331712   0.0745191534   0.0117419083   0.0033218225   0.0061035285
       -0.0097832269  -0.0015795477   0.0033156540   0.0006208249   0.0000535620
       -0.0004189265   0.0024525730  -0.0019548856   0.0029488857   0.0004239782
        0.0009559273  -0.0023015501
       -0.0980994591   0.1069072884  -0.2476238491   0.1468700379  -0.2065418552
        0.4750633307  -0.0808918866   0.0050943149  -0.1167684139  -0.0135260243
       -0.0276841073   0.0209475149  -0.0132549461   0.0055932004  -0.0188302221
        0.0297851632   0.0358280472  -0.0188436249  -0.0007565505   0.0006543742
        0.0034004771  -0.0058784167   0.0061389898  -0.0120734887   0.0515069509
        0.0739431834  -0.0768473472  -0.0212005487  -0.0054423117  -0.0116689772
        0.0115759666   0.0093897247   0.0072058204  -0.0005101302  -0.0006481906
       -0.0004140632  -0.0022466224   0.0037490295  -0.0075167839  -0.0033735341
       -0.0069816876   0.0039696270
       -0.0199112140   0.0372375091  -0.0619050747  -0.2645797094  -0.0925809055
       -0.0808918866   0.5249701274   0.1607546228   0.1743787065  -0.1139048595
       -0.0772209406   0.0306380928   0.0215784526  -0.0077219435   0.0254801703
       -0.0290452154  -0.0175096153  -0.0003223469   0.0027619486   0.0014891578
        0.0004479648   0.0022949615  -0.0009600642  -0.0034697649  -0.0171041355
       -0.0067189671  -0.0067255991  -0.0654837795   0.0359182523  -0.0750116485
       -0.0437334805  -0.0253197061  -0.0028136304   0.0016305881  -0.0000886405
       -0.0035623733  -0.0000287186  -0.0109564095   0.0116673205   0.0005550341
        0.0036776503  -0.0079099303
        0.0086313122   0.0220315357  -0.0165513566  -0.0517852609  -0.0839890053
        0.0050943149   0.1607546228   0.3929550040  -0.2076647506  -0.0986127295
       -0.1850246551   0.0812876131   0.0078505748  -0.0248445662   0.0384205984
       -0.0198750855  -0.0127338520  -0.0073789274   0.0030647397  -0.0001273510
        0.0029891357  -0.0006311856   0.0027207041   0.0053601801  -0.0202897203
       -0.0072257891  -0.0087004795   0.0359178020  -0.0930149716   0.1082404009
       -0.0314931284  -0.0173230337  -0.0130576204  -0.0004054085   0.0020438287
        0.0041947608   0.0029647058  -0.0060247942   0.0111905786   0.0039087615
        0.0105569459  -0.0034244479
       -0.0284132619   0.0077988748  -0.0316152041  -0.1286694525  -0.0295661133
       -0.1167684139   0.1743787065  -0.2076647506   0.4897352232   0.0557002430
        0.0995317055  -0.1129034555   0.0072566416   0.0251748459  -0.0209888795
        0.0024176705  -0.0053375070   0.0036983842  -0.0013931003   0.0016254021
       -0.0028733330  -0.0038563822   0.0050085397  -0.0014920957   0.0091658545
        0.0028481203   0.0045438862  -0.0750128788   0.1082466846  -0.2169303667
        0.0044537544  -0.0077811085   0.0073127283  -0.0031923395   0.0044603867
       -0.0020176587  -0.0046606407  -0.0007038897  -0.0018014601  -0.0081748146
       -0.0036411905   0.0021006453
        0.0027497006  -0.0044221997   0.0104116592  -0.0442412393  -0.0205966772
       -0.0135260243  -0.1139048595  -0.0986127295   0.0557002430   0.4430555937
        0.1521700387   0.0992744301  -0.0809126551   0.0249701991  -0.0663135080
       -0.0104611814   0.0065465874  -0.0122450120  -0.0059232653   0.0003734126
       -0.0105168196   0.0002819630  -0.0002114696   0.0000613746  -0.0027418170
       -0.0041217547  -0.0039367659   0.0047260315   0.0059670464  -0.0027239130
       -0.1285683393  -0.0160804776  -0.0266032068   0.0038884221  -0.0086563253
        0.0136882801  -0.0223307252   0.0083076337  -0.0433428393  -0.0456176289
       -0.0456332842   0.0000721018
        0.0023013456  -0.0179428134   0.0189938497  -0.0456176592  -0.0094593246
       -0.0276841073  -0.0772209406  -0.1850246551   0.0995317055   0.1521700387
        0.4356750053  -0.2432029393   0.0085392438  -0.1289920140   0.1147085268
        0.0296105467   0.0123452598   0.0048390126  -0.0076907503   0.0046977900
       -0.0051569010  -0.0003570437  -0.0002314453   0.0004311811  -0.0031600465
        0.0035750446   0.0019621853  -0.0064653602  -0.0123114708   0.0086239983
       -0.0147372133  -0.0769615164  -0.0106990603   0.0040620509  -0.0137113166
        0.0191339369   0.0111241202   0.0138929397   0.0131930561  -0.0525583322
       -0.0255514832   0.0053255556
        0.0025452030   0.0133024025  -0.0168040430   0.0157710378  -0.0064461655
        0.0209475149   0.0306380928   0.0812876131  -0.1129034555   0.0992744301
       -0.2432029393   0.4863744701  -0.0471087683   0.1285988374  -0.2279465626
       -0.0392899980  -0.0148485707  -0.0210839711  -0.0010812115   0.0017566718
        0.0029653008   0.0002523039   0.0006526973   0.0000302750  -0.0050288030
        0.0011244100   0.0018813334   0.0117825784   0.0191825293  -0.0126549277
       -0.0281322274  -0.0117045290  -0.0853819137  -0.0011572124   0.0082751235
       -0.0110747352  -0.0466498419   0.0108370841  -0.0353264150   0.0081844165
        0.0111848356   0.0109771297
       -0.0302696112  -0.0353677792   0.0168670977  -0.0152208847   0.0009721699
       -0.0132549461   0.0215784526   0.0078505748   0.0072566416  -0.0809126551
        0.0085392438  -0.0471087683   0.4788559679   0.1565824477   0.1454680527
       -0.1993705335  -0.0366511953  -0.0818920072  -0.0230013778   0.0072216662
       -0.0385365804  -0.0006013970  -0.0051869017  -0.0006360245   0.0002320229
        0.0003292405  -0.0001434555  -0.0006948443  -0.0041536857   0.0007824704
       -0.0218232081   0.0092680774  -0.0281481814  -0.1217689137  -0.1109451242
        0.0505370004  -0.0059091726  -0.0024649073  -0.0050781387  -0.0010938452
        0.0040061733  -0.0061131606
       -0.0207799164  -0.0083572525  -0.0095515917   0.0075320297  -0.0003186056
        0.0055932004  -0.0077219435  -0.0248445662   0.0251748459   0.0249701991
       -0.1289920140   0.1285988374   0.1565824477   0.4019616825  -0.2285548664
       -0.0636999027  -0.0821917573  -0.0198576638   0.0178425955   0.0111805763
        0.0165310748  -0.0054456263  -0.0003219973   0.0042582200   0.0005238442
        0.0004108984  -0.0000475642  -0.0036880278  -0.0011445765   0.0029703838
        0.0146885886   0.0067373222   0.0028597389  -0.1113301297  -0.1754483885
        0.0769148564  -0.0050282383   0.0031901894  -0.0040343055  -0.0044459201
       -0.0018615107  -0.0008551659
       -0.0002361082  -0.0219651921   0.0241101427  -0.0209270458   0.0000092906
       -0.0188302221   0.0254801703   0.0384205984  -0.0209888795  -0.0663135080
        0.1147085268  -0.2279465626   0.1454680527  -0.2285548664   0.4842231074
       -0.0502893992   0.0031929111  -0.0993892112  -0.0509417860   0.0074410199
       -0.0398404051  -0.0002940667   0.0044562727   0.0016998889  -0.0004136168
       -0.0001935862  -0.0000650889   0.0002623856   0.0025659688   0.0012752896
       -0.0345278784  -0.0018244616  -0.0288906158   0.0509669768   0.0772532688
       -0.0756170443  -0.0020511156  -0.0018337104   0.0038576859   0.0038169393
        0.0063239596  -0.0035980849
       -0.1274125087  -0.0582115317   0.0072749186   0.0330389439   0.0002501128
        0.0297851632  -0.0290452154  -0.0198750855   0.0024176705  -0.0104611814
        0.0296105467  -0.0392899980  -0.1993705335  -0.0636999027  -0.0502893992
        0.4576321220   0.0909844465   0.1590366814  -0.1019717246   0.0509918149
       -0.1026424670  -0.0164367991  -0.0217496259   0.0074368374   0.0019819096
       -0.0006053637  -0.0048024667  -0.0004998003  -0.0002171647  -0.0001429723
        0.0053655805  -0.0036297624  -0.0028333679  -0.0129026538  -0.0067040913
       -0.0073525257  -0.0003960703   0.0023147596  -0.0007329197   0.0004779311
        0.0005408475   0.0021348454
       -0.0884175422  -0.1526896636   0.0384104665   0.0176078338  -0.0200762974
        0.0358280472  -0.0175096153  -0.0127338520  -0.0053375070   0.0065465874
        0.0123452598  -0.0148485707  -0.0366511953  -0.0821917573   0.0031929111
        0.0909844465   0.3994767246  -0.2201580391   0.0520121202  -0.1465259152
        0.1556826727  -0.0059156880  -0.0029625351   0.0040088614  -0.0015059167
        0.0048562147   0.0029179137  -0.0003096221   0.0002152148  -0.0005255870
        0.0128342482   0.0096322642   0.0156887693  -0.0218688948  -0.0047083965
       -0.0072525425  -0.0027702607   0.0032523786  -0.0093006065  -0.0050365010
       -0.0078896396   0.0016932109
        0.0426563513   0.0640110035  -0.0946038432   0.0094531896   0.0210970171
       -0.0188436249  -0.0003223469  -0.0073789274   0.0036983842  -0.0122450120
        0.0048390126  -0.0210839711  -0.0818920072  -0.0198576638  -0.0993892112
        0.1590366814  -0.2201580391   0.5391409831  -0.1038391189   0.1548075178
       -0.3215230790  -0.0111380415  -0.0093659210   0.0064278589  -0.0037149333
        0.0036560093   0.0009223742  -0.0000564558  -0.0004363335   0.0004920364
       -0.0221541068   0.0016310005  -0.0070798125   0.0103630415   0.0056669703
        0.0072278496   0.0051906612  -0.0049561328   0.0076121218   0.0086620974
        0.0064444866  -0.0029980662
        0.0143873950  -0.0082909378   0.0112051781  -0.0022638732  -0.0045054521
       -0.0007565505   0.0027619486   0.0030647397  -0.0013931003  -0.0059232653
       -0.0076907503  -0.0010812115  -0.0230013778   0.0178425955  -0.0509417860
       -0.1019717246   0.0520121202  -0.1038391189   0.1127725276  -0.0597593647
        0.1448637839   0.0016761768   0.0029549514   0.0003950439   0.0000388890
        0.0001553910   0.0006639116  -0.0001439330   0.0004074698   0.0003465881
        0.0029041507   0.0026061020   0.0012707038   0.0020505566   0.0018912627
        0.0022400297  -0.0020224963   0.0004414057  -0.0026893395  -0.0012649742
       -0.0011295331  -0.0002841326
        0.0040234943  -0.0274887217   0.0504824413  -0.0075365022  -0.0011934412
        0.0006543742   0.0014891578  -0.0001273510   0.0016254021   0.0003734126
        0.0046977900   0.0017566718   0.0072216662   0.0111805763   0.0074410199
        0.0509918149  -0.1465259152   0.1548075178  -0.0597593647   0.1640931780
       -0.2141209105   0.0019988654   0.0003299067  -0.0020851805   0.0003939455
       -0.0021850929   0.0017603968   0.0003460991  -0.0005350537  -0.0003807511
       -0.0081188184  -0.0041383703  -0.0045713803   0.0027651403  -0.0003311399
       -0.0009679592   0.0026940708  -0.0017725314   0.0049752967   0.0031170184
        0.0039961662  -0.0013769390
       -0.0032407775   0.0400552245  -0.0369948806   0.0028084990   0.0031668868
        0.0034004771   0.0004479648   0.0029891357  -0.0028733330  -0.0105168196
       -0.0051569010   0.0029653008  -0.0385365804   0.0165310748  -0.0398404051
       -0.1026424670   0.1556826727  -0.3215230790   0.1448637839  -0.2141209105
        0.3991402786   0.0015317362  -0.0012983982   0.0000298689   0.0003722431
        0.0015830562  -0.0024690485   0.0004219492  -0.0003557125  -0.0003996289
        0.0138185019   0.0045086330   0.0043906702   0.0012385787  -0.0016787028
       -0.0000773314  -0.0053011819   0.0030292339  -0.0076870988  -0.0052654303
       -0.0049352926   0.0019382097
       -0.2296398038  -0.0601451296  -0.0978865676  -0.0108671180  -0.0029613207
       -0.0058784167   0.0022949615  -0.0006311856  -0.0038563822   0.0002819630
       -0.0003570437   0.0002523039  -0.0006013970  -0.0054456263  -0.0002940667
       -0.0164367991  -0.0059156880  -0.0111380415   0.0016761768   0.0019988654
        0.0015317362   0.2554929644   0.0716899963   0.1152862207   0.0000684938
        0.0010041107   0.0014485601  -0.0005650585  -0.0002568240  -0.0003395435
        0.0005459068   0.0016404200   0.0017726801  -0.0016543317   0.0002653998
        0.0001282784  -0.0002105345  -0.0001563853  -0.0008121313  -0.0003854238
       -0.0007295889  -0.0002146299
       -0.0602619152  -0.0558337812  -0.0227976943   0.0112069410   0.0030101426
        0.0061389898  -0.0009600642   0.0027207041   0.0050085397  -0.0002114696
       -0.0002314453   0.0006526973  -0.0051869017  -0.0003219973   0.0044562727
       -0.0217496259  -0.0029625351  -0.0093659210   0.0029549514   0.0003299067
       -0.0012983982   0.0716899963   0.0561881077   0.0198424691   0.0018421039
       -0.0007816114  -0.0010721849   0.0004745247   0.0001680503   0.0004152405
        0.0016778651  -0.0016224759  -0.0010717168  -0.0005675578  -0.0014499150
       -0.0013216597  -0.0003762562   0.0005407521   0.0001581459  -0.0005325915
        0.0002460976   0.0002552200
       -0.0977625552  -0.0227155223  -0.0880539732  -0.0224338818  -0.0058747359
       -0.0120734887  -0.0034697649   0.0053601801  -0.0014920957   0.0000613746
        0.0004311811   0.0000302750  -0.0006360245   0.0042582200   0.0016998889
        0.0074368374   0.0040088614   0.0064278589   0.0003950439  -0.0020851805
        0.0000298689   0.1152862207   0.0198424691   0.0956779187   0.0004639267
       -0.0017631142  -0.0005216511  -0.0011885200  -0.0001851790  -0.0005755165
        0.0016257865  -0.0011722169  -0.0010280784   0.0011356463  -0.0006117004
       -0.0005378573  -0.0005214653   0.0003493304   0.0000819985  -0.0003926244
        0.0001574071   0.0003348521
        0.0045997358   0.0045524355  -0.0027833160  -0.1219922040  -0.1078095846
        0.0515069509  -0.0171041355  -0.0202897203   0.0091658545  -0.0027418170
       -0.0031600465  -0.0050288030   0.0002320229   0.0005238442  -0.0004136168
        0.0019819096  -0.0015059167  -0.0037149333   0.0000388890   0.0003939455
        0.0003722431   0.0000684938   0.0018421039   0.0004639267   0.1361510081
        0.1259589994  -0.0520818540   0.0000345663   0.0006765377   0.0012950681
        0.0007096278  -0.0012562660   0.0011829671  -0.0003422504   0.0004253031
        0.0003298054  -0.0002361721   0.0002992410  -0.0004560885  -0.0013996743
       -0.0006508762   0.0001617958
       -0.0091301229  -0.0132927364   0.0096923596  -0.1084667470  -0.1761331712
        0.0739431834  -0.0067189671  -0.0072257891   0.0028481203  -0.0041217547
        0.0035750446   0.0011244100   0.0003292405   0.0004108984  -0.0001935862
       -0.0006053637   0.0048562147   0.0036560093   0.0001553910  -0.0021850929
        0.0015830562   0.0010041107  -0.0007816114  -0.0017631142   0.1259589994
        0.1924528332  -0.0900655673   0.0014408678  -0.0006242781  -0.0009272500
        0.0005676584   0.0003326188   0.0013432931   0.0003829325  -0.0006085623
       -0.0005230904  -0.0002259405   0.0001753284  -0.0005469725  -0.0005703043
       -0.0009516967  -0.0001708514
        0.0132068623   0.0213380982  -0.0121181527   0.0523047037   0.0745191534
       -0.0768473472  -0.0067255991  -0.0087004795   0.0045438862  -0.0039367659
        0.0019621853   0.0018813334  -0.0001434555  -0.0000475642  -0.0000650889
       -0.0048024667   0.0029179137   0.0009223742   0.0006639116   0.0017603968
       -0.0024690485   0.0014485601  -0.0010721849  -0.0005216511  -0.0520818540
       -0.0900655673   0.0851005366   0.0003892115  -0.0015853631  -0.0002605057
       -0.0008699070  -0.0001382529   0.0004500042   0.0003859453  -0.0004909571
       -0.0004359300   0.0001468890  -0.0000799518   0.0000841169   0.0000139647
       -0.0003174266  -0.0002645273
       -0.0024040230  -0.0036336747  -0.0034700418  -0.0087802571   0.0117419083
       -0.0212005487  -0.0654837795   0.0359178020  -0.0750128788   0.0047260315
       -0.0064653602   0.0117825784  -0.0006948443  -0.0036880278   0.0002623856
       -0.0004998003  -0.0003096221  -0.0000564558  -0.0001439330   0.0003460991
        0.0004219492  -0.0005650585   0.0004745247  -0.0011885200   0.0000345663
        0.0014408678   0.0003892115   0.0747897348  -0.0347095759   0.0871386388
        0.0003998357   0.0005387324   0.0021632630   0.0005659377  -0.0011384730
        0.0002573461  -0.0022335414  -0.0012195116  -0.0010994455   0.0002891312
        0.0007043109  -0.0003874822
       -0.0031724583   0.0029182954   0.0017110815  -0.0018363032   0.0033218225
       -0.0054423117   0.0359182523  -0.0930149716   0.1082466846   0.0059670464
       -0.0123114708   0.0191825293  -0.0041536857  -0.0011445765   0.0025659688
       -0.0002171647   0.0002152148  -0.0004363335   0.0004074698  -0.0005350537
       -0.0003557125  -0.0002568240   0.0001680503  -0.0001851790   0.0006765377
       -0.0006242781  -0.0015853631  -0.0347095759   0.1015880405  -0.1248431669
        0.0023434125  -0.0019594829   0.0009166535  -0.0002820865   0.0000801344
        0.0017843444  -0.0010905011   0.0008738229  -0.0011762669   0.0004058807
        0.0004244528  -0.0003829284
       -0.0040035007   0.0013197319   0.0017432823  -0.0053408148   0.0061035285
       -0.0116689772  -0.0750116485   0.1082404009  -0.2169303667  -0.0027239130
        0.0086239983  -0.0126549277   0.0007824704   0.0029703838   0.0012752896
       -0.0001429723  -0.0005255870   0.0004920364   0.0003465881  -0.0003807511
       -0.0003996289  -0.0003395435   0.0004152405  -0.0005755165   0.0012950681
       -0.0009272500  -0.0002605057   0.0871386388  -0.1248431669   0.2401104434
       -0.0000152488  -0.0006301329  -0.0021904372  -0.0007511175   0.0010529598
       -0.0000422462  -0.0012289608  -0.0013196731   0.0011529928  -0.0000050454
       -0.0000996827  -0.0000514385
       -0.0062138228  -0.0019006897  -0.0038874705   0.0085401910  -0.0097832269
        0.0115759666  -0.0437334805  -0.0314931284   0.0044537544  -0.1285683393
       -0.0147372133  -0.0281322274  -0.0218232081   0.0146885886  -0.0345278784
        0.0053655805   0.0128342482  -0.0221541068   0.0029041507  -0.0081188184
        0.0138185019   0.0005459068   0.0016778651   0.0016257865   0.0007096278
        0.0005676584  -0.0008699070   0.0003998357   0.0023434125  -0.0000152488
        0.5063746982   0.1520034476   0.0848469621  -0.0013211595  -0.0004053907
        0.0036594292  -0.1212154589   0.0375925998  -0.0943546431  -0.2019645217
       -0.1552693527   0.0639610814
       -0.0023199704  -0.0005648266  -0.0002035366  -0.0026845199  -0.0015795477
        0.0093897247  -0.0253197061  -0.0173230337  -0.0077811085  -0.0160804776
       -0.0769615164  -0.0117045290   0.0092680774   0.0067373222  -0.0018244616
       -0.0036297624   0.0096322642   0.0016310005   0.0026061020  -0.0041383703
        0.0045086330   0.0016404200  -0.0016224759  -0.0011722169  -0.0012562660
        0.0003326188  -0.0001382529   0.0005387324  -0.0019594829  -0.0006301329
        0.1520034476   0.5312006016  -0.2619057847   0.0016806033  -0.0035941153
       -0.0001644910   0.0495635573  -0.1635450143   0.1606098415  -0.1660102376
       -0.2766144239   0.1093853145
       -0.0033728392   0.0001529436  -0.0021086580   0.0032585859   0.0033156540
        0.0072058204  -0.0028136304  -0.0130576204   0.0073127283  -0.0266032068
       -0.0106990603  -0.0853819137  -0.0281481814   0.0028597389  -0.0288906158
       -0.0028333679   0.0156887693  -0.0070798125   0.0012707038  -0.0045713803
        0.0043906702   0.0017726801  -0.0010717168  -0.0010280784   0.0011829671
        0.0013432931   0.0004500042   0.0021632630   0.0009166535  -0.0021904372
        0.0848469621  -0.2619057847   0.5779747910   0.0011608311  -0.0019667137
       -0.0016647026  -0.1083780740   0.1505543089  -0.3315033882   0.0764933065
        0.1184409148  -0.1374864077
       -0.0030235937  -0.0038285506  -0.0043215278  -0.0004933745   0.0006208249
       -0.0005101302   0.0016305881  -0.0004054085  -0.0031923395   0.0038884221
        0.0040620509  -0.0011572124  -0.1217689137  -0.1113301297   0.0509669768
       -0.0129026538  -0.0218688948   0.0103630415   0.0020505566   0.0027651403
        0.0012385787  -0.0016543317  -0.0005675578   0.0011356463  -0.0003422504
        0.0003829325   0.0003859453   0.0005659377  -0.0002820865  -0.0007511175
       -0.0013211595   0.0016806033   0.0011608311   0.1344878718   0.1291125903
       -0.0536588430   0.0004694260  -0.0007224041   0.0009525717  -0.0015865251
        0.0003808899  -0.0026124211
       -0.0040269472   0.0028801431   0.0017888568   0.0003445574   0.0000535620
       -0.0006481906  -0.0000886405   0.0020438287   0.0044603867  -0.0086563253
       -0.0137113166   0.0082751235  -0.1109451242  -0.1754483885   0.0772532688
       -0.0067040913  -0.0047083965   0.0056669703   0.0018912627  -0.0003311399
       -0.0016787028   0.0002653998  -0.0014499150  -0.0006117004   0.0004253031
       -0.0006085623  -0.0004909571  -0.0011384730   0.0000801344   0.0010529598
       -0.0004053907  -0.0035941153  -0.0019667137   0.1291125903   0.1926625927
       -0.0922338812   0.0000281845   0.0000097691   0.0004341760  -0.0001023055
        0.0021218043  -0.0013015960
       -0.0040976165   0.0019723537   0.0015276210  -0.0001780024  -0.0004189265
       -0.0004140632  -0.0035623733   0.0041947608  -0.0020176587   0.0136882801
        0.0191339369  -0.0110747352   0.0505370004   0.0769148564  -0.0756170443
       -0.0073525257  -0.0072525425   0.0072278496   0.0022400297  -0.0009679592
       -0.0000773314   0.0001282784  -0.0013216597  -0.0005378573   0.0003298054
       -0.0005230904  -0.0004359300   0.0002573461   0.0017843444  -0.0000422462
        0.0036594292  -0.0001644910  -0.0016647026  -0.0536588430  -0.0922338812
        0.0820931492   0.0000620776  -0.0002210395   0.0006311294  -0.0020528861
       -0.0008966623   0.0004018197
        0.0015490265   0.0013046466   0.0003000351  -0.0005122375   0.0024525730
       -0.0022466224  -0.0000287186   0.0029647058  -0.0046606407  -0.0223307252
        0.0111241202  -0.0466498419  -0.0059091726  -0.0050282383  -0.0020511156
       -0.0003960703  -0.0027702607   0.0051906612  -0.0020224963   0.0026940708
       -0.0053011819  -0.0002105345  -0.0003762562  -0.0005214653  -0.0002361721
       -0.0002259405   0.0001468890  -0.0022335414  -0.0010905011  -0.0012289608
       -0.1212154589   0.0495635573  -0.1083780740   0.0004694260   0.0000281845
        0.0000620776   0.1323810396  -0.0353655659   0.1357467759   0.0206956353
       -0.0252750954   0.0295914640
       -0.0021655796   0.0000186191  -0.0025481091   0.0034117164  -0.0019548856
        0.0037490295  -0.0109564095  -0.0060247942  -0.0007038897   0.0083076337
        0.0138929397   0.0108370841  -0.0024649073   0.0031901894  -0.0018337104
        0.0023147596   0.0032523786  -0.0049561328   0.0004414057  -0.0017725314
        0.0030292339  -0.0001563853   0.0005407521   0.0003493304   0.0002992410
        0.0001753284  -0.0000799518  -0.0012195116   0.0008738229  -0.0013196731
        0.0375925998  -0.1635450143   0.1505543089  -0.0007224041   0.0000097691
       -0.0002210395  -0.0353655659   0.1914350884  -0.2290175728   0.0006834072
       -0.0400916622   0.0721610924
        0.0043445653   0.0003967906   0.0026553681  -0.0033390241   0.0029488857
       -0.0075167839   0.0116673205   0.0111905786  -0.0018014601  -0.0433428393
        0.0131930561  -0.0353264150  -0.0050781387  -0.0040343055   0.0038576859
       -0.0007329197  -0.0093006065   0.0076121218  -0.0026893395   0.0049752967
       -0.0076870988  -0.0008121313   0.0001581459   0.0000819985  -0.0004560885
       -0.0005469725   0.0000841169  -0.0010994455  -0.0011762669   0.0011529928
       -0.0943546431   0.1606098415  -0.3315033882   0.0009525717   0.0004341760
        0.0006311294   0.1357467759  -0.2290175728   0.4065185117  -0.0008066638
        0.0501689532  -0.0387587790
        0.0026675781  -0.0000298388   0.0023705094  -0.0046972565   0.0004239782
       -0.0033735341   0.0005550341   0.0039087615  -0.0081748146  -0.0456176289
       -0.0525583322   0.0081844165  -0.0010938452  -0.0044459201   0.0038169393
        0.0004779311  -0.0050365010   0.0086620974  -0.0012649742   0.0031170184
       -0.0052654303  -0.0003854238  -0.0005325915  -0.0003926244  -0.0013996743
       -0.0005703043   0.0000139647   0.0002891312   0.0004058807  -0.0000050454
       -0.2019645217  -0.1660102376   0.0764933065  -0.0015865251  -0.0001023055
       -0.0020528861   0.0206956353   0.0006834072  -0.0008066638   0.2333245398
        0.2207469848  -0.0794702353
        0.0036500037  -0.0003233780   0.0033879119  -0.0050191298   0.0009559273
       -0.0069816876   0.0036776503   0.0105569459  -0.0036411905  -0.0456332842
       -0.0255514832   0.0111848356   0.0040061733  -0.0018615107   0.0063239596
        0.0005408475  -0.0078896396   0.0064444866  -0.0011295331   0.0039961662
       -0.0049352926  -0.0007295889   0.0002460976   0.0001574071  -0.0006508762
       -0.0009516967  -0.0003174266   0.0007043109   0.0004244528  -0.0000996827
       -0.1552693527  -0.2766144239   0.1184409148   0.0003808899   0.0021218043
       -0.0008966623  -0.0252750954  -0.0400916622   0.0501689532   0.2207469848
        0.3349824001  -0.1792365266
       -0.0019339691   0.0002296120  -0.0019987803   0.0030046728  -0.0023015501
        0.0039696270  -0.0079099303  -0.0034244479   0.0021006453   0.0000721018
        0.0053255556   0.0109771297  -0.0061131606  -0.0008551659  -0.0035980849
        0.0021348454   0.0016932109  -0.0029980662  -0.0002841326  -0.0013769390
        0.0019382097  -0.0002146299   0.0002552200   0.0003348521   0.0001617958
       -0.0001708514  -0.0002645273  -0.0003874822  -0.0003829284  -0.0000514385
        0.0639610814   0.1093853145  -0.1374864077  -0.0026124211  -0.0013015960
        0.0004018197   0.0295914640   0.0721610924  -0.0387587790  -0.0794702353
       -0.1792365266   0.1654338004
