           1           2   1.47485437498318     
           2           3   1.43353009688722     
           3           4   1.29248473352098     
           4           5   1.37810367442686     
           1           6   1.20994412671528     
           5           6   1.23869205150437     
           1           7  0.100044941568326     
           5           7  0.110237488113391     
           6           7   1.42549098380951     
           1           8  0.971590414759523     
           2           9  0.967469637603859     
           3          10  0.965874870367124     
           4          11   1.03980947745396     
           5          12  0.967420050354702     
          11          13   1.38668570984233     
          11          14   1.39009182796743     
          13          14  0.292518232027554     
