# Atoms array:
     x           y            z                   Z     indx
   -3.787834    -3.926379    -2.832330            6      0
   -4.258715    -2.451691    -2.906229            6      1
   -3.230239    -1.562768    -2.791404            8      2
   -4.614371    -4.648341    -2.961586            1      3
   -5.380992    -2.247857    -1.846763            6      4
   -4.805964    -2.370254    -3.903755            1      5
   -3.033855    -4.120377    -3.611801            1      6
   -6.011062    -0.859618    -1.907895            6      7
   -3.314397    -4.110870    -1.851829            1      8
   -6.161957    -3.021406    -1.972175            1      9
   -4.925596    -2.408084    -0.850455            1     10
   -6.521900    -0.701855    -2.872608            1     11
   -6.749132    -0.695413    -1.107873            1     12
   -5.227830    -0.091639    -1.818259            1     13

# Gridpoints array:
     x           y            z                   Z     indx
   -1.747834    -3.926379    -2.832330            6      0
   -5.827834    -3.926379    -2.832330            6      0
   -3.787834    -5.966379    -2.832330            6      0
   -3.787834    -3.926379    -0.792330            6      0
   -3.787834    -3.926379    -4.872330            6      0
   -2.610039    -2.748585    -1.654535            6      0
   -2.610039    -5.104174    -1.654535            6      0
   -4.965629    -5.104174    -1.654535            6      0
   -2.610039    -2.748585    -4.010124            6      0
   -2.610039    -5.104174    -4.010124            6      0
   -4.965629    -5.104174    -4.010124            6      0
   -3.410198    -3.548743    -0.863477            6      0
   -4.165470    -3.548743    -0.863477            6      0
   -3.410198    -4.304015    -0.863477            6      0
   -4.165470    -4.304015    -0.863477            6      0
   -3.410198    -3.548743    -4.801183            6      0
   -4.165470    -3.548743    -4.801183            6      0
   -3.410198    -4.304015    -4.801183            6      0
   -4.165470    -4.304015    -4.801183            6      0
   -3.410198    -5.895232    -2.454694            6      0
   -4.165470    -5.895232    -2.454694            6      0
   -3.410198    -5.895232    -3.209966            6      0
   -4.165470    -5.895232    -3.209966            6      0
   -1.818981    -3.548743    -2.454694            6      0
   -1.818981    -4.304015    -2.454694            6      0
   -5.756687    -4.304015    -2.454694            6      0
   -1.818981    -3.548743    -3.209966            6      0
   -5.756687    -3.548743    -3.209966            6      0
   -1.818981    -4.304015    -3.209966            6      0
   -5.756687    -4.304015    -3.209966            6      0
   -2.379375    -2.517920    -2.391777            6      0
   -2.379375    -5.334838    -2.391777            6      0
   -5.196293    -5.334838    -2.391777            6      0
   -2.379375    -2.517920    -3.272883            6      0
   -2.379375    -5.334838    -3.272883            6      0
   -5.196293    -5.334838    -3.272883            6      0
   -2.379375    -3.485826    -1.423871            6      0
   -2.379375    -4.366932    -1.423871            6      0
   -5.196293    -4.366932    -1.423871            6      0
   -2.379375    -3.485826    -4.240789            6      0
   -5.196293    -3.485826    -4.240789            6      0
   -2.379375    -4.366932    -4.240789            6      0
   -5.196293    -4.366932    -4.240789            6      0
   -3.347281    -2.517920    -1.423871            6      0
   -3.347281    -5.334838    -1.423871            6      0
   -4.228387    -5.334838    -1.423871            6      0
   -3.347281    -2.517920    -4.240789            6      0
   -3.347281    -5.334838    -4.240789            6      0
   -4.228387    -5.334838    -4.240789            6      0
   -2.980627    -3.119173    -1.141639            6      0
   -2.980627    -4.733586    -1.141639            6      0
   -4.595040    -4.733586    -1.141639            6      0
   -2.980627    -3.119173    -4.523021            6      0
   -4.595040    -3.119173    -4.523021            6      0
   -2.980627    -4.733586    -4.523021            6      0
   -4.595040    -4.733586    -4.523021            6      0
   -2.980627    -5.617070    -2.025123            6      0
   -4.595040    -5.617070    -2.025123            6      0
   -2.980627    -5.617070    -3.639536            6      0
   -4.595040    -5.617070    -3.639536            6      0
   -2.097143    -3.119173    -2.025123            6      0
   -2.097143    -4.733586    -2.025123            6      0
   -5.478525    -4.733586    -2.025123            6      0
   -2.097143    -3.119173    -3.639536            6      0
   -2.097143    -4.733586    -3.639536            6      0
   -5.478525    -4.733586    -3.639536            6      0
   -2.811961    -5.717823    -2.832330            6      0
   -4.763707    -5.717823    -2.832330            6      0
   -1.996390    -2.950506    -2.832330            6      0
   -1.996390    -4.902252    -2.832330            6      0
   -5.579278    -4.902252    -2.832330            6      0
   -2.811961    -3.926379    -1.040886            6      0
   -4.763707    -3.926379    -1.040886            6      0
   -2.811961    -3.926379    -4.623774            6      0
   -4.763707    -3.926379    -4.623774            6      0
   -1.996390    -3.926379    -1.856457            6      0
   -5.579278    -3.926379    -1.856457            6      0
   -1.996390    -3.926379    -3.808203            6      0
   -5.579278    -3.926379    -3.808203            6      0
   -3.787834    -2.950506    -1.040886            6      0
   -3.787834    -4.902252    -1.040886            6      0
   -3.787834    -2.950506    -4.623774            6      0
   -3.787834    -4.902252    -4.623774            6      0
   -3.787834    -5.717823    -1.856457            6      0
   -3.787834    -5.717823    -3.808203            6      0
   -4.258715    -0.411691    -2.906229            6      1
   -4.258715    -2.451691    -4.946229            6      1
   -3.080920    -1.273896    -4.084023            6      1
   -5.436509    -1.273896    -4.084023            6      1
   -5.436509    -3.629485    -4.084023            6      1
   -3.881079    -2.074055    -0.937376            6      1
   -3.881079    -2.829327    -0.937376            6      1
   -3.881079    -2.074055    -4.875082            6      1
   -4.636350    -2.074055    -4.875082            6      1
   -3.881079    -2.829327    -4.875082            6      1
   -4.636350    -2.829327    -4.875082            6      1
   -3.881079    -0.482838    -3.283865            6      1
   -4.636350    -0.482838    -3.283865            6      1
   -2.289861    -2.829327    -2.528593            6      1
   -6.227568    -2.074055    -3.283865            6      1
   -2.289861    -2.829327    -3.283865            6      1
   -6.227568    -2.829327    -3.283865            6      1
   -5.667173    -3.860150    -2.465676            6      1
   -5.667173    -3.860150    -3.346782            6      1
   -2.850256    -2.011138    -1.497770            6      1
   -2.850256    -2.892244    -1.497770            6      1
   -2.850256    -2.011138    -4.314688            6      1
   -5.667173    -2.011138    -4.314688            6      1
   -2.850256    -2.892244    -4.314688            6      1
   -5.667173    -2.892244    -4.314688            6      1
   -3.818162    -1.043232    -1.497770            6      1
   -4.699267    -3.860150    -1.497770            6      1
   -3.818162    -1.043232    -4.314688            6      1
   -4.699267    -1.043232    -4.314688            6      1
   -4.699267    -3.860150    -4.314688            6      1
   -3.451508    -1.644484    -1.215538            6      1
   -3.451508    -3.258897    -1.215538            6      1
   -3.451508    -1.644484    -4.596920            6      1
   -5.065921    -1.644484    -4.596920            6      1
   -3.451508    -3.258897    -4.596920            6      1
   -5.065921    -3.258897    -4.596920            6      1
   -5.065921    -0.761000    -3.713435            6      1
   -2.568024    -3.258897    -2.099022            6      1
   -5.949405    -1.644484    -3.713435            6      1
   -5.949405    -3.258897    -3.713435            6      1
   -6.050159    -3.427564    -2.906229            6      1
   -3.282842    -2.451691    -1.114785            6      1
   -3.282842    -2.451691    -4.697673            6      1
   -5.234587    -2.451691    -4.697673            6      1
   -2.467270    -2.451691    -1.930356            6      1
   -2.467270    -2.451691    -3.882102            6      1
   -6.050159    -2.451691    -3.882102            6      1
   -4.258715    -3.427564    -1.114785            6      1
   -4.258715    -1.475818    -4.697673            6      1
   -4.258715    -3.427564    -4.697673            6      1
   -4.258715    -0.660247    -1.930356            6      1
   -4.258715    -0.660247    -3.882102            6      1
   -1.406239    -1.562768    -2.791404            8      2
   -3.230239     0.261232    -2.791404            8      2
   -3.230239    -1.562768    -0.967404            8      2
   -3.230239    -1.562768    -4.615404            8      2
   -2.177152    -0.509681    -1.738317            8      2
   -4.283326    -0.509681    -1.738317            8      2
   -2.177152    -2.615855    -1.738317            8      2
   -2.177152    -0.509681    -3.844490            8      2
   -4.283326    -0.509681    -3.844490            8      2
   -2.177152    -2.615855    -3.844490            8      2
   -2.892588    -1.225117    -1.031017            8      2
   -3.567890    -1.225117    -1.031017            8      2
   -2.892588    -1.900419    -1.031017            8      2
   -3.567890    -1.900419    -1.031017            8      2
   -2.892588    -1.225117    -4.551790            8      2
   -3.567890    -1.225117    -4.551790            8      2
   -2.892588    -1.900419    -4.551790            8      2
   -3.567890    -1.900419    -4.551790            8      2
   -2.892588     0.197618    -2.453753            8      2
   -3.567890     0.197618    -2.453753            8      2
   -2.892588     0.197618    -3.129054            8      2
   -3.567890     0.197618    -3.129054            8      2
   -1.469853    -1.225117    -2.453753            8      2
   -1.469853    -1.900419    -2.453753            8      2
   -1.469853    -1.225117    -3.129054            8      2
   -1.469853    -1.900419    -3.129054            8      2
   -1.970911    -0.303440    -2.397497            8      2
   -1.970911    -2.822096    -2.397497            8      2
   -1.970911    -0.303440    -3.185310            8      2
   -4.489567    -0.303440    -3.185310            8      2
   -1.970911    -2.822096    -3.185310            8      2
   -1.970911    -1.168862    -1.532076            8      2
   -1.970911    -1.956674    -1.532076            8      2
   -1.970911    -1.168862    -4.050732            8      2
   -4.489567    -1.168862    -4.050732            8      2
   -1.970911    -1.956674    -4.050732            8      2
   -2.836333    -0.303440    -1.532076            8      2
   -3.624145    -0.303440    -1.532076            8      2
   -2.836333    -2.822096    -1.532076            8      2
   -2.836333    -0.303440    -4.050732            8      2
   -3.624145    -0.303440    -4.050732            8      2
   -2.836333    -2.822096    -4.050732            8      2
   -2.508501    -0.841031    -1.279727            8      2
   -3.951976    -0.841031    -1.279727            8      2
   -2.508501    -2.284506    -1.279727            8      2
   -2.508501    -0.841031    -4.303080            8      2
   -3.951976    -0.841031    -4.303080            8      2
   -2.508501    -2.284506    -4.303080            8      2
   -2.508501    -0.051092    -2.069666            8      2
   -3.951976    -0.051092    -2.069666            8      2
   -2.508501    -3.074445    -2.069666            8      2
   -2.508501    -0.051092    -3.513141            8      2
   -3.951976    -0.051092    -3.513141            8      2
   -2.508501    -3.074445    -3.513141            8      2
   -1.718562    -0.841031    -2.069666            8      2
   -1.718562    -2.284506    -2.069666            8      2
   -1.718562    -0.841031    -3.513141            8      2
   -4.741915    -0.841031    -3.513141            8      2
   -1.718562    -2.284506    -3.513141            8      2
   -2.357694     0.038994    -2.791404            8      2
   -4.102784     0.038994    -2.791404            8      2
   -2.357694    -3.164530    -2.791404            8      2
   -1.628477    -0.690223    -2.791404            8      2
   -1.628477    -2.435313    -2.791404            8      2
   -2.357694    -1.562768    -1.189642            8      2
   -2.357694    -1.562768    -4.393165            8      2
   -4.102784    -1.562768    -4.393165            8      2
   -1.628477    -1.562768    -1.918858            8      2
   -1.628477    -1.562768    -3.663949            8      2
   -3.230239    -0.690223    -1.189642            8      2
   -3.230239    -2.435313    -1.189642            8      2
   -3.230239    -0.690223    -4.393165            8      2
   -3.230239    -2.435313    -4.393165            8      2
   -3.230239     0.038994    -1.918858            8      2
   -3.230239     0.038994    -3.663949            8      2
   -5.934371    -4.648341    -2.961586            1      3
   -4.614371    -5.968341    -2.961586            1      3
   -5.376473    -5.410443    -2.199484            1      3
   -5.376473    -3.886239    -3.723688            1      3
   -3.852268    -5.410443    -3.723688            1      3
   -5.376473    -5.410443    -3.723688            1      3
   -4.858723    -4.892694    -1.687622            1      3
   -4.858723    -4.403988    -4.235550            1      3
   -4.370018    -4.892694    -4.235550            1      3
   -4.858723    -4.892694    -4.235550            1      3
   -4.370018    -5.922305    -2.717233            1      3
   -4.858723    -5.922305    -2.717233            1      3
   -4.370018    -5.922305    -3.205939            1      3
   -4.858723    -5.922305    -3.205939            1      3
   -5.888334    -4.403988    -2.717233            1      3
   -5.888334    -4.892694    -2.717233            1      3
   -5.888334    -4.403988    -3.205939            1      3
   -5.888334    -4.892694    -3.205939            1      3
   -5.525727    -5.559697    -2.676523            1      3
   -5.525727    -3.736985    -3.246650            1      3
   -5.525727    -5.559697    -3.246650            1      3
   -5.525727    -4.363277    -2.050230            1      3
   -5.525727    -4.933405    -2.050230            1      3
   -5.525727    -4.363277    -3.872942            1      3
   -5.525727    -4.933405    -3.872942            1      3
   -4.329307    -5.559697    -2.050230            1      3
   -4.899434    -5.559697    -2.050230            1      3
   -4.329307    -5.559697    -3.872942            1      3
   -4.899434    -5.559697    -3.872942            1      3
   -5.136681    -5.170651    -1.867610            1      3
   -5.136681    -4.126031    -4.055563            1      3
   -4.092061    -5.170651    -4.055563            1      3
   -5.136681    -5.170651    -4.055563            1      3
   -4.092061    -5.742317    -2.439276            1      3
   -5.136681    -5.742317    -2.439276            1      3
   -4.092061    -5.742317    -3.483896            1      3
   -5.136681    -5.742317    -3.483896            1      3
   -5.708347    -4.126031    -2.439276            1      3
   -5.708347    -5.170651    -2.439276            1      3
   -5.708347    -4.126031    -3.483896            1      3
   -5.708347    -5.170651    -3.483896            1      3
   -3.982924    -5.807511    -2.961586            1      3
   -5.245818    -5.807511    -2.961586            1      3
   -5.773540    -4.016894    -2.961586            1      3
   -5.773540    -5.279788    -2.961586            1      3
   -5.245818    -4.648341    -1.802416            1      3
   -5.245818    -4.648341    -4.120756            1      3
   -5.773540    -4.648341    -2.330139            1      3
   -5.773540    -4.648341    -3.593033            1      3
   -4.614371    -5.279788    -1.802416            1      3
   -4.614371    -5.279788    -4.120756            1      3
   -4.614371    -5.807511    -2.330139            1      3
   -4.614371    -5.807511    -3.593033            1      3
   -7.420992    -2.247857    -1.846763            6      4
   -5.380992    -4.287857    -1.846763            6      4
   -5.380992    -2.247857     0.193237            6      4
   -4.203198    -1.070063    -0.668968            6      4
   -4.203198    -3.425652    -0.668968            6      4
   -6.558787    -3.425652    -0.668968            6      4
   -6.558787    -3.425652    -3.024557            6      4
   -5.003357    -1.870222     0.122090            6      4
   -5.758628    -1.870222     0.122090            6      4
   -5.003357    -2.625493     0.122090            6      4
   -5.758628    -2.625493     0.122090            6      4
   -5.758628    -1.870222    -3.815616            6      4
   -5.758628    -2.625493    -3.815616            6      4
   -5.003357    -4.216710    -1.469127            6      4
   -5.758628    -4.216710    -1.469127            6      4
   -5.758628    -4.216710    -2.224399            6      4
   -7.349845    -1.870222    -1.469127            6      4
   -3.412139    -2.625493    -1.469127            6      4
   -7.349845    -2.625493    -1.469127            6      4
   -7.349845    -1.870222    -2.224399            6      4
   -7.349845    -2.625493    -2.224399            6      4
   -3.972533    -0.839398    -1.406210            6      4
   -6.789451    -3.656316    -1.406210            6      4
   -6.789451    -3.656316    -2.287315            6      4
   -3.972533    -1.807305    -0.438304            6      4
   -6.789451    -1.807305    -0.438304            6      4
   -3.972533    -2.688410    -0.438304            6      4
   -6.789451    -2.688410    -0.438304            6      4
   -6.789451    -1.807305    -3.255222            6      4
   -6.789451    -2.688410    -3.255222            6      4
   -4.940440    -0.839398    -0.438304            6      4
   -4.940440    -3.656316    -0.438304            6      4
   -5.821545    -3.656316    -0.438304            6      4
   -4.940440    -0.839398    -3.255222            6      4
   -5.821545    -3.656316    -3.255222            6      4
   -4.573786    -1.440651    -0.156072            6      4
   -6.188199    -1.440651    -0.156072            6      4
   -4.573786    -3.055064    -0.156072            6      4
   -6.188199    -3.055064    -0.156072            6      4
   -6.188199    -1.440651    -3.537453            6      4
   -6.188199    -3.055064    -3.537453            6      4
   -4.573786    -0.557167    -1.039556            6      4
   -4.573786    -3.938548    -1.039556            6      4
   -6.188199    -3.938548    -1.039556            6      4
   -6.188199    -3.938548    -2.653969            6      4
   -3.690302    -1.440651    -1.039556            6      4
   -3.690302    -3.055064    -1.039556            6      4
   -7.071683    -3.055064    -1.039556            6      4
   -7.071683    -3.055064    -2.653969            6      4
   -6.356865    -4.039302    -1.846763            6      4
   -7.172437    -3.223730    -1.846763            6      4
   -4.405120    -2.247857    -0.055318            6      4
   -6.356865    -2.247857    -0.055318            6      4
   -6.356865    -2.247857    -3.638207            6      4
   -3.589548    -2.247857    -0.870890            6      4
   -7.172437    -2.247857    -0.870890            6      4
   -7.172437    -2.247857    -2.822635            6      4
   -5.380992    -1.271985    -0.055318            6      4
   -5.380992    -3.223730    -0.055318            6      4
   -5.380992    -1.271985    -3.638207            6      4
   -5.380992    -4.039302    -0.870890            6      4
   -6.125964    -2.370254    -3.903755            1      5
   -4.805964    -2.370254    -5.223755            1      5
   -4.043862    -1.608151    -4.665857            1      5
   -5.568067    -1.608151    -4.665857            1      5
   -4.043862    -3.132356    -4.665857            1      5
   -5.568067    -3.132356    -4.665857            1      5
   -4.561612    -2.125901    -5.177718            1      5
   -5.050317    -2.125901    -5.177718            1      5
   -4.561612    -2.614606    -5.177718            1      5
   -5.050317    -2.614606    -5.177718            1      5
   -5.050317    -1.096290    -3.659402            1      5
   -4.561612    -1.096290    -4.148107            1      5
   -5.050317    -1.096290    -4.148107            1      5
   -5.050317    -3.644217    -4.148107            1      5
   -6.079928    -2.125901    -3.659402            1      5
   -6.079928    -2.614606    -3.659402            1      5
   -6.079928    -2.125901    -4.148107            1      5
   -6.079928    -2.614606    -4.148107            1      5
   -5.717320    -1.458898    -3.618691            1      5
   -5.717320    -3.281609    -3.618691            1      5
   -5.717320    -1.458898    -4.188818            1      5
   -5.717320    -3.281609    -4.188818            1      5
   -3.894609    -2.085190    -4.815110            1      5
   -5.717320    -2.085190    -4.815110            1      5
   -3.894609    -2.655317    -4.815110            1      5
   -5.717320    -2.655317    -4.815110            1      5
   -4.520901    -1.458898    -4.815110            1      5
   -5.091028    -1.458898    -4.815110            1      5
   -4.520901    -3.281609    -4.815110            1      5
   -5.091028    -3.281609    -4.815110            1      5
   -4.283654    -1.847943    -4.997731            1      5
   -5.328275    -1.847943    -4.997731            1      5
   -4.283654    -2.892564    -4.997731            1      5
   -5.328275    -2.892564    -4.997731            1      5
   -4.283654    -1.276277    -4.426065            1      5
   -5.328275    -1.276277    -4.426065            1      5
   -5.328275    -3.464230    -4.426065            1      5
   -5.899941    -1.847943    -4.426065            1      5
   -5.899941    -2.892564    -4.426065            1      5
   -5.437412    -1.211084    -3.903755            1      5
   -5.437412    -3.529423    -3.903755            1      5
   -5.965134    -1.738806    -3.903755            1      5
   -5.965134    -3.001701    -3.903755            1      5
   -4.174517    -2.370254    -5.062924            1      5
   -5.437412    -2.370254    -5.062924            1      5
   -3.646795    -2.370254    -4.535202            1      5
   -5.965134    -2.370254    -4.535202            1      5
   -4.805964    -1.738806    -5.062924            1      5
   -4.805964    -3.001701    -5.062924            1      5
   -4.805964    -1.211084    -4.535202            1      5
   -4.805964    -3.529423    -4.535202            1      5
   -1.713855    -4.120377    -3.611801            1      6
   -3.033855    -5.440377    -3.611801            1      6
   -3.033855    -4.120377    -4.931801            1      6
   -2.271753    -4.882479    -2.849699            1      6
   -2.271753    -3.358274    -4.373904            1      6
   -2.271753    -4.882479    -4.373904            1      6
   -3.795957    -4.882479    -4.373904            1      6
   -2.789502    -3.876024    -4.885765            1      6
   -3.278208    -3.876024    -4.885765            1      6
   -2.789502    -4.364729    -4.885765            1      6
   -3.278208    -4.364729    -4.885765            1      6
   -2.789502    -5.394340    -3.367449            1      6
   -2.789502    -5.394340    -3.856154            1      6
   -3.278208    -5.394340    -3.856154            1      6
   -1.759891    -3.876024    -3.367449            1      6
   -1.759891    -4.364729    -3.367449            1      6
   -1.759891    -3.876024    -3.856154            1      6
   -1.759891    -4.364729    -3.856154            1      6
   -2.122499    -3.209021    -3.326738            1      6
   -2.122499    -5.031732    -3.326738            1      6
   -2.122499    -3.209021    -3.896865            1      6
   -2.122499    -5.031732    -3.896865            1      6
   -2.122499    -4.405440    -2.700445            1      6
   -2.122499    -3.835313    -4.523157            1      6
   -3.945211    -3.835313    -4.523157            1      6
   -2.122499    -4.405440    -4.523157            1      6
   -3.945211    -4.405440    -4.523157            1      6
   -2.748791    -3.209021    -4.523157            1      6
   -3.318919    -3.209021    -4.523157            1      6
   -2.748791    -5.031732    -4.523157            1      6
   -3.318919    -5.031732    -4.523157            1      6
   -2.511545    -3.598066    -4.705778            1      6
   -3.556165    -3.598066    -4.705778            1      6
   -2.511545    -4.642687    -4.705778            1      6
   -3.556165    -4.642687    -4.705778            1      6
   -2.511545    -5.214353    -3.089491            1      6
   -2.511545    -3.026400    -4.134111            1      6
   -2.511545    -5.214353    -4.134111            1      6
   -3.556165    -5.214353    -4.134111            1      6
   -1.939879    -3.598066    -3.089491            1      6
   -1.939879    -4.642687    -3.089491            1      6
   -1.939879    -3.598066    -4.134111            1      6
   -1.939879    -4.642687    -4.134111            1      6
   -2.402408    -2.961207    -3.611801            1      6
   -2.402408    -5.279546    -3.611801            1      6
   -1.874685    -3.488929    -3.611801            1      6
   -1.874685    -4.751824    -3.611801            1      6
   -2.402408    -4.120377    -4.770971            1      6
   -3.665302    -4.120377    -4.770971            1      6
   -1.874685    -4.120377    -2.980354            1      6
   -1.874685    -4.120377    -4.243248            1      6
   -3.033855    -3.488929    -4.770971            1      6
   -3.033855    -4.751824    -4.770971            1      6
   -3.033855    -2.961207    -4.243248            1      6
   -3.033855    -5.279546    -4.243248            1      6
   -8.051062    -0.859618    -1.907895            6      7
   -6.011062     1.180382    -1.907895            6      7
   -6.011062    -0.859618     0.132105            6      7
   -6.011062    -0.859618    -3.947895            6      7
   -4.833267     0.318176    -0.730101            6      7
   -7.188856     0.318176    -0.730101            6      7
   -7.188856    -2.037413    -0.730101            6      7
   -4.833267     0.318176    -3.085690            6      7
   -7.188856     0.318176    -3.085690            6      7
   -7.188856    -2.037413    -3.085690            6      7
   -5.633426    -0.481982     0.060958            6      7
   -6.388698    -0.481982     0.060958            6      7
   -5.633426    -1.237254     0.060958            6      7
   -6.388698    -1.237254     0.060958            6      7
   -5.633426    -0.481982    -3.876748            6      7
   -6.388698    -0.481982    -3.876748            6      7
   -5.633426    -1.237254    -3.876748            6      7
   -6.388698    -1.237254    -3.876748            6      7
   -5.633426     1.109235    -1.530260            6      7
   -6.388698     1.109235    -1.530260            6      7
   -5.633426     1.109235    -2.285531            6      7
   -6.388698     1.109235    -2.285531            6      7
   -4.042209    -0.481982    -1.530260            6      7
   -7.979915    -0.481982    -1.530260            6      7
   -7.979915    -1.237254    -1.530260            6      7
   -4.042209    -0.481982    -2.285531            6      7
   -7.979915    -0.481982    -2.285531            6      7
   -7.979915    -1.237254    -2.285531            6      7
   -4.602603     0.548841    -1.467343            6      7
   -7.419521     0.548841    -1.467343            6      7
   -7.419521    -2.268077    -1.467343            6      7
   -4.602603     0.548841    -2.348448            6      7
   -7.419521     0.548841    -2.348448            6      7
   -7.419521    -2.268077    -2.348448            6      7
   -4.602603    -0.419065    -0.499437            6      7
   -7.419521    -0.419065    -0.499437            6      7
   -4.602603    -1.300171    -0.499437            6      7
   -7.419521    -1.300171    -0.499437            6      7
   -4.602603    -0.419065    -3.316354            6      7
   -7.419521    -0.419065    -3.316354            6      7
   -7.419521    -1.300171    -3.316354            6      7
   -5.570509     0.548841    -0.499437            6      7
   -6.451615     0.548841    -0.499437            6      7
   -6.451615    -2.268077    -0.499437            6      7
   -5.570509     0.548841    -3.316354            6      7
   -6.451615     0.548841    -3.316354            6      7
   -6.451615    -2.268077    -3.316354            6      7
   -5.203855    -0.052412    -0.217205            6      7
   -6.818268    -0.052412    -0.217205            6      7
   -5.203855    -1.666825    -0.217205            6      7
   -6.818268    -1.666825    -0.217205            6      7
   -5.203855    -0.052412    -3.598586            6      7
   -6.818268    -0.052412    -3.598586            6      7
   -6.818268    -1.666825    -3.598586            6      7
   -5.203855     0.831073    -1.100689            6      7
   -6.818268     0.831073    -1.100689            6      7
   -6.818268    -2.550309    -1.100689            6      7
   -5.203855     0.831073    -2.715102            6      7
   -6.818268     0.831073    -2.715102            6      7
   -6.818268    -2.550309    -2.715102            6      7
   -4.320371    -0.052412    -1.100689            6      7
   -7.701753    -0.052412    -1.100689            6      7
   -7.701753    -1.666825    -1.100689            6      7
   -4.320371    -0.052412    -2.715102            6      7
   -7.701753    -0.052412    -2.715102            6      7
   -7.701753    -1.666825    -2.715102            6      7
   -5.035189     0.931826    -1.907895            6      7
   -6.986935     0.931826    -1.907895            6      7
   -4.219618     0.116255    -1.907895            6      7
   -7.802506     0.116255    -1.907895            6      7
   -7.802506    -1.835491    -1.907895            6      7
   -5.035189    -0.859618    -0.116451            6      7
   -6.986935    -0.859618    -0.116451            6      7
   -5.035189    -0.859618    -3.699340            6      7
   -6.986935    -0.859618    -3.699340            6      7
   -4.219618    -0.859618    -0.932023            6      7
   -7.802506    -0.859618    -0.932023            6      7
   -7.802506    -0.859618    -2.883768            6      7
   -6.011062     0.116255    -0.116451            6      7
   -6.011062    -1.835491    -0.116451            6      7
   -6.011062     0.116255    -3.699340            6      7
   -6.011062    -1.835491    -3.699340            6      7
   -6.011062     0.931826    -0.932023            6      7
   -6.011062     0.931826    -2.883768            6      7
   -1.994397    -4.110870    -1.851829            1      8
   -3.314397    -5.430870    -1.851829            1      8
   -3.314397    -4.110870    -0.531829            1      8
   -2.552295    -3.348768    -1.089727            1      8
   -4.076499    -3.348768    -1.089727            1      8
   -2.552295    -4.872973    -1.089727            1      8
   -4.076499    -4.872973    -1.089727            1      8
   -3.070044    -3.866518    -0.577865            1      8
   -3.558750    -3.866518    -0.577865            1      8
   -3.070044    -4.355223    -0.577865            1      8
   -3.558750    -4.355223    -0.577865            1      8
   -3.070044    -5.384834    -1.607476            1      8
   -3.558750    -5.384834    -1.607476            1      8
   -3.070044    -5.384834    -2.096182            1      8
   -2.040433    -3.866518    -1.607476            1      8
   -2.040433    -4.355223    -1.607476            1      8
   -2.040433    -3.866518    -2.096182            1      8
   -2.040433    -4.355223    -2.096182            1      8
   -2.403041    -3.199515    -1.566765            1      8
   -2.403041    -5.022226    -1.566765            1      8
   -4.225753    -5.022226    -1.566765            1      8
   -2.403041    -3.199515    -2.136893            1      8
   -2.403041    -5.022226    -2.136893            1      8
   -2.403041    -3.825807    -0.940473            1      8
   -4.225753    -3.825807    -0.940473            1      8
   -2.403041    -4.395934    -0.940473            1      8
   -4.225753    -4.395934    -0.940473            1      8
   -3.029333    -3.199515    -0.940473            1      8
   -3.599461    -3.199515    -0.940473            1      8
   -3.029333    -5.022226    -0.940473            1      8
   -3.599461    -5.022226    -0.940473            1      8
   -2.792087    -3.588560    -0.757853            1      8
   -3.836707    -3.588560    -0.757853            1      8
   -2.792087    -4.633180    -0.757853            1      8
   -3.836707    -4.633180    -0.757853            1      8
   -2.792087    -3.016894    -1.329519            1      8
   -2.792087    -5.204847    -1.329519            1      8
   -3.836707    -5.204847    -1.329519            1      8
   -2.220421    -3.588560    -1.329519            1      8
   -2.220421    -4.633180    -1.329519            1      8
   -4.408373    -4.633180    -1.329519            1      8
   -2.220421    -4.633180    -2.374139            1      8
   -2.682950    -2.951701    -1.851829            1      8
   -2.682950    -5.270040    -1.851829            1      8
   -2.155227    -3.479423    -1.851829            1      8
   -2.155227    -4.742317    -1.851829            1      8
   -2.682950    -4.110870    -0.692659            1      8
   -3.945844    -4.110870    -0.692659            1      8
   -2.155227    -4.110870    -1.220382            1      8
   -4.473567    -4.110870    -1.220382            1      8
   -3.314397    -3.479423    -0.692659            1      8
   -3.314397    -4.742317    -0.692659            1      8
   -3.314397    -2.951701    -1.220382            1      8
   -3.314397    -5.270040    -1.220382            1      8
   -7.481957    -3.021406    -1.972175            1      9
   -6.161957    -4.341406    -1.972175            1      9
   -6.924059    -3.783508    -1.210072            1      9
   -6.924059    -2.259304    -2.734277            1      9
   -6.924059    -3.783508    -2.734277            1      9
   -6.406309    -3.265759    -0.698211            1      9
   -6.406309    -2.777053    -3.246138            1      9
   -5.917604    -3.265759    -3.246138            1      9
   -6.406309    -3.265759    -3.246138            1      9
   -5.917604    -4.295370    -1.727822            1      9
   -6.406309    -4.295370    -1.727822            1      9
   -5.917604    -4.295370    -2.216527            1      9
   -6.406309    -4.295370    -2.216527            1      9
   -7.435920    -2.777053    -1.727822            1      9
   -7.435920    -3.265759    -1.727822            1      9
   -7.435920    -2.777053    -2.216527            1      9
   -7.435920    -3.265759    -2.216527            1      9
   -7.073312    -3.932762    -1.687111            1      9
   -7.073312    -3.932762    -2.257238            1      9
   -7.073312    -2.736342    -1.060819            1      9
   -7.073312    -3.306470    -1.060819            1      9
   -7.073312    -2.736342    -2.883530            1      9
   -7.073312    -3.306470    -2.883530            1      9
   -5.876893    -3.932762    -1.060819            1      9
   -6.447020    -3.932762    -1.060819            1      9
   -5.876893    -3.932762    -2.883530            1      9
   -6.447020    -3.932762    -2.883530            1      9
   -6.684267    -3.543716    -0.878198            1      9
   -6.684267    -2.499096    -3.066151            1      9
   -6.684267    -3.543716    -3.066151            1      9
   -5.639646    -4.115382    -1.449865            1      9
   -6.684267    -4.115382    -1.449865            1      9
   -5.639646    -4.115382    -2.494485            1      9
   -6.684267    -4.115382    -2.494485            1      9
   -7.255933    -2.499096    -1.449865            1      9
   -7.255933    -3.543716    -1.449865            1      9
   -7.255933    -2.499096    -2.494485            1      9
   -7.255933    -3.543716    -2.494485            1      9
   -5.530509    -4.180576    -1.972175            1      9
   -6.793404    -4.180576    -1.972175            1      9
   -7.321126    -2.389959    -1.972175            1      9
   -7.321126    -3.652853    -1.972175            1      9
   -6.793404    -3.021406    -0.813005            1      9
   -6.793404    -3.021406    -3.131344            1      9
   -7.321126    -3.021406    -1.340728            1      9
   -7.321126    -3.021406    -2.603622            1      9
   -6.161957    -3.652853    -0.813005            1      9
   -6.161957    -3.652853    -3.131344            1      9
   -6.161957    -4.180576    -1.340728            1      9
   -6.161957    -4.180576    -2.603622            1      9
   -3.605596    -2.408084    -0.850455            1     10
   -4.925596    -3.728084    -0.850455            1     10
   -4.925596    -2.408084     0.469545            1     10
   -4.163494    -1.645982    -0.088353            1     10
   -5.687699    -1.645982    -0.088353            1     10
   -4.163494    -3.170187    -0.088353            1     10
   -5.687699    -3.170187    -0.088353            1     10
   -4.681244    -2.163732     0.423509            1     10
   -5.169949    -2.163732     0.423509            1     10
   -4.681244    -2.652437     0.423509            1     10
   -5.169949    -2.652437     0.423509            1     10
   -4.681244    -1.134121    -0.606103            1     10
   -4.681244    -3.682048    -0.606103            1     10
   -5.169949    -3.682048    -0.606103            1     10
   -4.681244    -3.682048    -1.094808            1     10
   -3.651633    -2.163732    -0.606103            1     10
   -3.651633    -2.652437    -0.606103            1     10
   -3.651633    -2.163732    -1.094808            1     10
   -3.651633    -2.652437    -1.094808            1     10
   -4.014241    -1.496729    -0.565392            1     10
   -4.014241    -3.319440    -0.565392            1     10
   -5.836952    -3.319440    -0.565392            1     10
   -4.014241    -1.496729    -1.135519            1     10
   -4.014241    -3.319440    -1.135519            1     10
   -4.014241    -2.123021     0.060901            1     10
   -5.836952    -2.123021     0.060901            1     10
   -4.014241    -2.693148     0.060901            1     10
   -5.836952    -2.693148     0.060901            1     10
   -4.640533    -1.496729     0.060901            1     10
   -5.210660    -1.496729     0.060901            1     10
   -4.640533    -3.319440     0.060901            1     10
   -5.210660    -3.319440     0.060901            1     10
   -4.403286    -1.885774     0.243521            1     10
   -5.447906    -1.885774     0.243521            1     10
   -4.403286    -2.930394     0.243521            1     10
   -5.447906    -2.930394     0.243521            1     10
   -4.403286    -1.314108    -0.328145            1     10
   -4.403286    -3.502061    -0.328145            1     10
   -5.447906    -3.502061    -0.328145            1     10
   -3.831620    -1.885774    -0.328145            1     10
   -3.831620    -2.930394    -0.328145            1     10
   -6.019573    -2.930394    -0.328145            1     10
   -4.294149    -1.248915    -0.850455            1     10
   -4.294149    -3.567254    -0.850455            1     10
   -3.766427    -1.776637    -0.850455            1     10
   -3.766427    -3.039531    -0.850455            1     10
   -4.294149    -2.408084     0.308715            1     10
   -5.557043    -2.408084     0.308715            1     10
   -3.766427    -2.408084    -0.219008            1     10
   -6.084766    -2.408084    -0.219008            1     10
   -4.925596    -1.776637     0.308715            1     10
   -4.925596    -3.039531     0.308715            1     10
   -4.925596    -1.248915    -0.219008            1     10
   -4.925596    -3.567254    -0.219008            1     10
   -7.841900    -0.701855    -2.872608            1     11
   -6.521900     0.618145    -2.872608            1     11
   -6.521900    -0.701855    -4.192608            1     11
   -5.759798     0.060248    -3.634710            1     11
   -7.284003     0.060248    -3.634710            1     11
   -5.759798    -1.463957    -3.634710            1     11
   -7.284003    -1.463957    -3.634710            1     11
   -6.277548    -0.457502    -4.146571            1     11
   -6.766253    -0.457502    -4.146571            1     11
   -6.277548    -0.946207    -4.146571            1     11
   -6.766253    -0.946207    -4.146571            1     11
   -6.766253     0.572109    -2.628255            1     11
   -6.277548     0.572109    -3.116960            1     11
   -6.766253     0.572109    -3.116960            1     11
   -6.766253    -1.975818    -3.116960            1     11
   -7.795864    -0.457502    -2.628255            1     11
   -7.795864    -0.946207    -2.628255            1     11
   -7.795864    -0.457502    -3.116960            1     11
   -7.795864    -0.946207    -3.116960            1     11
   -7.433256     0.209501    -2.587544            1     11
   -7.433256    -1.613210    -2.587544            1     11
   -5.610545     0.209501    -3.157671            1     11
   -7.433256     0.209501    -3.157671            1     11
   -7.433256    -1.613210    -3.157671            1     11
   -5.610545    -0.416791    -3.783963            1     11
   -7.433256    -0.416791    -3.783963            1     11
   -5.610545    -0.986918    -3.783963            1     11
   -7.433256    -0.986918    -3.783963            1     11
   -6.236837     0.209501    -3.783963            1     11
   -6.806964     0.209501    -3.783963            1     11
   -6.236837    -1.613210    -3.783963            1     11
   -6.806964    -1.613210    -3.783963            1     11
   -5.999590    -0.179545    -3.966584            1     11
   -7.044210    -0.179545    -3.966584            1     11
   -5.999590    -1.224165    -3.966584            1     11
   -7.044210    -1.224165    -3.966584            1     11
   -5.999590     0.392122    -3.394918            1     11
   -7.044210     0.392122    -3.394918            1     11
   -7.044210    -1.795831    -3.394918            1     11
   -7.615877    -0.179545    -2.350297            1     11
   -7.615877    -1.224165    -2.350297            1     11
   -5.427924    -0.179545    -3.394918            1     11
   -7.615877    -0.179545    -3.394918            1     11
   -7.615877    -1.224165    -3.394918            1     11
   -7.153347     0.457315    -2.872608            1     11
   -7.153347    -1.861024    -2.872608            1     11
   -7.681070    -0.070408    -2.872608            1     11
   -7.681070    -1.333302    -2.872608            1     11
   -5.890453    -0.701855    -4.031777            1     11
   -7.153347    -0.701855    -4.031777            1     11
   -7.681070    -0.701855    -2.241160            1     11
   -5.362731    -0.701855    -3.504055            1     11
   -7.681070    -0.701855    -3.504055            1     11
   -6.521900    -0.070408    -4.031777            1     11
   -6.521900    -1.333302    -4.031777            1     11
   -6.521900     0.457315    -3.504055            1     11
   -6.521900    -1.861024    -3.504055            1     11
   -8.069132    -0.695413    -1.107873            1     12
   -6.749132     0.624587    -1.107873            1     12
   -6.749132    -0.695413     0.212127            1     12
   -5.987030     0.066690    -0.345771            1     12
   -7.511235     0.066690    -0.345771            1     12
   -7.511235    -1.457515    -0.345771            1     12
   -7.511235     0.066690    -1.869976            1     12
   -6.504780    -0.451060     0.166090            1     12
   -6.993485    -0.451060     0.166090            1     12
   -6.504780    -0.939765     0.166090            1     12
   -6.993485    -0.939765     0.166090            1     12
   -6.504780     0.578551    -0.863521            1     12
   -6.993485     0.578551    -0.863521            1     12
   -6.993485    -1.969377    -0.863521            1     12
   -6.993485     0.578551    -1.352226            1     12
   -8.023096    -0.451060    -0.863521            1     12
   -8.023096    -0.939765    -0.863521            1     12
   -8.023096    -0.451060    -1.352226            1     12
   -8.023096    -0.939765    -1.352226            1     12
   -7.660488     0.215943    -0.822810            1     12
   -7.660488    -1.606769    -0.822810            1     12
   -7.660488     0.215943    -1.392937            1     12
   -7.660488    -1.606769    -1.392937            1     12
   -5.837777    -0.410349    -0.196517            1     12
   -7.660488    -0.410349    -0.196517            1     12
   -5.837777    -0.980476    -0.196517            1     12
   -7.660488    -0.980476    -0.196517            1     12
   -7.660488    -0.410349    -2.019229            1     12
   -6.464069     0.215943    -0.196517            1     12
   -7.034196     0.215943    -0.196517            1     12
   -6.464069    -1.606769    -0.196517            1     12
   -7.034196    -1.606769    -0.196517            1     12
   -6.226822    -0.173103    -0.013897            1     12
   -7.271442    -0.173103    -0.013897            1     12
   -6.226822    -1.217723    -0.013897            1     12
   -7.271442    -1.217723    -0.013897            1     12
   -6.226822     0.398564    -0.585563            1     12
   -7.271442     0.398564    -0.585563            1     12
   -7.271442    -1.789389    -0.585563            1     12
   -7.271442     0.398564    -1.630183            1     12
   -7.843109    -0.173103    -0.585563            1     12
   -7.843109    -1.217723    -0.585563            1     12
   -7.843109    -0.173103    -1.630183            1     12
   -7.843109    -1.217723    -1.630183            1     12
   -7.380579     0.463757    -1.107873            1     12
   -7.380579    -1.854583    -1.107873            1     12
   -7.908302    -0.063966    -1.107873            1     12
   -7.908302    -1.326860    -1.107873            1     12
   -6.117685    -0.695413     0.051296            1     12
   -7.380579    -0.695413     0.051296            1     12
   -7.908302    -0.695413    -0.476426            1     12
   -7.908302    -0.695413    -1.739320            1     12
   -6.749132    -0.063966     0.051296            1     12
   -6.749132    -1.326860     0.051296            1     12
   -6.749132     0.463757    -0.476426            1     12
   -6.749132    -1.854583    -0.476426            1     12
   -3.907830    -0.091639    -1.818259            1     13
   -5.227830     1.228361    -1.818259            1     13
   -4.465728     0.670463    -1.056157            1     13
   -5.989932     0.670463    -1.056157            1     13
   -4.465728     0.670463    -2.580362            1     13
   -4.983477     0.152714    -0.544296            1     13
   -5.472183     0.152714    -0.544296            1     13
   -4.983477    -0.335992    -0.544296            1     13
   -4.983477     0.152714    -3.092223            1     13
   -4.983477     1.182325    -1.573907            1     13
   -5.472183     1.182325    -1.573907            1     13
   -4.983477     1.182325    -2.062612            1     13
   -5.472183     1.182325    -2.062612            1     13
   -3.953866     0.152714    -1.573907            1     13
   -3.953866    -0.335992    -1.573907            1     13
   -3.953866     0.152714    -2.062612            1     13
   -3.953866    -0.335992    -2.062612            1     13
   -4.316474     0.819717    -1.533196            1     13
   -6.139186     0.819717    -1.533196            1     13
   -4.316474     0.819717    -2.103323            1     13
   -6.139186     0.819717    -2.103323            1     13
   -4.316474     0.193425    -0.906904            1     13
   -4.316474    -0.376703    -0.906904            1     13
   -4.316474     0.193425    -2.729615            1     13
   -4.316474    -0.376703    -2.729615            1     13
   -4.942766     0.819717    -0.906904            1     13
   -5.512894     0.819717    -0.906904            1     13
   -4.942766     0.819717    -2.729615            1     13
   -5.512894     0.819717    -2.729615            1     13
   -4.705520     0.430671    -0.724283            1     13
   -5.750140     0.430671    -0.724283            1     13
   -4.705520    -0.613949    -0.724283            1     13
   -4.705520     0.430671    -2.912236            1     13
   -4.705520     1.002337    -1.295949            1     13
   -5.750140     1.002337    -1.295949            1     13
   -4.705520     1.002337    -2.340570            1     13
   -5.750140     1.002337    -2.340570            1     13
   -4.133854     0.430671    -1.295949            1     13
   -4.133854    -0.613949    -1.295949            1     13
   -4.133854     0.430671    -2.340570            1     13
   -4.596383     1.067531    -1.818259            1     13
   -5.859277     1.067531    -1.818259            1     13
   -4.068660     0.539808    -1.818259            1     13
   -4.068660    -0.723086    -1.818259            1     13
   -4.596383    -0.091639    -0.659090            1     13
   -4.596383    -0.091639    -2.977429            1     13
   -4.068660    -0.091639    -1.186812            1     13
   -4.068660    -0.091639    -2.449707            1     13
   -5.227830     0.539808    -0.659090            1     13
   -5.227830     0.539808    -2.977429            1     13
   -5.227830     1.067531    -1.186812            1     13
   -5.227830     1.067531    -2.449707            1     13
