$hessian                                                                        
        0.3502494234   0.1546666351   0.2277762129  -0.1376637510  -0.0220994709
       -0.1152742315   0.0071727096   0.0060515906  -0.0047824575  -0.0124425980
       -0.0130257741  -0.0070939187   0.0093722787   0.0472833756  -0.0183939819
       -0.0124075404   0.0003377231  -0.0146274180  -0.0228740895  -0.0152850615
       -0.0176144323   0.0052414916  -0.0021670777  -0.0016960903   0.0035957269
       -0.0327541818   0.0337394590  -0.0002077003  -0.0004070058  -0.0000521031
       -0.1510707950  -0.1149209833  -0.0783820792  -0.0384579182  -0.0045600648
       -0.0039953677   0.0002352864  -0.0054712194   0.0006347979  -0.0009774858
        0.0012989764  -0.0005039393   0.0001798935   0.0001546263  -0.0000484413
        0.0001617558  -0.0001114605   0.0000850048  -0.0000115811  -0.0005295242
       -0.0001884306  -0.0004707860  -0.0001171797   0.0000611716  -0.0003470942
        0.0003431210  -0.0000430313  -0.0002247241   0.0001707989   0.0000139786
        0.0002498748  -0.0009562643   0.0003157193  -0.0000215601   0.0002024308
        0.0000128344   0.0007191830   0.0018959902   0.0000567440
        0.1546666351   0.5911458346  -0.0993978563   0.0191591297  -0.0837027759
        0.0531025542   0.0055738981   0.0046503949   0.0011690681   0.0012728547
        0.0007596644   0.0005690480   0.0172441961   0.0092460692   0.0182366625
       -0.0141843999  -0.0005876097  -0.0201183073  -0.0090211308  -0.0071046579
       -0.0106945374  -0.0012426818  -0.0031368627   0.0051478995  -0.0128829551
       -0.0518128033   0.0170051779  -0.0000732346   0.0005438167  -0.0007056574
       -0.1533050406  -0.2424662560  -0.0765794836  -0.0048687225  -0.2135692740
        0.1105779226  -0.0016032977  -0.0058074476   0.0022855385  -0.0010157488
        0.0017484220  -0.0004625931   0.0001732482   0.0000995161  -0.0000042168
        0.0002122968  -0.0001104665   0.0001124638  -0.0000651739  -0.0006610771
       -0.0002229983  -0.0004536027  -0.0001775655   0.0000954246  -0.0002356545
        0.0003568545  -0.0000450772  -0.0002446650   0.0001764440   0.0000197582
        0.0001352557  -0.0010579740   0.0000299788  -0.0000248895   0.0001973639
        0.0000321337   0.0007836830   0.0012703897  -0.0001529028
        0.2277762129  -0.0993978563   0.4862635187  -0.1416067717  -0.0049798915
       -0.2326935252   0.0009831308   0.0074138618  -0.0032439367  -0.0162779978
       -0.0192721979  -0.0112890356   0.0013099092   0.0610713962  -0.0373664971
       -0.0054803549  -0.0003307697  -0.0086960259  -0.0211980174  -0.0191938036
       -0.0209795764  -0.0021462150   0.0040294843   0.0011667815   0.0172519159
       -0.0149917502   0.0324790565  -0.0001375808  -0.0009597122   0.0002422457
       -0.0555849879  -0.0247245700  -0.0966598628  -0.0039517950   0.1107734289
       -0.1103002726  -0.0004269497  -0.0009774118   0.0016024809  -0.0002252455
        0.0007604316  -0.0002271906   0.0000913531   0.0000805204  -0.0000047575
        0.0000373535  -0.0000919047   0.0000892533  -0.0000152148   0.0000135514
       -0.0003499633  -0.0003326925  -0.0001233954   0.0001093633  -0.0003699934
        0.0000831267  -0.0000227363  -0.0001201311   0.0001189335  -0.0000093607
        0.0001547097  -0.0005166886  -0.0000276530  -0.0000134616   0.0001110655
        0.0000858299   0.0002828239   0.0011041517  -0.0001681362
       -0.1376637510   0.0191591297  -0.1416067717   0.3378172899   0.1583761394
        0.2269003186  -0.0028024012  -0.0033215064   0.0016565303   0.0031132406
       -0.0045830499  -0.0040267366  -0.0614054695  -0.0383951097  -0.0014915423
       -0.1160347342  -0.1138334524  -0.0494635660   0.0071050852  -0.0095442803
        0.0151109041  -0.0008982938   0.0141306719  -0.0112271072  -0.0051738805
        0.0137214975  -0.0097389745   0.0029781573  -0.0050963980  -0.0036559709
       -0.0279121981  -0.0316361528  -0.0214156312   0.0000893429   0.0000930913
       -0.0003382723   0.0003953030   0.0021726184  -0.0008794439   0.0002775848
       -0.0007291044   0.0001845096  -0.0000612262  -0.0000691193   0.0000159040
        0.0000106118   0.0000279859  -0.0000581192   0.0000179902   0.0001690546
        0.0001357385   0.0002080289  -0.0000321425  -0.0000382498   0.0002149840
       -0.0001523703   0.0000194952   0.0001189626  -0.0001135496  -0.0000077116
       -0.0001154461   0.0004508242  -0.0000665344   0.0000192738  -0.0001016741
       -0.0000168617  -0.0002984545  -0.0006931030   0.0000080928
       -0.0220994709  -0.0837027759  -0.0049798915   0.1583761394   0.5811892939
       -0.1031778090  -0.0035974728  -0.0015363993  -0.0020585129  -0.0051473832
       -0.0018290509  -0.0004176986   0.0020918649  -0.2529174308   0.1457834227
       -0.1139504266  -0.1852464114  -0.0514252826  -0.0380019333  -0.0587713990
       -0.0130776054   0.0006563898  -0.0027594327   0.0019960416   0.0144409748
       -0.0116988188   0.0231487832  -0.0045607595  -0.0015553534  -0.0002106225
       -0.0028026482   0.0235377356  -0.0183056106   0.0142548775  -0.0054753904
        0.0234279738   0.0004623834   0.0017936217  -0.0005894205   0.0002380975
       -0.0009141431   0.0000666445  -0.0001260148  -0.0001129019   0.0000259604
       -0.0001124863   0.0000169111  -0.0000658979   0.0000887625   0.0007996202
       -0.0001405011  -0.0001497795  -0.0001412634   0.0001252339  -0.0002643286
       -0.0002948477  -0.0000011536   0.0001207598  -0.0001189861  -0.0000394206
        0.0001284157   0.0001653049  -0.0000816116  -0.0000085792  -0.0001670820
        0.0000715172  -0.0000373824  -0.0002608005  -0.0000745388
       -0.1152742315   0.0531025542  -0.2326935252   0.2269003186  -0.1031778090
        0.4776951228  -0.0012505676  -0.0032716477   0.0038920963  -0.0034457694
       -0.0000469652   0.0030086438  -0.0283154669   0.0870878920  -0.1426764312
       -0.0493090433  -0.0515232933  -0.0599119866   0.0337143070   0.0266949025
        0.0313548498  -0.0022072687   0.0222778637  -0.0169858985  -0.0091296509
        0.0224904495  -0.0346542488  -0.0041725605  -0.0005838602   0.0027079310
       -0.0388883676  -0.0579011855  -0.0162202959  -0.0094492136   0.0038114465
       -0.0151748558   0.0002535661   0.0017240523  -0.0008117786   0.0002497792
       -0.0002663353   0.0002971279  -0.0000087416  -0.0000229726   0.0000018832
        0.0000551109   0.0000405124  -0.0000386193   0.0000394116  -0.0002028347
        0.0003292310   0.0004072236   0.0001880765  -0.0001037112   0.0003900686
       -0.0000583817   0.0000219739   0.0000627437  -0.0000623484   0.0000013373
       -0.0002541295   0.0004808925  -0.0000393541   0.0000234917  -0.0000253685
       -0.0000905571  -0.0003910102  -0.0007556400   0.0000910652
        0.0071727096   0.0055738981   0.0009831308  -0.0028024012  -0.0035974728
       -0.0012505676   0.2612006858   0.1042477717   0.1105229760  -0.0006025509
        0.0002373915   0.0022883148   0.0065462551   0.0057259645  -0.0036908564
       -0.0013000516  -0.0006979448   0.0000871599  -0.0298164555  -0.0272728059
       -0.0328635447  -0.0022812706  -0.0007877808  -0.0018858962  -0.1565949494
       -0.0994490455  -0.0640683665   0.0000971001   0.0011003199   0.0005768287
       -0.0035513300  -0.0251888543   0.0068537680   0.0001235767  -0.0010176354
        0.0005412443  -0.0722381884   0.0413086406  -0.0190962284  -0.0055415119
        0.0350559411  -0.0017647234  -0.0006475205  -0.0017474251   0.0003623960
        0.0026365038   0.0007186997  -0.0005307117  -0.0067669794  -0.0010237255
        0.0016608731   0.0031107338   0.0001077268  -0.0002569996   0.0051903659
       -0.0001980568   0.0000055617  -0.0001469327   0.0013877589  -0.0003215388
       -0.0064805009   0.0029145476  -0.0005877805   0.0002030893  -0.0005523808
       -0.0000586873   0.0024896231  -0.0368455327   0.0024936479
        0.0060515906   0.0046503949   0.0074138618  -0.0033215064  -0.0015363993
       -0.0032716477   0.1042477717   0.6581582056   0.0369988480   0.0016894403
        0.0001331173  -0.0012287847   0.0011648497   0.0061697108   0.0045783152
       -0.0007387305  -0.0018181705  -0.0009137083  -0.0301530012  -0.0082394029
       -0.0194509475  -0.0012523472  -0.0008187125  -0.0028688996  -0.1184390607
       -0.1863870484  -0.0672465820   0.0013571414   0.0015865463  -0.0021987611
       -0.0299606917  -0.0582950204  -0.0030445417  -0.0010635239  -0.0033753785
        0.0010652464   0.0567646759  -0.3072008104   0.0356467201   0.0330783588
       -0.0543514005   0.0120372396  -0.0021346851  -0.0026998691   0.0001121456
       -0.0010092195   0.0013822027  -0.0007200801   0.0021806823   0.0096790274
        0.0007100286   0.0009796258   0.0017130349  -0.0015023399   0.0015098181
       -0.0052790169   0.0006138349   0.0031778903  -0.0032914657  -0.0004290354
       -0.0040408741   0.0107101512  -0.0007200219   0.0001730049  -0.0023741442
       -0.0001511230  -0.0202612094  -0.0585155518   0.0045702326
       -0.0047824575   0.0011690681  -0.0032439367   0.0016565303  -0.0020585129
        0.0038920963   0.1105229760   0.0369988480   0.1236427026   0.0014096530
       -0.0021187139   0.0010577556  -0.0028571980   0.0052074958  -0.0033137500
        0.0005208378  -0.0002522477  -0.0001376735  -0.0287832721  -0.0252453767
       -0.0128729902  -0.0009172376  -0.0013360419  -0.0011930597  -0.0737038218
       -0.0573507260  -0.0845814947   0.0016878747  -0.0013961283   0.0017134166
        0.0095319501   0.0133667559   0.0084045489   0.0004522724   0.0005650789
        0.0000821887  -0.0115188739   0.0203622102  -0.0493817446  -0.0086386773
        0.0096978485   0.0089057969   0.0002405147   0.0000146756   0.0001090647
        0.0001749657  -0.0002394185  -0.0024514020   0.0000778848  -0.0025020821
        0.0063293245  -0.0007230344  -0.0004752315  -0.0013431140  -0.0017516136
        0.0026782971  -0.0002751470  -0.0005506981   0.0003088835  -0.0009045144
        0.0013493901  -0.0053384901   0.0041834295  -0.0000674959   0.0003798564
       -0.0011707378   0.0066695306   0.0075639518   0.0025492400
       -0.0124425980   0.0012728547  -0.0162779978   0.0031132406  -0.0051473832
       -0.0034457694  -0.0006025509   0.0016894403   0.0014096530   0.1235326183
       -0.0038477578   0.1412597905   0.0003095713  -0.0001759691   0.0006583400
       -0.0004167778  -0.0004548989  -0.0014056781   0.0044852279  -0.0012381896
       -0.0025493111  -0.0011167734   0.0004834190   0.0005246105  -0.0011220360
       -0.0008557705  -0.0029907337  -0.0006913927   0.0003992616   0.0000102914
       -0.1137744601   0.0074810704  -0.1192339924  -0.0015121686   0.0012520653
        0.0016234229   0.0002787184  -0.0011360930   0.0003324373  -0.0000755506
        0.0003415016   0.0000564876   0.0000286851   0.0000371001  -0.0000031241
        0.0000204209   0.0000062241  -0.0000027051  -0.0000070528  -0.0002768809
        0.0000290547  -0.0001597219  -0.0000580487  -0.0000159986  -0.0000182784
        0.0001251152   0.0000118975  -0.0000877568   0.0000338502   0.0000041081
        0.0000818495  -0.0003091345  -0.0000053349  -0.0000238332   0.0000559024
       -0.0000009613   0.0002006194   0.0003223214   0.0000115130
       -0.0130257741   0.0007596644  -0.0192721979  -0.0045830499  -0.0018290509
       -0.0000469652   0.0002373915   0.0001331173  -0.0021187139  -0.0038477578
        0.0514924111  -0.0225412590  -0.0002716670  -0.0005269397  -0.0001398052
       -0.0010178013  -0.0000318105  -0.0008438015  -0.0020643850  -0.0034157117
        0.0036782406   0.0004739095  -0.0001828502  -0.0002782552   0.0152538361
       -0.0012552087   0.0224119413   0.0010559294  -0.0006421617   0.0014193235
        0.0070422730  -0.0451659282   0.0189347261   0.0006830207   0.0004797945
       -0.0015304734   0.0001803646   0.0001178296   0.0000598190   0.0000008284
       -0.0001344945  -0.0000129598  -0.0000107054   0.0000140439   0.0000498110
       -0.0000680634  -0.0000016048   0.0000215708  -0.0000194857   0.0001105832
        0.0000609906  -0.0000064229   0.0000935855   0.0000603947  -0.0000680839
       -0.0000394555   0.0000313060   0.0000068169   0.0000166299   0.0000467195
        0.0000319905   0.0000323025   0.0000212079  -0.0000050064   0.0000020704
        0.0000658166   0.0000218420  -0.0000268161  -0.0000774366
       -0.0070939187   0.0005690480  -0.0112890356  -0.0040267366  -0.0004176986
        0.0030086438   0.0022883148  -0.0012287847   0.0010577556   0.1412597905
       -0.0225412590   0.2295186231   0.0004743190  -0.0004180776   0.0008614894
       -0.0010847880  -0.0000963169  -0.0006617562  -0.0019287913   0.0049645204
        0.0014162473   0.0005491719  -0.0003362045  -0.0008188027  -0.0131909039
        0.0020581672  -0.0169091486  -0.0002880864   0.0003929069  -0.0017826912
       -0.1188563883   0.0186955617  -0.2043542801   0.0020379819  -0.0007160196
       -0.0001547757  -0.0001564053  -0.0009234420  -0.0000924820  -0.0000738237
        0.0002310325   0.0000718209   0.0000559569   0.0000471363  -0.0000028207
        0.0001252053   0.0000199863  -0.0000293416   0.0000386912  -0.0002865159
       -0.0000032021  -0.0000544819  -0.0000426653  -0.0000944653   0.0000909302
        0.0000126021   0.0000252939  -0.0000852560   0.0000341487   0.0000252351
       -0.0000283094  -0.0001754242   0.0000737342  -0.0000097268   0.0000621558
        0.0000188352  -0.0000427454   0.0000951425   0.0001151232
        0.0093722787   0.0172441961   0.0013099092  -0.0614054695   0.0020918649
       -0.0283154669   0.0065462551   0.0011648497  -0.0028571980   0.0003095713
       -0.0002716670   0.0004743190   0.3383421153   0.1579824845   0.2181572708
       -0.0026163623  -0.0160673348   0.0093453310  -0.1471762320  -0.1510409524
       -0.0531841098  -0.1073406550   0.0076976393  -0.1107440001  -0.0282427592
       -0.0041660529  -0.0306193458  -0.0015056258  -0.0012690981  -0.0004047855
       -0.0074960457  -0.0121086550   0.0027307502   0.0023920602  -0.0007846987
       -0.0061530877  -0.0010596002  -0.0022351774  -0.0001531052  -0.0004249291
        0.0018532705   0.0001042982   0.0001622766   0.0001290651  -0.0000392038
        0.0001738901  -0.0000767780   0.0000461629  -0.0001530185  -0.0009463648
        0.0001813196   0.0000103460  -0.0001474178  -0.0002227584   0.0005204838
        0.0002588827  -0.0000293975  -0.0001957805   0.0001378889   0.0000716262
       -0.0002745111  -0.0000692886   0.0001999090  -0.0000023272   0.0001751067
       -0.0000985053   0.0000640390   0.0004482370   0.0002000680
        0.0472833756   0.0092460692   0.0610713962  -0.0383951097  -0.2529174308
        0.0870878920   0.0057259645   0.0061697108   0.0052074958  -0.0001759691
       -0.0005269397  -0.0004180776   0.1579824845   0.5930543620  -0.1020584246
       -0.0016909025  -0.0229787522   0.0116431056  -0.1131217423  -0.2408343024
       -0.0245500877   0.0072992657  -0.0451100445   0.0202381489  -0.0299936227
        0.0210247397  -0.0553321689  -0.0152123859  -0.0244072283  -0.0060223175
       -0.0183711958  -0.0429255172   0.0007623235  -0.0013644810   0.0026378722
        0.0008066002  -0.0000950009  -0.0050388975   0.0017125619  -0.0008515175
        0.0022288618  -0.0001146642   0.0002794924   0.0002108611  -0.0000488798
        0.0003070197  -0.0001014099   0.0000901717  -0.0000083833  -0.0014389120
        0.0001942194   0.0000022133  -0.0002142253  -0.0002895993   0.0002509894
        0.0006557356   0.0000063792  -0.0003403581   0.0002017624   0.0000122811
       -0.0000459426  -0.0008130788   0.0001402081  -0.0000088328   0.0003361861
       -0.0001134212   0.0005446390   0.0015405776  -0.0000251428
       -0.0183939819   0.0182366625  -0.0373664971  -0.0014915423   0.1457834227
       -0.1426764312  -0.0036908564   0.0045783152  -0.0033137500   0.0006583400
       -0.0001398052   0.0008614894   0.2181572708  -0.1020584246   0.4911354869
       -0.0002343940  -0.0083269190   0.0036070389  -0.0785883893  -0.0783344742
       -0.0980226385  -0.1108685601   0.0191538821  -0.2058548488  -0.0166404226
       -0.0237525801  -0.0101112354   0.0097570201   0.0144431770   0.0027093517
        0.0065924197   0.0092813494  -0.0001735664  -0.0056663851   0.0019914004
       -0.0018017606   0.0002647308  -0.0012702387   0.0011427407  -0.0003949982
        0.0003605039  -0.0002640008   0.0000697440   0.0000358083  -0.0000273122
        0.0001464889  -0.0000097453   0.0000024220   0.0000279169  -0.0002809910
       -0.0001435464   0.0000772293  -0.0001377331   0.0000427506  -0.0000718220
        0.0001181929  -0.0000099394  -0.0000478943   0.0000406053   0.0000108043
        0.0001033105  -0.0003522092   0.0000231569   0.0000090412   0.0000691228
        0.0000231944   0.0002257341   0.0005706781   0.0002070910
       -0.0124075404  -0.0141843999  -0.0054803549  -0.1160347342  -0.1139504266
       -0.0493090433  -0.0013000516  -0.0007387305   0.0005208378  -0.0004167778
       -0.0010178013  -0.0010847880  -0.0026163623  -0.0016909025  -0.0002343940
        0.1273249071   0.1311074473   0.0603365080   0.0038097642  -0.0017963923
       -0.0020851911  -0.0008876157   0.0011944591   0.0013054225   0.0011975791
        0.0012205023   0.0002512297   0.0002712307  -0.0006277162  -0.0002737804
        0.0020018507  -0.0007885319  -0.0052654964  -0.0009984892   0.0007660108
        0.0013866743   0.0000214418   0.0010676604   0.0000276197   0.0002170933
       -0.0004760362  -0.0000026364  -0.0000381867  -0.0000260304   0.0000023750
       -0.0000526780   0.0000219442  -0.0000157420   0.0000561076   0.0003125965
       -0.0000514802   0.0000076612  -0.0000061570   0.0000118258  -0.0000834251
       -0.0001289707   0.0000146599   0.0000358425  -0.0000278132  -0.0000129821
       -0.0000013149   0.0001139038  -0.0000513319  -0.0000033487  -0.0000237042
        0.0000164647  -0.0001029535  -0.0003209117  -0.0000063967
        0.0003377231  -0.0005876097  -0.0003307697  -0.1138334524  -0.1852464114
       -0.0515232933  -0.0006979448  -0.0018181705  -0.0002522477  -0.0004548989
       -0.0000318105  -0.0000963169  -0.0160673348  -0.0229787522  -0.0083269190
        0.1311074473   0.2105667037   0.0553979103  -0.0016098740  -0.0028239570
        0.0041686884   0.0007925955   0.0003030442  -0.0007875996   0.0016958616
        0.0017329033   0.0009678928  -0.0011444477  -0.0017621940   0.0001441243
       -0.0013830923   0.0012355867   0.0013382100   0.0012153269   0.0006755447
       -0.0003456869   0.0000184243   0.0012788475  -0.0003954455   0.0002156848
       -0.0004859826   0.0000020885  -0.0000328284  -0.0000235527   0.0000084656
       -0.0000470209   0.0000341208  -0.0000013945   0.0000094184   0.0002600676
        0.0000164895   0.0000333912   0.0000734747   0.0000200827   0.0000020298
       -0.0001403065   0.0000120824   0.0000583778  -0.0000331401   0.0000018608
       -0.0000695112   0.0002500456  -0.0000247090   0.0000058350  -0.0000262635
        0.0000030487  -0.0001517106  -0.0004521878   0.0000034380
       -0.0146274180  -0.0201183073  -0.0086960259  -0.0494635660  -0.0514252826
       -0.0599119866   0.0000871599  -0.0009137083  -0.0001376735  -0.0014056781
       -0.0008438015  -0.0006617562   0.0093453310   0.0116431056   0.0036070389
        0.0603365080   0.0553979103   0.0674007601  -0.0023661619   0.0036926628
        0.0005124264   0.0016618976  -0.0001712757  -0.0000203092   0.0003874052
        0.0010601729  -0.0000754717   0.0000402218   0.0008083056   0.0003029999
       -0.0051231438   0.0016241385  -0.0018377259   0.0010806601  -0.0010164409
       -0.0002446540   0.0000147112   0.0004576581  -0.0003219194   0.0000996276
       -0.0001299607   0.0000907033  -0.0000142473  -0.0000032467  -0.0000013569
       -0.0000198924   0.0000258169  -0.0000081284   0.0000123556   0.0000455538
        0.0000287423   0.0000169855   0.0000186625  -0.0000412331   0.0000625289
       -0.0000493514  -0.0000067349   0.0000138394  -0.0000157109  -0.0000001934
       -0.0000528990   0.0001343233   0.0000007619  -0.0000002751  -0.0000079819
       -0.0000120362  -0.0000859500  -0.0002132423   0.0000337724
       -0.0228740895  -0.0090211308  -0.0211980174   0.0071050852  -0.0380019333
        0.0337143070  -0.0298164555  -0.0301530012  -0.0287832721   0.0044852279
       -0.0020643850  -0.0019287913  -0.1471762320  -0.1131217423  -0.0785883893
        0.0038097642  -0.0016098740  -0.0023661619   0.3300390523   0.1826304223
        0.2060554251  -0.0115629060  -0.0140470810  -0.0094537892  -0.1064904718
       -0.0088932457  -0.0814456171  -0.0369850943  -0.0111680534  -0.0024967468
        0.0098333581   0.0354493052  -0.0109320392  -0.0004464243  -0.0004472203
        0.0002446184  -0.0015044699   0.0146050572  -0.0033979194   0.0014086950
       -0.0032283255   0.0002957229  -0.0003446283  -0.0003424029   0.0000354860
       -0.0001479368   0.0000687596  -0.0000684140  -0.0000929887   0.0018022302
       -0.0000621576   0.0013561709   0.0003773793   0.0001732571   0.0003544013
       -0.0009058824   0.0000635280   0.0005470411  -0.0003478045  -0.0000382883
       -0.0003073141   0.0021714942  -0.0002718948   0.0001014664  -0.0004516597
        0.0000479636  -0.0012912511  -0.0033009059   0.0004011905
       -0.0152850615  -0.0071046579  -0.0191938036  -0.0095442803  -0.0587713990
        0.0266949025  -0.0272728059  -0.0082394029  -0.0252453767  -0.0012381896
       -0.0034157117   0.0049645204  -0.1510409524  -0.2408343024  -0.0783344742
       -0.0017963923  -0.0028239570   0.0036926628   0.1826304223   0.5935074927
       -0.0807094611  -0.0001098197   0.0005118604  -0.0005686985   0.0163661492
       -0.0809314798   0.0432568155  -0.0111765279  -0.2058465146   0.1119844346
        0.0189863637   0.0109086928   0.0179764767  -0.0003416571   0.0006402072
       -0.0005884643  -0.0006120008   0.0065432065  -0.0033453165   0.0013909505
       -0.0029355778   0.0001273491  -0.0003125651  -0.0002924303  -0.0000219097
       -0.0002926909   0.0000770138  -0.0001650821   0.0001369550   0.0018762981
       -0.0006616325   0.0001249748  -0.0010952205  -0.0006214898  -0.0001106161
       -0.0007423129   0.0001503770   0.0003542052  -0.0002899957  -0.0001161089
       -0.0001409405   0.0010674369   0.0001134694  -0.0000082164  -0.0004103752
        0.0001275611  -0.0007073044  -0.0013988705   0.0004832489
       -0.0176144323  -0.0106945374  -0.0209795764   0.0151109041  -0.0130776054
        0.0313548498  -0.0328635447  -0.0194509475  -0.0128729902  -0.0025493111
        0.0036782406   0.0014162473  -0.0531841098  -0.0245500877  -0.0980226385
       -0.0020851911   0.0041686884   0.0005124264   0.2060554251  -0.0807094611
        0.4554098477  -0.0182250727  -0.0198098451  -0.0119702284  -0.0986124827
        0.0031282949  -0.2010995088  -0.0020039207   0.1115952429  -0.1138225702
        0.0024775400   0.0425839394  -0.0278436618  -0.0004572934  -0.0010360124
        0.0007825051   0.0029140638   0.0087983915  -0.0021689709   0.0015892924
       -0.0030457438  -0.0001861861  -0.0003241443  -0.0003033695   0.0000447886
       -0.0002093260   0.0000858639  -0.0000890912   0.0000277378   0.0015356788
       -0.0002081374   0.0002575567  -0.0012632759  -0.0003133250   0.0000242893
       -0.0005393929   0.0000742073   0.0004608954  -0.0004007853  -0.0000079047
       -0.0000504769   0.0013959501  -0.0002506160   0.0000292009  -0.0004237678
        0.0001223358  -0.0007675997  -0.0016654588   0.0001181977
        0.0052414916  -0.0012426818  -0.0021462150  -0.0008982938   0.0006563898
       -0.0022072687  -0.0022812706  -0.0012523472  -0.0009172376  -0.0011167734
        0.0004739095   0.0005491719  -0.1073406550   0.0072992657  -0.1108685601
       -0.0008876157   0.0007925955   0.0016618976  -0.0115629060  -0.0001098197
       -0.0182250727   0.1151819707  -0.0034724044   0.1334187199   0.0049498923
       -0.0045510709  -0.0030279354  -0.0015844141   0.0012995254   0.0016738068
        0.0001702015  -0.0007633309   0.0006037910  -0.0000969124   0.0001949876
       -0.0003362472   0.0001640967   0.0012512764  -0.0002295470   0.0003167532
       -0.0003882510   0.0000484591  -0.0000529415  -0.0000347075  -0.0000080629
       -0.0000593481   0.0000416994  -0.0000194428   0.0000352957   0.0002190804
        0.0000073664  -0.0000545548   0.0000050471  -0.0000675913   0.0000697432
       -0.0001176340   0.0000165946   0.0000503423  -0.0000480154   0.0000054541
       -0.0000817806   0.0002439771  -0.0000008572  -0.0000015828  -0.0000433234
       -0.0000066457  -0.0001607385  -0.0004541678   0.0000754222
       -0.0021670777  -0.0031368627   0.0040294843   0.0141306719  -0.0027594327
        0.0222778637  -0.0007877808  -0.0008187125  -0.0013360419   0.0004834190
       -0.0001828502  -0.0003362045   0.0076976393  -0.0451100445   0.0191538821
        0.0011944591   0.0003030442  -0.0001712757  -0.0140470810   0.0005118604
       -0.0198098451  -0.0034724044   0.0528627242  -0.0246253330  -0.0041530528
       -0.0016563370   0.0010532764   0.0007461421   0.0003944835  -0.0014432637
       -0.0002598502  -0.0002065946  -0.0001519453   0.0007789286  -0.0005300360
        0.0013723053  -0.0001129615   0.0005482848   0.0000165814   0.0000655042
       -0.0001604372  -0.0000622685   0.0000023331  -0.0000024634   0.0000000381
        0.0000189872   0.0000099852   0.0000119949  -0.0000093182   0.0000554325
       -0.0000289179  -0.0000231609   0.0000801106   0.0000024658  -0.0000004486
       -0.0000845281   0.0000149324   0.0000146811  -0.0000114044   0.0000016273
       -0.0000352693   0.0000655425  -0.0000069915   0.0000033186  -0.0000040614
        0.0000008841  -0.0000676789  -0.0001677032   0.0000367513
       -0.0016960903   0.0051478995   0.0011667815  -0.0112271072   0.0019960416
       -0.0169858985  -0.0018858962  -0.0028688996  -0.0011930597   0.0005246105
       -0.0002782552  -0.0008188027  -0.1107440001   0.0202381489  -0.2058548488
        0.0013054225  -0.0007875996  -0.0000203092  -0.0094537892  -0.0005686985
       -0.0119702284   0.1334187199  -0.0246253330   0.2317058617  -0.0020245444
        0.0010260571   0.0045772907   0.0020589877  -0.0006843653   0.0001636554
        0.0006024441  -0.0005312918   0.0010970847  -0.0008079030   0.0007409112
       -0.0014278258  -0.0001379726   0.0021742239  -0.0003925743   0.0003938503
       -0.0007571496   0.0000666363  -0.0000766065  -0.0000475827   0.0000051094
       -0.0000898379   0.0000559516  -0.0000132495   0.0000412728   0.0004164243
       -0.0000538506   0.0000272835   0.0000568663  -0.0000741659   0.0000139719
       -0.0002087511   0.0000216037   0.0000834236  -0.0000614501  -0.0000149994
       -0.0000589836   0.0003594767  -0.0000551267   0.0000038024  -0.0000706663
        0.0000079139  -0.0002710583  -0.0007219580   0.0000630022
        0.0035957269  -0.0128829551   0.0172519159  -0.0051738805   0.0144409748
       -0.0091296509  -0.1565949494  -0.1184390607  -0.0737038218  -0.0011220360
        0.0152538361  -0.0131909039  -0.0282427592  -0.0299936227  -0.0166404226
        0.0011975791   0.0016958616   0.0003874052  -0.1064904718   0.0163661492
       -0.0986124827   0.0049498923  -0.0041530528  -0.0020245444   0.3562233444
        0.1515886744   0.1975236505   0.0006860561  -0.0003652486   0.0019566221
       -0.0652092870  -0.0136563833  -0.0076081436   0.0035592829  -0.0042168094
       -0.0051161976  -0.0047723694  -0.0305126407   0.0127157881  -0.0046888216
        0.0112517401  -0.0037930396   0.0008620671   0.0005662132  -0.0001426159
        0.0005569572  -0.0005717234   0.0005136773  -0.0002024525  -0.0038211573
       -0.0014916874  -0.0017291085   0.0003958323   0.0006305146  -0.0011400993
        0.0021060819  -0.0002128723  -0.0012536591   0.0009460280   0.0002170483
        0.0005752724  -0.0053194596   0.0004717632  -0.0001310945   0.0011268305
        0.0001451046   0.0045448102   0.0081938917  -0.0001471071
       -0.0327541818  -0.0518128033  -0.0149917502   0.0137214975  -0.0116988188
        0.0224904495  -0.0994490455  -0.1863870484  -0.0573507260  -0.0008557705
       -0.0012552087   0.0020581672  -0.0041660529   0.0210247397  -0.0237525801
        0.0012205023   0.0017329033   0.0010601729  -0.0088932457  -0.0809314798
        0.0031282949  -0.0045510709  -0.0016563370   0.0010260571   0.1515886744
        0.5916385829  -0.0710156174   0.0127032442  -0.0059719961   0.0254105500
        0.0096078325  -0.2120930893   0.1138415405  -0.0045553539   0.0007992075
       -0.0004292632  -0.0283620202  -0.0722513679   0.0004201870  -0.0082940324
        0.0107582326  -0.0030584883   0.0010407977   0.0004876296  -0.0001050292
        0.0010585884  -0.0004256218   0.0001820651  -0.0004316474  -0.0044675082
        0.0004677153  -0.0012637690  -0.0004385265  -0.0004205186  -0.0009849688
        0.0024887263  -0.0002400577  -0.0015263127   0.0012808278   0.0001075572
       -0.0003677899  -0.0063496287   0.0015968531  -0.0001346555   0.0013299156
       -0.0002702864   0.0056487801   0.0041986692  -0.0001552927
        0.0337394590   0.0170051779   0.0324790565  -0.0097389745   0.0231487832
       -0.0346542488  -0.0640683665  -0.0672465820  -0.0845814947  -0.0029907337
        0.0224119413  -0.0169091486  -0.0306193458  -0.0553321689  -0.0101112354
        0.0002512297   0.0009678928  -0.0000754717  -0.0814456171   0.0432568155
       -0.2010995088  -0.0030279354   0.0010532764   0.0045772907   0.1975236505
       -0.0710156174   0.4498055766  -0.0101541038   0.0047385396  -0.0145297992
       -0.0268976832   0.0723392094  -0.1270634158  -0.0044423904  -0.0008786837
        0.0025882396   0.0023553603   0.0023640387  -0.0019823646  -0.0001605040
        0.0018852225  -0.0031752834   0.0003600806   0.0004633698  -0.0004868845
        0.0002197742  -0.0002944462   0.0001970955  -0.0002979586  -0.0003300016
       -0.0002402348  -0.0003244440   0.0000384018  -0.0001631305   0.0001367826
       -0.0002463036  -0.0000011629  -0.0003270053   0.0003824830   0.0002358158
        0.0001254163   0.0002990679   0.0018880676  -0.0000044506   0.0002358003
       -0.0002364442  -0.0002122405   0.0047537831   0.0035386856
       -0.0002077003  -0.0000732346  -0.0001375808   0.0029781573  -0.0045607595
       -0.0041725605   0.0000971001   0.0013571414   0.0016878747  -0.0006913927
        0.0010559294  -0.0002880864  -0.0015056258  -0.0152123859   0.0097570201
        0.0002712307  -0.0011444477   0.0000402218  -0.0369850943  -0.0111765279
       -0.0020039207  -0.0015844141   0.0007461421   0.0020589877   0.0006860561
        0.0127032442  -0.0101541038   0.0358048866   0.0166176913   0.0073370266
        0.0021740524  -0.0014058873  -0.0055689012  -0.0009751624   0.0004591256
        0.0007370465  -0.0000641041   0.0006190675   0.0000918823   0.0004494774
       -0.0003314590   0.0001289087  -0.0000349447   0.0000254440  -0.0000103143
       -0.0000753192   0.0000559023  -0.0000143020   0.0001091564   0.0001149421
       -0.0001044208   0.0000129394   0.0004293214   0.0005797981  -0.0000404455
       -0.0001087369   0.0000192503  -0.0000682175   0.0000916645   0.0000051607
        0.0000030139   0.0000183054  -0.0000613032  -0.0000224455   0.0000111911
        0.0000327450  -0.0003312042  -0.0002916737   0.0000395712
       -0.0004070058   0.0005438167  -0.0009597122  -0.0050963980  -0.0015553534
       -0.0005838602   0.0011003199   0.0015865463  -0.0013961283   0.0003992616
       -0.0006421617   0.0003929069  -0.0012690981  -0.0244072283   0.0144431770
       -0.0006277162  -0.0017621940   0.0008083056  -0.0111680534  -0.2058465146
        0.1115952429   0.0012995254   0.0003944835  -0.0006843653  -0.0003652486
       -0.0059719961   0.0047385396   0.0166176913   0.2379243280  -0.1278884845
       -0.0009646220   0.0023955248   0.0019059231   0.0004523413  -0.0004955837
       -0.0002104100  -0.0002609408  -0.0011334504  -0.0000986521   0.0000279517
       -0.0006106345  -0.0016093796   0.0000884145   0.0000529011  -0.0000221611
        0.0001593934  -0.0000065430   0.0000786948  -0.0000079954  -0.0003332723
        0.0000410202  -0.0000205277  -0.0003914696  -0.0008574637  -0.0003405361
       -0.0000112521   0.0000706641   0.0000037594   0.0000429068   0.0000681420
        0.0001280494  -0.0004689016   0.0000148490   0.0000257633   0.0000732982
        0.0000269635   0.0002256709   0.0006227497   0.0001261882
       -0.0000521031  -0.0007056574   0.0002422457  -0.0036559709  -0.0002106225
        0.0027079310   0.0005768287  -0.0021987611   0.0017134166   0.0000102914
        0.0014193235  -0.0017826912  -0.0004047855  -0.0060223175   0.0027093517
       -0.0002737804   0.0001441243   0.0003029999  -0.0024967468   0.1119844346
       -0.1138225702   0.0016738068  -0.0014432637   0.0001636554   0.0019566221
        0.0254105500  -0.0145297992   0.0073370266  -0.1278884845   0.1269851699
       -0.0058251497   0.0004125576  -0.0020357398   0.0006786694  -0.0000875799
       -0.0006138810  -0.0004319320   0.0015183294  -0.0011642491   0.0005613679
       -0.0012167308   0.0001655792  -0.0000317494   0.0000141513  -0.0000302078
        0.0000004332   0.0000899943  -0.0000762086   0.0000257039  -0.0002538179
        0.0000233265   0.0005974121  -0.0006090976  -0.0011055318   0.0004020988
       -0.0000595958   0.0000345747   0.0000485228   0.0000299064  -0.0000167293
       -0.0001928789   0.0005664550  -0.0000459710   0.0000247048  -0.0000064498
       -0.0000123179  -0.0005283917  -0.0008874479   0.0001876464
       -0.1510707950  -0.1533050406  -0.0555849879  -0.0279121981  -0.0028026482
       -0.0388883676  -0.0035513300  -0.0299606917   0.0095319501  -0.1137744601
        0.0070422730  -0.1188563883  -0.0074960457  -0.0183711958   0.0065924197
        0.0020018507  -0.0013830923  -0.0051231438   0.0098333581   0.0189863637
        0.0024775400   0.0001702015  -0.0002598502   0.0006024441  -0.0652092870
        0.0096078325  -0.0268976832   0.0021740524  -0.0009646220  -0.0058251497
        0.3550219921   0.1758249570   0.2339476958  -0.0004322430  -0.0021036416
       -0.0002970625  -0.0004736349   0.0011607965  -0.0019840020   0.0006201072
       -0.0015141748   0.0005806723  -0.0001666605  -0.0002543226   0.0000647148
        0.0000163461   0.0000731049  -0.0000462417   0.0002343532   0.0005131873
        0.0001479513   0.0004028166  -0.0000212975  -0.0001158055   0.0002702213
       -0.0002294143   0.0000169565   0.0002789958  -0.0002555876  -0.0000074279
       -0.0004541685   0.0008038583  -0.0000752806   0.0000468202  -0.0002163534
       -0.0000048305  -0.0005302926  -0.0023704406  -0.0002559733
       -0.1149209833  -0.2424662560  -0.0247245700  -0.0316361528   0.0235377356
       -0.0579011855  -0.0251888543  -0.0582950204   0.0133667559   0.0074810704
       -0.0451659282   0.0186955617  -0.0121086550  -0.0429255172   0.0092813494
       -0.0007885319   0.0012355867   0.0016241385   0.0354493052   0.0109086928
        0.0425839394  -0.0007633309  -0.0002065946  -0.0005312918  -0.0136563833
       -0.2120930893   0.0723392094  -0.0014058873   0.0023955248   0.0004125576
        0.1758249570   0.5853707996  -0.0679820993  -0.0156185153  -0.0258305450
       -0.0052433583  -0.0042640798   0.0108006605  -0.0028791877   0.0018859397
       -0.0031290630   0.0013021402  -0.0005048574  -0.0006018821   0.0001267760
       -0.0002210181   0.0001742335  -0.0002520310   0.0000173922   0.0016781280
        0.0004119641   0.0012258770   0.0001233175   0.0000397355   0.0007777707
       -0.0007763609   0.0000815248   0.0006580031  -0.0005322629  -0.0000637177
       -0.0008794808   0.0023873225  -0.0006246697   0.0000825249  -0.0005856709
        0.0000136001  -0.0014461102  -0.0060038110  -0.0000771416
       -0.0783820792  -0.0765794836  -0.0966598628  -0.0214156312  -0.0183056106
       -0.0162202959   0.0068537680  -0.0030445417   0.0084045489  -0.1192339924
        0.0189347261  -0.2043542801   0.0027307502   0.0007623235  -0.0001735664
       -0.0052654964   0.0013382100  -0.0018377259  -0.0109320392   0.0179764767
       -0.0278436618   0.0006037910  -0.0001519453   0.0010970847  -0.0076081436
        0.1138415405  -0.1270634158  -0.0055689012   0.0019059231  -0.0020357398
        0.2339476958  -0.0679820993   0.4613397397   0.0088254478   0.0142570193
        0.0036002769  -0.0037375760  -0.0027674762   0.0019523525  -0.0001121137
        0.0006017264  -0.0000249813  -0.0000178970  -0.0000772476   0.0000229411
       -0.0001061921  -0.0000625815   0.0000972442  -0.0001441707   0.0000726641
       -0.0001111704  -0.0002901083   0.0002171563  -0.0000080744  -0.0001895820
        0.0000021134   0.0000010966  -0.0000474894   0.0000608877  -0.0000071997
       -0.0001402659  -0.0003279741  -0.0000877690  -0.0000196188   0.0000070307
        0.0000249756   0.0002498442  -0.0006788378  -0.0001125170
       -0.0384579182  -0.0048687225  -0.0039517950   0.0000893429   0.0142548775
       -0.0094492136   0.0001235767  -0.0010635239   0.0004522724  -0.0015121686
        0.0006830207   0.0020379819   0.0023920602  -0.0013644810  -0.0056663851
       -0.0009984892   0.0012153269   0.0010806601  -0.0004464243  -0.0003416571
       -0.0004572934  -0.0000969124   0.0007789286  -0.0008079030   0.0035592829
       -0.0045553539  -0.0044423904  -0.0009751624   0.0004523413   0.0006786694
       -0.0004322430  -0.0156185153   0.0088254478   0.0372592964   0.0105476202
        0.0115241607  -0.0004519517   0.0001558231   0.0001845694   0.0000772617
       -0.0000751235   0.0000124393  -0.0000148764  -0.0000177475   0.0000076429
       -0.0000145992   0.0000017294   0.0000061714   0.0000079310   0.0000782011
       -0.0000036539  -0.0000366882   0.0000262928   0.0000095453  -0.0000103473
       -0.0000484734   0.0000084946  -0.0000035684   0.0000001688  -0.0000074101
       -0.0000263071   0.0000186028  -0.0000470145  -0.0000026016  -0.0000064003
        0.0000014515  -0.0000284937  -0.0002529349   0.0000035522
       -0.0045600648  -0.2135692740   0.1107734289   0.0000930913  -0.0054753904
        0.0038114465  -0.0010176354  -0.0033753785   0.0005650789   0.0012520653
        0.0004797945  -0.0007160196  -0.0007846987   0.0026378722   0.0019914004
        0.0007660108   0.0006755447  -0.0010164409  -0.0004472203   0.0006402072
       -0.0010360124   0.0001949876  -0.0005300360   0.0007409112  -0.0042168094
        0.0007992075  -0.0008786837   0.0004591256  -0.0004955837  -0.0000875799
       -0.0021036416  -0.0258305450   0.0142570193   0.0105476202   0.2437858911
       -0.1281928850  -0.0002306117   0.0012284499  -0.0002049273   0.0002856255
       -0.0006400641   0.0000332474  -0.0000556923  -0.0000542875   0.0000170129
       -0.0000601518   0.0000467874   0.0000007123   0.0000282911   0.0003377751
       -0.0000261279   0.0000452119   0.0000648088   0.0000136351  -0.0000167589
       -0.0001671613   0.0000062547   0.0000800135  -0.0000476719   0.0000049489
       -0.0000908556   0.0002704260  -0.0000526178   0.0000059348  -0.0000494124
        0.0000180077  -0.0001738371  -0.0007319596  -0.0000218094
       -0.0039953677   0.1105779226  -0.1103002726  -0.0003382723   0.0234279738
       -0.0151748558   0.0005412443   0.0010652464   0.0000821887   0.0016234229
       -0.0015304734  -0.0001547757  -0.0061530877   0.0008066002  -0.0018017606
        0.0013866743  -0.0003456869  -0.0002446540   0.0002446184  -0.0005884643
        0.0007825051  -0.0003362472   0.0013723053  -0.0014278258  -0.0051161976
       -0.0004292632   0.0025882396   0.0007370465  -0.0002104100  -0.0006138810
       -0.0002970625  -0.0052433583   0.0036002769   0.0115241607  -0.1281928850
        0.1226474622   0.0002007737  -0.0010567348   0.0000525931  -0.0001657383
        0.0002985081  -0.0000051559   0.0000333357   0.0000312292  -0.0000110121
        0.0000521266  -0.0000013098   0.0000001999   0.0000018855  -0.0002318917
       -0.0000010910  -0.0000553409  -0.0000334233  -0.0000464296   0.0000269512
        0.0000843327  -0.0000200981  -0.0000522763   0.0000251761  -0.0000018730
        0.0000338392  -0.0001703839   0.0000454934  -0.0000059734   0.0000340698
       -0.0000112834   0.0001094850   0.0003109203   0.0000160096
        0.0002352864  -0.0016032977  -0.0004269497   0.0003953030   0.0004623834
        0.0002535661  -0.0722381884   0.0567646759  -0.0115188739   0.0002787184
        0.0001803646  -0.0001564053  -0.0010596002  -0.0000950009   0.0002647308
        0.0000214418   0.0000184243   0.0000147112  -0.0015044699  -0.0006120008
        0.0029140638   0.0001640967  -0.0001129615  -0.0001379726  -0.0047723694
       -0.0283620202   0.0023553603  -0.0000641041  -0.0002609408  -0.0004319320
       -0.0004736349  -0.0042640798  -0.0037375760  -0.0004519517  -0.0002306117
        0.0002007737   0.5854973268   0.0036272329   0.0145439526  -0.2334881528
        0.0355740859  -0.0010075132   0.0015131593   0.0021233325   0.0002610353
       -0.0277918552  -0.0138796168   0.0008105920   0.0160444292   0.0709547388
       -0.0054536956  -0.0265252129   0.0073387454  -0.0012405446  -0.0530881501
       -0.0055932827  -0.0001373927   0.0024889877  -0.0014731657  -0.0002378531
        0.0320777710  -0.0591266575   0.0050529997  -0.0005974864  -0.0004135622
        0.0000772657  -0.2166613442  -0.0610167856  -0.0022623426
       -0.0054712194  -0.0058074476  -0.0009774118   0.0021726184   0.0017936217
        0.0017240523   0.0413086406  -0.3072008104   0.0203622102  -0.0011360930
        0.0001178296  -0.0009234420  -0.0022351774  -0.0050388975  -0.0012702387
        0.0010676604   0.0012788475   0.0004576581   0.0146050572   0.0065432065
        0.0087983915   0.0012512764   0.0005482848   0.0021742239  -0.0305126407
       -0.0722513679   0.0023640387   0.0006190675  -0.0011334504   0.0015183294
        0.0011607965   0.0108006605  -0.0027674762   0.0001558231   0.0012284499
       -0.0010567348   0.0036272329   0.6690499477  -0.0420206950   0.0857455341
       -0.1051201755  -0.0003231971   0.0021503117  -0.0034577228   0.0010995543
        0.0138546792   0.0068315584   0.0005073492   0.0283640023  -0.0299336205
        0.0011692729  -0.0195861760   0.0056262655   0.0015700920  -0.0048650994
        0.0071830552  -0.0014098758  -0.0015588853  -0.0033728969   0.0014563447
       -0.0184981436  -0.0442534428   0.0023313202  -0.0002831142   0.0032098833
       -0.0000429460  -0.1119361512  -0.1366417783   0.0052591802
        0.0006347979   0.0022855385   0.0016024809  -0.0008794439  -0.0005894205
       -0.0008117786  -0.0190962284   0.0356467201  -0.0493817446   0.0003324373
        0.0000598190  -0.0000924820  -0.0001531052   0.0017125619   0.0011427407
        0.0000276197  -0.0003954455  -0.0003219194  -0.0033979194  -0.0033453165
       -0.0021689709  -0.0002295470   0.0000165814  -0.0003925743   0.0127157881
        0.0004201870  -0.0019823646   0.0000918823  -0.0000986521  -0.0011642491
       -0.0019840020  -0.0028791877   0.0019523525   0.0001845694  -0.0002049273
        0.0000525931   0.0145439526  -0.0420206950   0.1437003442  -0.0027256141
        0.0010760103  -0.0496198387  -0.0005955715   0.0008933852   0.0089103562
       -0.0022031470  -0.0006273970   0.0016711247  -0.0020559131   0.0046714729
       -0.0034610493   0.0023308405  -0.0005318925   0.0011339096   0.0004609836
       -0.0021182012  -0.0055021898   0.0004933634   0.0006336639   0.0088036119
        0.0013913593   0.0048901073  -0.0035063532   0.0000292483  -0.0005513789
        0.0002722315   0.0000836492   0.0010564666  -0.0508362306
       -0.0009774858  -0.0010157488  -0.0002252455   0.0002775848   0.0002380975
        0.0002497792  -0.0055415119   0.0330783588  -0.0086386773  -0.0000755506
        0.0000008284  -0.0000738237  -0.0004249291  -0.0008515175  -0.0003949982
        0.0002170933   0.0002156848   0.0000996276   0.0014086950   0.0013909505
        0.0015892924   0.0003167532   0.0000655042   0.0003938503  -0.0046888216
       -0.0082940324  -0.0001605040   0.0004494774   0.0000279517   0.0005613679
        0.0006201072   0.0018859397  -0.0001121137   0.0000772617   0.0002856255
       -0.0001657383  -0.2334881528   0.0857455341  -0.0027256141   0.5884823414
        0.0066844519  -0.0039291615   0.0012870017   0.0009982236  -0.0003787493
       -0.0032246002  -0.0027796090  -0.0001199862  -0.0906187856  -0.0118140381
        0.0010288366  -0.2061473040  -0.1089528801   0.0124827267   0.0255456885
       -0.0185766867   0.0015852888  -0.0072224833   0.0302811446  -0.0022051664
       -0.0140797930   0.0185674053  -0.0016687674  -0.0034744782  -0.0031071290
        0.0002015596  -0.0487181081  -0.0240740590   0.0026062167
        0.0012989764   0.0017484220   0.0007604316  -0.0007291044  -0.0009141431
       -0.0002663353   0.0350559411  -0.0543514005   0.0096978485   0.0003415016
       -0.0001344945   0.0002310325   0.0018532705   0.0022288618   0.0003605039
       -0.0004760362  -0.0004859826  -0.0001299607  -0.0032283255  -0.0029355778
       -0.0030457438  -0.0003882510  -0.0001604372  -0.0007571496   0.0112517401
        0.0107582326   0.0018852225  -0.0003314590  -0.0006106345  -0.0012167308
       -0.0015141748  -0.0031290630   0.0006017264  -0.0000751235  -0.0006400641
        0.0002985081   0.0355740859  -0.1051201755   0.0010760103   0.0066844519
        0.6868326585  -0.0481281320   0.0003694499  -0.0003137078   0.0003609205
       -0.0044104729  -0.0012336272   0.0006477268   0.0583357194  -0.3554543974
        0.0247115192  -0.1091310244  -0.1199600904   0.0100479958  -0.0705354224
       -0.0469586383   0.0033592478   0.0050189214  -0.0169438123   0.0008552602
        0.0296927259  -0.0329510105   0.0025643324  -0.0025370074  -0.0012560675
        0.0006379742   0.0078796174   0.0419851492  -0.0045522085
       -0.0005039393  -0.0004625931  -0.0002271906   0.0001845096   0.0000666445
        0.0002971279  -0.0017647234   0.0120372396   0.0089057969   0.0000564876
       -0.0000129598   0.0000718209   0.0001042982  -0.0001146642  -0.0002640008
       -0.0000026364   0.0000020885   0.0000907033   0.0002957229   0.0001273491
       -0.0001861861   0.0000484591  -0.0000622685   0.0000666363  -0.0037930396
       -0.0030584883  -0.0031752834   0.0001289087  -0.0016093796   0.0001655792
        0.0005806723   0.0013021402  -0.0000249813   0.0000124393   0.0000332474
       -0.0000051559  -0.0010075132  -0.0003231971  -0.0496198387  -0.0039291615
       -0.0481281320   0.1035086610  -0.0000194031   0.0000387096   0.0000149817
        0.0000129985   0.0005927560   0.0069376362  -0.0043482564   0.0246584015
       -0.0401197347   0.0119165952   0.0100116201  -0.0307188562   0.0054462299
        0.0039546799   0.0010179938  -0.0004204711   0.0013557814   0.0011013515
       -0.0021908701   0.0020532660  -0.0036643936   0.0001601151   0.0007557639
        0.0061795701  -0.0009674223  -0.0032180052  -0.0003522376
        0.0001798935   0.0001732482   0.0000913531  -0.0000612262  -0.0001260148
       -0.0000087416  -0.0006475205  -0.0021346851   0.0002405147   0.0000286851
       -0.0000107054   0.0000559569   0.0001622766   0.0002794924   0.0000697440
       -0.0000381867  -0.0000328284  -0.0000142473  -0.0003446283  -0.0003125651
       -0.0003241443  -0.0000529415   0.0000023331  -0.0000766065   0.0008620671
        0.0010407977   0.0003600806  -0.0000349447   0.0000884145  -0.0000317494
       -0.0001666605  -0.0005048574  -0.0000178970  -0.0000148764  -0.0000556923
        0.0000333357   0.0015131593   0.0021503117  -0.0005955715   0.0012870017
        0.0003694499  -0.0000194031   0.2374921563   0.1261411573  -0.0062529500
        0.0013939967   0.0006564187   0.0000493630  -0.0044240979   0.0038756054
       -0.0004739018  -0.0002742073  -0.0001369622   0.0000767952  -0.0266138286
       -0.0174579377   0.0008267893  -0.0023676086  -0.0006977829   0.0000990401
       -0.2073372420  -0.1111128091   0.0057373428   0.0007370150  -0.0002355399
        0.0000552178  -0.0012782821  -0.0019588484   0.0001196791
        0.0001546263   0.0000995161   0.0000805204  -0.0000691193  -0.0001129019
       -0.0000229726  -0.0017474251  -0.0026998691   0.0000146756   0.0000371001
        0.0000140439   0.0000471363   0.0001290651   0.0002108611   0.0000358083
       -0.0000260304  -0.0000235527  -0.0000032467  -0.0003424029  -0.0002924303
       -0.0003033695  -0.0000347075  -0.0000024634  -0.0000475827   0.0005662132
        0.0004876296   0.0004633698   0.0000254440   0.0000529011   0.0000141513
       -0.0002543226  -0.0006018821  -0.0000772476  -0.0000177475  -0.0000542875
        0.0000312292   0.0021233325  -0.0034577228   0.0008933852   0.0009982236
       -0.0003137078   0.0000387096   0.1261411573   0.1416947533  -0.0071840889
       -0.0003938208   0.0007344579  -0.0003182333   0.0024748220   0.0005284497
        0.0006299060  -0.0002279831  -0.0001378692  -0.0001072233   0.0083304838
        0.0056889514  -0.0002711216   0.0002478383   0.0002139087  -0.0000084440
       -0.1114335247  -0.1211747758   0.0050395566   0.0006283855   0.0010312803
       -0.0003010948  -0.0273096077  -0.0218852906   0.0013561768
       -0.0000484413  -0.0000042168  -0.0000047575   0.0000159040   0.0000259604
        0.0000018832   0.0003623960   0.0001121456   0.0001090647  -0.0000031241
        0.0000498110  -0.0000028207  -0.0000392038  -0.0000488798  -0.0000273122
        0.0000023750   0.0000084656  -0.0000013569   0.0000354860  -0.0000219097
        0.0000447886  -0.0000080629   0.0000000381   0.0000051094  -0.0001426159
       -0.0001050292  -0.0004868845  -0.0000103143  -0.0000221611  -0.0000302078
        0.0000647148   0.0001267760   0.0000229411   0.0000076429   0.0000170129
       -0.0000110121   0.0002610353   0.0010995543   0.0089103562  -0.0003787493
        0.0003609205   0.0000149817  -0.0062529500  -0.0071840889   0.0242899383
        0.0001438258  -0.0003054508  -0.0032894387  -0.0004695400   0.0005002442
        0.0071247725  -0.0000170608  -0.0001238837  -0.0016939479  -0.0011233914
       -0.0006765320   0.0003405913  -0.0001192472  -0.0000397328   0.0000708400
        0.0057890968   0.0051068445  -0.0334896398   0.0000070520  -0.0002867599
       -0.0023506373   0.0019231725   0.0014108716   0.0004527485
        0.0001617558   0.0002122968   0.0000373535   0.0000106118  -0.0001124863
        0.0000551109   0.0026365038  -0.0010092195   0.0001749657   0.0000204209
       -0.0000680634   0.0001252053   0.0001738901   0.0003070197   0.0001464889
       -0.0000526780  -0.0000470209  -0.0000198924  -0.0001479368  -0.0002926909
       -0.0002093260  -0.0000593481   0.0000189872  -0.0000898379   0.0005569572
        0.0010585884   0.0002197742  -0.0000753192   0.0001593934   0.0000004332
        0.0000163461  -0.0002210181  -0.0001061921  -0.0000145992  -0.0000601518
        0.0000521266  -0.0277918552   0.0138546792  -0.0022031470  -0.0032246002
       -0.0044104729   0.0000129985   0.0013939967  -0.0003938208   0.0001438258
        0.2772160884  -0.1063541141   0.0139930798   0.0011056719  -0.0004304581
        0.0000376226  -0.0024136055   0.0003976020   0.0000699536   0.0015982236
        0.0007877853  -0.0002912739  -0.0003462531   0.0001902798   0.0000535722
       -0.0066070478   0.0031235019  -0.0003970771  -0.0006149650   0.0006369803
       -0.0000508315  -0.2435422585   0.0926524027  -0.0117549329
       -0.0001114605  -0.0001104665  -0.0000919047   0.0000279859   0.0000169111
        0.0000405124   0.0007186997   0.0013822027  -0.0002394185   0.0000062241
       -0.0000016048   0.0000199863  -0.0000767780  -0.0001014099  -0.0000097453
        0.0000219442   0.0000341208   0.0000258169   0.0000687596   0.0000770138
        0.0000858639   0.0000416994   0.0000099852   0.0000559516  -0.0005717234
       -0.0004256218  -0.0002944462   0.0000559023  -0.0000065430   0.0000899943
        0.0000731049   0.0001742335  -0.0000625815   0.0000017294   0.0000467874
       -0.0000013098  -0.0138796168   0.0068315584  -0.0006273970  -0.0027796090
       -0.0012336272   0.0005927560   0.0006564187   0.0007344579  -0.0003054508
       -0.1063541141   0.1029993213  -0.0083113262  -0.0006779003  -0.0003741013
       -0.0000034775  -0.0008663722   0.0002007787  -0.0000986926  -0.0000171726
       -0.0053070403   0.0010522377   0.0001293256  -0.0000779063  -0.0001212520
        0.0291546095  -0.0150241631   0.0016075495   0.0015795065  -0.0012916841
        0.0002032064   0.0927988372  -0.0885532028   0.0063931272
        0.0000850048   0.0001124638   0.0000892533  -0.0000581192  -0.0000658979
       -0.0000386193  -0.0005307117  -0.0007200801  -0.0024514020  -0.0000027051
        0.0000215708  -0.0000293416   0.0000461629   0.0000901717   0.0000024220
       -0.0000157420  -0.0000013945  -0.0000081284  -0.0000684140  -0.0001650821
       -0.0000890912  -0.0000194428   0.0000119949  -0.0000132495   0.0005136773
        0.0001820651   0.0001970955  -0.0000143020   0.0000786948  -0.0000762086
       -0.0000462417  -0.0002520310   0.0000972442   0.0000061714   0.0000007123
        0.0000001999   0.0008105920   0.0005073492   0.0016711247  -0.0001199862
        0.0006477268   0.0069376362   0.0000493630  -0.0003182333  -0.0032894387
        0.0139930798  -0.0083113262   0.0230230557   0.0000179132  -0.0002020547
       -0.0000792938   0.0000232058  -0.0000471959  -0.0009565528   0.0000852506
        0.0010825273   0.0079972155  -0.0000023251  -0.0001312072  -0.0017256120
       -0.0023205439   0.0011187426  -0.0013041881  -0.0001321896   0.0001469187
        0.0008078666  -0.0122996978   0.0062135650  -0.0307619877
       -0.0000115811  -0.0000651739  -0.0000152148   0.0000179902   0.0000887625
        0.0000394116  -0.0067669794   0.0021806823   0.0000778848  -0.0000070528
       -0.0000194857   0.0000386912  -0.0001530185  -0.0000083833   0.0000279169
        0.0000561076   0.0000094184   0.0000123556  -0.0000929887   0.0001369550
        0.0000277378   0.0000352957  -0.0000093182   0.0000412728  -0.0002024525
       -0.0004316474  -0.0002979586   0.0001091564  -0.0000079954   0.0000257039
        0.0002343532   0.0000173922  -0.0001441707   0.0000079310   0.0000282911
        0.0000018855   0.0160444292   0.0283640023  -0.0020559131  -0.0906187856
        0.0583357194  -0.0043482564  -0.0044240979   0.0024748220  -0.0004695400
        0.0011056719  -0.0006779003   0.0000179132   0.6440686435   0.0042812897
        0.0006991332  -0.0014422605  -0.0271358593   0.0023651493  -0.2457899703
       -0.1501723737   0.0107140554  -0.2404815021   0.0882605326  -0.0064566211
       -0.0667317940   0.0176731588  -0.0019731309   0.0013804073   0.0014679163
       -0.0001327856  -0.0063375028  -0.0247908054   0.0018044799
       -0.0005295242  -0.0006610771   0.0000135514   0.0001690546   0.0007996202
       -0.0002028347  -0.0010237255   0.0096790274  -0.0025020821  -0.0002768809
        0.0001105832  -0.0002865159  -0.0009463648  -0.0014389120  -0.0002809910
        0.0003125965   0.0002600676   0.0000455538   0.0018022302   0.0018762981
        0.0015356788   0.0002190804   0.0000554325   0.0004164243  -0.0038211573
       -0.0044675082  -0.0003300016   0.0001149421  -0.0003332723  -0.0002538179
        0.0005131873   0.0016781280   0.0000726641   0.0000782011   0.0003377751
       -0.0002318917   0.0709547388  -0.0299336205   0.0046714729  -0.0118140381
       -0.3554543974   0.0246584015   0.0038756054   0.0005284497   0.0005002442
       -0.0004304581  -0.0003741013  -0.0002020547   0.0042812897   0.6644856021
       -0.0432823663  -0.0004661399  -0.0207945241   0.0011717538  -0.0743473862
       -0.1670498068   0.0091380428   0.0875377621  -0.0845329092   0.0047900960
       -0.0377960972   0.0470780779  -0.0037215840  -0.0248888693  -0.0215740265
        0.0012800173  -0.0135180465  -0.0402749063   0.0030002387
       -0.0001884306  -0.0002229983  -0.0003499633   0.0001357385  -0.0001405011
        0.0003292310   0.0016608731   0.0007100286   0.0063293245   0.0000290547
        0.0000609906  -0.0000032021   0.0001813196   0.0001942194  -0.0001435464
       -0.0000514802   0.0000164895   0.0000287423  -0.0000621576  -0.0006616325
       -0.0002081374   0.0000073664  -0.0000289179  -0.0000538506  -0.0014916874
        0.0004677153  -0.0002402348  -0.0001044208   0.0000410202   0.0000233265
        0.0001479513   0.0004119641  -0.0001111704  -0.0000036539  -0.0000261279
       -0.0000010910  -0.0054536956   0.0011692729  -0.0034610493   0.0010288366
        0.0247115192  -0.0401197347  -0.0004739018   0.0006299060   0.0071247725
        0.0000376226  -0.0000034775  -0.0000792938   0.0006991332  -0.0432823663
        0.1131992888   0.0000357794   0.0017490951  -0.0010388369   0.0057568647
        0.0091377732  -0.0427325383  -0.0069171370   0.0040970714  -0.0336766159
        0.0019147421  -0.0033335490   0.0006915008   0.0020103619   0.0015605526
       -0.0018195726   0.0011009208   0.0027419523  -0.0036873491
       -0.0004707860  -0.0004536027  -0.0003326925   0.0002080289  -0.0001497795
        0.0004072236   0.0031107338   0.0009796258  -0.0007230344  -0.0001597219
       -0.0000064229  -0.0000544819   0.0000103460   0.0000022133   0.0000772293
        0.0000076612   0.0000333912   0.0000169855   0.0013561709   0.0001249748
        0.0002575567  -0.0000545548  -0.0000231609   0.0000272835  -0.0017291085
       -0.0012637690  -0.0003244440   0.0000129394  -0.0000205277   0.0005974121
        0.0004028166   0.0012258770  -0.0002901083  -0.0000366882   0.0000452119
       -0.0000553409  -0.0265252129  -0.0195861760   0.0023308405  -0.2061473040
       -0.1091310244   0.0119165952  -0.0002742073  -0.0002279831  -0.0000170608
       -0.0024136055  -0.0008663722   0.0000232058  -0.0014422605  -0.0004661399
        0.0000357794   0.2348125590   0.1248966997  -0.0137565307   0.0014476489
        0.0004121500   0.0001103447   0.0015379761   0.0005077403  -0.0000814095
        0.0009285701   0.0005030218   0.0000001564  -0.0002781166  -0.0004912395
        0.0000262350  -0.0043038848   0.0039552921  -0.0001917447
       -0.0001171797  -0.0001775655  -0.0001233954  -0.0000321425  -0.0001412634
        0.0001880765   0.0001077268   0.0017130349  -0.0004752315  -0.0000580487
        0.0000935855  -0.0000426653  -0.0001474178  -0.0002142253  -0.0001377331
       -0.0000061570   0.0000734747   0.0000186625   0.0003773793  -0.0010952205
       -0.0012632759   0.0000050471   0.0000801106   0.0000568663   0.0003958323
       -0.0004385265   0.0000384018   0.0004293214  -0.0003914696  -0.0006090976
       -0.0000212975   0.0001233175   0.0002171563   0.0000262928   0.0000648088
       -0.0000334233   0.0073387454   0.0056262655  -0.0005318925  -0.1089528801
       -0.1199600904   0.0100116201  -0.0001369622  -0.0001378692  -0.0001238837
        0.0003976020   0.0002007787  -0.0000471959  -0.0271358593  -0.0207945241
        0.0017490951   0.1248966997   0.1416502484  -0.0104939842   0.0011693586
       -0.0052481294   0.0010658577  -0.0005095796   0.0007463454  -0.0003034453
        0.0009023899  -0.0002129282   0.0000210131  -0.0013740528  -0.0016789430
        0.0001615053   0.0024451818   0.0001187849   0.0006569689
        0.0000611716   0.0000954246   0.0001093633  -0.0000382498   0.0001252339
       -0.0001037112  -0.0002569996  -0.0015023399  -0.0013431140  -0.0000159986
        0.0000603947  -0.0000944653  -0.0002227584  -0.0002895993   0.0000427506
        0.0000118258   0.0000200827  -0.0000412331   0.0001732571  -0.0006214898
       -0.0003133250  -0.0000675913   0.0000024658  -0.0000741659   0.0006305146
       -0.0004205186  -0.0001631305   0.0005797981  -0.0008574637  -0.0011055318
       -0.0001158055   0.0000397355  -0.0000080744   0.0000095453   0.0000136351
       -0.0000464296  -0.0012405446   0.0015700920   0.0011339096   0.0124827267
        0.0100479958  -0.0307188562   0.0000767952  -0.0001072233  -0.0016939479
        0.0000699536  -0.0000986926  -0.0009565528   0.0023651493   0.0011717538
       -0.0010388369  -0.0137565307  -0.0104939842   0.0243792183  -0.0002265814
        0.0010251758   0.0079531706  -0.0000049975  -0.0002765030  -0.0032931657
       -0.0000517773  -0.0000772119  -0.0001010410   0.0001082279   0.0002351894
        0.0007860412  -0.0005711306   0.0003378472   0.0066911275
       -0.0003470942  -0.0002356545  -0.0003699934   0.0002149840  -0.0002643286
        0.0003900686   0.0051903659   0.0015098181  -0.0017516136  -0.0000182784
       -0.0000680839   0.0000909302   0.0005204838   0.0002509894  -0.0000718220
       -0.0000834251   0.0000020298   0.0000625289   0.0003544013  -0.0001106161
        0.0000242893   0.0000697432  -0.0000004486   0.0000139719  -0.0011400993
       -0.0009849688   0.0001367826  -0.0000404455  -0.0003405361   0.0004020988
        0.0002702213   0.0007777707  -0.0001895820  -0.0000103473  -0.0000167589
        0.0000269512  -0.0530881501  -0.0048650994   0.0004609836   0.0255456885
       -0.0705354224   0.0054462299  -0.0266138286   0.0083304838  -0.0011233914
        0.0015982236  -0.0000171726   0.0000852506  -0.2457899703  -0.0743473862
        0.0057568647   0.0014476489   0.0011693586  -0.0002265814   0.6379027697
       -0.0006193435   0.0074330975  -0.0273516060  -0.0142144320   0.0004103786
       -0.2802257378   0.0527222080  -0.0098847133  -0.0461428879   0.0217039304
       -0.0019445947   0.0077373404   0.0801536629  -0.0051781346
        0.0003431210   0.0003568545   0.0000831267  -0.0001523703  -0.0002948477
       -0.0000583817  -0.0001980568  -0.0052790169   0.0026782971   0.0001251152
       -0.0000394555   0.0000126021   0.0002588827   0.0006557356   0.0001181929
       -0.0001289707  -0.0001403065  -0.0000493514  -0.0009058824  -0.0007423129
       -0.0005393929  -0.0001176340  -0.0000845281  -0.0002087511   0.0021060819
        0.0024887263  -0.0002463036  -0.0001087369  -0.0000112521  -0.0000595958
       -0.0002294143  -0.0007763609   0.0000021134  -0.0000484734  -0.0001671613
        0.0000843327  -0.0055932827   0.0071830552  -0.0021182012  -0.0185766867
       -0.0469586383   0.0039546799  -0.0174579377   0.0056889514  -0.0006765320
        0.0007877853  -0.0053070403   0.0010825273  -0.1501723737  -0.1670498068
        0.0091377732   0.0004121500  -0.0052481294   0.0010251758  -0.0006193435
        0.6565547278  -0.0470502192   0.0117339145   0.0062651337  -0.0007054722
        0.1283351496  -0.1301372936   0.0093794589   0.0217481573  -0.2872156021
        0.0218882540   0.0284588059  -0.0297414321   0.0022656669
       -0.0000430313  -0.0000450772  -0.0000227363   0.0000194952  -0.0000011536
        0.0000219739   0.0000055617   0.0006138349  -0.0002751470   0.0000118975
        0.0000313060   0.0000252939  -0.0000293975   0.0000063792  -0.0000099394
        0.0000146599   0.0000120824  -0.0000067349   0.0000635280   0.0001503770
        0.0000742073   0.0000165946   0.0000149324   0.0000216037  -0.0002128723
       -0.0002400577  -0.0000011629   0.0000192503   0.0000706641   0.0000345747
        0.0000169565   0.0000815248   0.0000010966   0.0000084946   0.0000062547
       -0.0000200981  -0.0001373927  -0.0014098758  -0.0055021898   0.0015852888
        0.0033592478   0.0010179938   0.0008267893  -0.0002711216   0.0003405913
       -0.0002912739   0.0010522377   0.0079972155   0.0107140554   0.0091380428
       -0.0427325383   0.0001103447   0.0010658577   0.0079531706   0.0074330975
       -0.0470502192   0.0998389301  -0.0009839415  -0.0004789344   0.0004392965
       -0.0149862874   0.0083606398  -0.0431375665  -0.0020989330   0.0218113281
       -0.0273740839  -0.0020628845   0.0037217300   0.0013162493
       -0.0002247241  -0.0002446650  -0.0001201311   0.0001189626   0.0001207598
        0.0000627437  -0.0001469327   0.0031778903  -0.0005506981  -0.0000877568
        0.0000068169  -0.0000852560  -0.0001957805  -0.0003403581  -0.0000478943
        0.0000358425   0.0000583778   0.0000138394   0.0005470411   0.0003542052
        0.0004608954   0.0000503423   0.0000146811   0.0000834236  -0.0012536591
       -0.0015263127  -0.0003270053  -0.0000682175   0.0000037594   0.0000485228
        0.0002789958   0.0006580031  -0.0000474894  -0.0000035684   0.0000800135
       -0.0000522763   0.0024889877  -0.0015588853   0.0004933634  -0.0072224833
        0.0050189214  -0.0004204711  -0.0023676086   0.0002478383  -0.0001192472
       -0.0003462531   0.0001293256  -0.0000023251  -0.2404815021   0.0875377621
       -0.0069171370   0.0015379761  -0.0005095796  -0.0000049975  -0.0273516060
        0.0117339145  -0.0009839415   0.2755971750  -0.1003666945   0.0079885923
       -0.0032265394  -0.0046305200   0.0004309519   0.0008378370   0.0001501669
       -0.0000133894   0.0014834716  -0.0001154208   0.0001099267
        0.0001707989   0.0001764440   0.0001189335  -0.0001135496  -0.0001189861
       -0.0000623484   0.0013877589  -0.0032914657   0.0003088835   0.0000338502
        0.0000166299   0.0000341487   0.0001378889   0.0002017624   0.0000406053
       -0.0000278132  -0.0000331401  -0.0000157109  -0.0003478045  -0.0002899957
       -0.0004007853  -0.0000480154  -0.0000114044  -0.0000614501   0.0009460280
        0.0012808278   0.0003824830   0.0000916645   0.0000429068   0.0000299064
       -0.0002555876  -0.0005322629   0.0000608877   0.0000001688  -0.0000476719
        0.0000251761  -0.0014731657  -0.0033728969   0.0006336639   0.0302811446
       -0.0169438123   0.0013557814  -0.0006977829   0.0002139087  -0.0000397328
        0.0001902798  -0.0000779063  -0.0001312072   0.0882605326  -0.0845329092
        0.0040970714   0.0005077403   0.0007463454  -0.0002765030  -0.0142144320
        0.0062651337  -0.0004789344  -0.1003666945   0.1004668028  -0.0059525415
       -0.0031144411  -0.0007039458   0.0005872502  -0.0006648137   0.0009737233
       -0.0002674293  -0.0006837553  -0.0004280878   0.0000118516
        0.0000139786   0.0000197582  -0.0000093607  -0.0000077116  -0.0000394206
        0.0000013373  -0.0003215388  -0.0004290354  -0.0009045144   0.0000041081
        0.0000467195   0.0000252351   0.0000716262   0.0000122811   0.0000108043
       -0.0000129821   0.0000018608  -0.0000001934  -0.0000382883  -0.0001161089
       -0.0000079047   0.0000054541   0.0000016273  -0.0000149994   0.0002170483
        0.0001075572   0.0002358158   0.0000051607   0.0000681420  -0.0000167293
       -0.0000074279  -0.0000637177  -0.0000071997  -0.0000074101   0.0000049489
       -0.0000018730  -0.0002378531   0.0014563447   0.0088036119  -0.0022051664
        0.0008552602   0.0011013515   0.0000990401  -0.0000084440   0.0000708400
        0.0000535722  -0.0001212520  -0.0017256120  -0.0064566211   0.0047900960
       -0.0336766159  -0.0000814095  -0.0003034453  -0.0032931657   0.0004103786
       -0.0007054722   0.0004392965   0.0079885923  -0.0059525415   0.0241425439
        0.0003644185   0.0004342307   0.0071999968   0.0000876804  -0.0003130745
       -0.0023943596   0.0000553509   0.0002536856   0.0000216947
        0.0002498748   0.0001352557   0.0001547097  -0.0001154461   0.0001284157
       -0.0002541295  -0.0064805009  -0.0040408741   0.0013493901   0.0000818495
        0.0000319905  -0.0000283094  -0.0002745111  -0.0000459426   0.0001033105
       -0.0000013149  -0.0000695112  -0.0000528990  -0.0003073141  -0.0001409405
       -0.0000504769  -0.0000817806  -0.0000352693  -0.0000589836   0.0005752724
       -0.0003677899   0.0001254163   0.0000030139   0.0001280494  -0.0001928789
       -0.0004541685  -0.0008794808  -0.0001402659  -0.0000263071  -0.0000908556
        0.0000338392   0.0320777710  -0.0184981436   0.0013913593  -0.0140797930
        0.0296927259  -0.0021908701  -0.2073372420  -0.1114335247   0.0057890968
       -0.0066070478   0.0291546095  -0.0023205439  -0.0667317940  -0.0377960972
        0.0019147421   0.0009285701   0.0009023899  -0.0000517773  -0.2802257378
        0.1283351496  -0.0149862874  -0.0032265394  -0.0031144411   0.0003644185
        0.6464083105  -0.0028884094   0.0103934832  -0.0032321738   0.0017482255
       -0.0002983164  -0.0911429909  -0.0108555318  -0.0009940273
       -0.0009562643  -0.0010579740  -0.0005166886   0.0004508242   0.0001653049
        0.0004808925   0.0029145476   0.0107101512  -0.0053384901  -0.0003091345
        0.0000323025  -0.0001754242  -0.0000692886  -0.0008130788  -0.0003522092
        0.0001139038   0.0002500456   0.0001343233   0.0021714942   0.0010674369
        0.0013959501   0.0002439771   0.0000655425   0.0003594767  -0.0053194596
       -0.0063496287   0.0002990679   0.0000183054  -0.0004689016   0.0005664550
        0.0008038583   0.0023873225  -0.0003279741   0.0000186028   0.0002704260
       -0.0001703839  -0.0591266575  -0.0442534428   0.0048901073   0.0185674053
       -0.0329510105   0.0020532660  -0.1111128091  -0.1211747758   0.0051068445
        0.0031235019  -0.0150241631   0.0011187426   0.0176731588   0.0470780779
       -0.0033335490   0.0005030218  -0.0002129282  -0.0000772119   0.0527222080
       -0.1301372936   0.0083606398  -0.0046305200  -0.0007039458   0.0004342307
       -0.0028884094   0.6662824655  -0.0449458429   0.0279012114  -0.0165962223
        0.0017914479   0.0571865225  -0.3585657101   0.0282463297
        0.0003157193   0.0000299788  -0.0000276530  -0.0000665344  -0.0000816116
       -0.0000393541  -0.0005877805  -0.0007200219   0.0041834295  -0.0000053349
        0.0000212079   0.0000737342   0.0001999090   0.0001402081   0.0000231569
       -0.0000513319  -0.0000247090   0.0000007619  -0.0002718948   0.0001134694
       -0.0002506160  -0.0000008572  -0.0000069915  -0.0000551267   0.0004717632
        0.0015968531   0.0018880676  -0.0000613032   0.0000148490  -0.0000459710
       -0.0000752806  -0.0006246697  -0.0000877690  -0.0000470145  -0.0000526178
        0.0000454934   0.0050529997   0.0023313202  -0.0035063532  -0.0016687674
        0.0025643324  -0.0036643936   0.0057373428   0.0050395566  -0.0334896398
       -0.0003970771   0.0016075495  -0.0013041881  -0.0019731309  -0.0037215840
        0.0006915008   0.0000001564   0.0000210131  -0.0001010410  -0.0098847133
        0.0093794589  -0.0431375665   0.0004309519   0.0005872502   0.0071999968
        0.0103934832  -0.0449458429   0.1138739134  -0.0022719592   0.0011941619
       -0.0018837268  -0.0052393455   0.0255368391  -0.0403866558
       -0.0000215601  -0.0000248895  -0.0000134616   0.0000192738  -0.0000085792
        0.0000234917   0.0002030893   0.0001730049  -0.0000674959  -0.0000238332
       -0.0000050064  -0.0000097268  -0.0000023272  -0.0000088328   0.0000090412
       -0.0000033487   0.0000058350  -0.0000002751   0.0001014664  -0.0000082164
        0.0000292009  -0.0000015828   0.0000033186   0.0000038024  -0.0001310945
       -0.0001346555  -0.0000044506  -0.0000224455   0.0000257633   0.0000247048
        0.0000468202   0.0000825249  -0.0000196188  -0.0000026016   0.0000059348
       -0.0000059734  -0.0005974864  -0.0002831142   0.0000292483  -0.0034744782
       -0.0025370074   0.0001601151   0.0007370150   0.0006283855   0.0000070520
       -0.0006149650   0.0015795065  -0.0001321896   0.0013804073  -0.0248888693
        0.0020103619  -0.0002781166  -0.0013740528   0.0001082279  -0.0461428879
        0.0217481573  -0.0020989330   0.0008378370  -0.0006648137   0.0000876804
       -0.0032321738   0.0279012114  -0.0022719592   0.0556613415  -0.0242384546
        0.0024858103  -0.0044383491   0.0020228494  -0.0003546529
        0.0002024308   0.0001973639   0.0001110655  -0.0001016741  -0.0001670820
       -0.0000253685  -0.0005523808  -0.0023741442   0.0003798564   0.0000559024
        0.0000020704   0.0000621558   0.0001751067   0.0003361861   0.0000691228
       -0.0000237042  -0.0000262635  -0.0000079819  -0.0004516597  -0.0004103752
       -0.0004237678  -0.0000433234  -0.0000040614  -0.0000706663   0.0011268305
        0.0013299156   0.0002358003   0.0000111911   0.0000732982  -0.0000064498
       -0.0002163534  -0.0005856709   0.0000070307  -0.0000064003  -0.0000494124
        0.0000340698  -0.0004135622   0.0032098833  -0.0005513789  -0.0031071290
       -0.0012560675   0.0007557639  -0.0002355399   0.0010312803  -0.0002867599
        0.0006369803  -0.0012916841   0.0001469187   0.0014679163  -0.0215740265
        0.0015605526  -0.0004912395  -0.0016789430   0.0002351894   0.0217039304
       -0.2872156021   0.0218113281   0.0001501669   0.0009737233  -0.0003130745
        0.0017482255  -0.0165962223   0.0011941619  -0.0242384546   0.3264432278
       -0.0254861268   0.0026027401  -0.0003673937   0.0005685586
        0.0000128344   0.0000321337   0.0000858299  -0.0000168617   0.0000715172
       -0.0000905571  -0.0000586873  -0.0001511230  -0.0011707378  -0.0000009613
        0.0000658166   0.0000188352  -0.0000985053  -0.0001134212   0.0000231944
        0.0000164647   0.0000030487  -0.0000120362   0.0000479636   0.0001275611
        0.0001223358  -0.0000066457   0.0000008841   0.0000079139   0.0001451046
       -0.0002702864  -0.0002364442   0.0000327450   0.0000269635  -0.0000123179
       -0.0000048305   0.0000136001   0.0000249756   0.0000014515   0.0000180077
       -0.0000112834   0.0000772657  -0.0000429460   0.0002722315   0.0002015596
        0.0006379742   0.0061795701   0.0000552178  -0.0003010948  -0.0023506373
       -0.0000508315   0.0002032064   0.0008078666  -0.0001327856   0.0012800173
       -0.0018195726   0.0000262350   0.0001615053   0.0007860412  -0.0019445947
        0.0218882540  -0.0273740839  -0.0000133894  -0.0002674293  -0.0023943596
       -0.0002983164   0.0017914479  -0.0018837268   0.0024858103  -0.0254861268
        0.0228583112  -0.0004762428   0.0003104896   0.0061686511
        0.0007191830   0.0007836830   0.0002828239  -0.0002984545  -0.0000373824
       -0.0003910102   0.0024896231  -0.0202612094   0.0066695306   0.0002006194
        0.0000218420  -0.0000427454   0.0000640390   0.0005446390   0.0002257341
       -0.0001029535  -0.0001517106  -0.0000859500  -0.0012912511  -0.0007073044
       -0.0007675997  -0.0001607385  -0.0000676789  -0.0002710583   0.0045448102
        0.0056487801  -0.0002122405  -0.0003312042   0.0002256709  -0.0005283917
       -0.0005302926  -0.0014461102   0.0002498442  -0.0000284937  -0.0001738371
        0.0001094850  -0.2166613442  -0.1119361512   0.0000836492  -0.0487181081
        0.0078796174  -0.0009674223  -0.0012782821  -0.0273096077   0.0019231725
       -0.2435422585   0.0927988372  -0.0122996978  -0.0063375028  -0.0135180465
        0.0011009208  -0.0043038848   0.0024451818  -0.0005711306   0.0077373404
        0.0284588059  -0.0020628845   0.0014834716  -0.0006837553   0.0000553509
       -0.0911429909   0.0571865225  -0.0052393455  -0.0044383491   0.0026027401
       -0.0004762428   0.6019270219  -0.0223035262   0.0132152078
        0.0018959902   0.0012703897   0.0011041517  -0.0006931030  -0.0002608005
       -0.0007556400  -0.0368455327  -0.0585155518   0.0075639518   0.0003223214
       -0.0000268161   0.0000951425   0.0004482370   0.0015405776   0.0005706781
       -0.0003209117  -0.0004521878  -0.0002132423  -0.0033009059  -0.0013988705
       -0.0016654588  -0.0004541678  -0.0001677032  -0.0007219580   0.0081938917
        0.0041986692   0.0047537831  -0.0002916737   0.0006227497  -0.0008874479
       -0.0023704406  -0.0060038110  -0.0006788378  -0.0002529349  -0.0007319596
        0.0003109203  -0.0610167856  -0.1366417783   0.0010564666  -0.0240740590
        0.0419851492  -0.0032180052  -0.0019588484  -0.0218852906   0.0014108716
        0.0926524027  -0.0885532028   0.0062135650  -0.0247908054  -0.0402749063
        0.0027419523   0.0039552921   0.0001187849   0.0003378472   0.0801536629
       -0.0297414321   0.0037217300  -0.0001154208  -0.0004280878   0.0002536856
       -0.0108555318  -0.3585657101   0.0255368391   0.0020228494  -0.0003673937
        0.0003104896  -0.0223035262   0.6942791818  -0.0478414845
        0.0000567440  -0.0001529028  -0.0001681362   0.0000080928  -0.0000745388
        0.0000910652   0.0024936479   0.0045702326   0.0025492400   0.0000115130
       -0.0000774366   0.0001151232   0.0002000680  -0.0000251428   0.0002070910
       -0.0000063967   0.0000034380   0.0000337724   0.0004011905   0.0004832489
        0.0001181977   0.0000754222   0.0000367513   0.0000630022  -0.0001471071
       -0.0001552927   0.0035386856   0.0000395712   0.0001261882   0.0001876464
       -0.0002559733  -0.0000771416  -0.0001125170   0.0000035522  -0.0000218094
        0.0000160096  -0.0022623426   0.0052591802  -0.0508362306   0.0026062167
       -0.0045522085  -0.0003522376   0.0001196791   0.0013561768   0.0004527485
       -0.0117549329   0.0063931272  -0.0307619877   0.0018044799   0.0030002387
       -0.0036873491  -0.0001917447   0.0006569689   0.0066911275  -0.0051781346
        0.0022656669   0.0013162493   0.0001099267   0.0000118516   0.0000216947
       -0.0009940273   0.0282463297  -0.0403866558  -0.0003546529   0.0005685586
        0.0061686511   0.0132152078  -0.0478414845   0.1047348095
