           1           2   1.39651964531696     
           2           5   1.40189425120988     
           2           6  0.973101459033896     
           5           7   1.49394217479644     
           5           8  0.970576014700286     
           3           9   1.30231323660674     
           7           9   1.26314793287562     
           7          10  0.969065097923023     
           1          11   1.50049188410500     
           4          11  0.971681472692313     
           9          11   1.26999455381755     
           1          12  0.971102813219900     
           3          13   1.30596987452247     
          13          14   1.26126127045638     
          14          17   1.49492270526977     
          14          18  0.968916466487042     
          17          19   1.40107691836525     
          17          20  0.970606484674564     
          15          21  0.971107947429708     
          19          21   1.39629745006515     
          19          22  0.973112076892764     
          13          23   1.26840988101837     
          16          23  0.971680985544335     
          21          23   1.50097622115695     
