# Atoms array:
     x           y            z                   Z     indx
   -5.145622    -2.522780    -0.899958            1      0
   -4.205110    -2.401391    -2.897740            6      1
   -2.925104    -2.225121    -2.451521            8      2
   -6.793521    -0.702182    -1.172784            1      3
   -5.228770    -1.989958    -1.857477            6      4
   -6.122200    -0.996877    -1.984078            6      5
   -6.207173    -0.436980    -2.921785            1      6
   -4.463471    -1.822683    -3.835978            1      7
   -4.456740    -3.474041    -3.176231            1      8

# Gridpoints array:
     x           y            z                   Z     indx
   -5.145622    -3.842780    -0.899958            1      0
   -5.145622    -2.522780     0.420042            1      0
   -4.383519    -1.760678    -0.137856            1      0
   -5.907724    -1.760678    -0.137856            1      0
   -4.383519    -3.284883    -0.137856            1      0
   -5.907724    -3.284883    -0.137856            1      0
   -4.901269    -2.278428     0.374006            1      0
   -5.389974    -2.278428     0.374006            1      0
   -4.901269    -2.767133     0.374006            1      0
   -5.389974    -2.767133     0.374006            1      0
   -4.901269    -3.796744    -0.655605            1      0
   -5.389974    -3.796744    -0.655605            1      0
   -4.901269    -3.796744    -1.144311            1      0
   -5.389974    -3.796744    -1.144311            1      0
   -3.871658    -2.278428    -0.655605            1      0
   -3.871658    -2.767133    -0.655605            1      0
   -6.419585    -2.767133    -0.655605            1      0
   -4.234266    -3.434136    -0.614894            1      0
   -6.056977    -3.434136    -0.614894            1      0
   -4.234266    -3.434136    -1.185022            1      0
   -6.056977    -3.434136    -1.185022            1      0
   -4.234266    -2.237717     0.011398            1      0
   -6.056977    -2.237717     0.011398            1      0
   -4.234266    -2.807844     0.011398            1      0
   -6.056977    -2.807844     0.011398            1      0
   -4.860558    -1.611424     0.011398            1      0
   -5.430685    -1.611424     0.011398            1      0
   -4.860558    -3.434136     0.011398            1      0
   -5.430685    -3.434136     0.011398            1      0
   -4.623311    -2.000470     0.194018            1      0
   -5.667932    -2.000470     0.194018            1      0
   -4.623311    -3.045090     0.194018            1      0
   -5.667932    -3.045090     0.194018            1      0
   -4.623311    -3.616757    -0.377648            1      0
   -5.667932    -3.616757    -0.377648            1      0
   -4.623311    -3.616757    -1.422268            1      0
   -5.667932    -3.616757    -1.422268            1      0
   -4.051645    -2.000470    -0.377648            1      0
   -6.239598    -2.000470    -0.377648            1      0
   -4.051645    -3.045090    -0.377648            1      0
   -6.239598    -3.045090    -0.377648            1      0
   -4.514174    -3.681950    -0.899958            1      0
   -5.777069    -3.681950    -0.899958            1      0
   -3.986452    -3.154227    -0.899958            1      0
   -6.304791    -3.154227    -0.899958            1      0
   -4.514174    -2.522780     0.259212            1      0
   -5.777069    -2.522780     0.259212            1      0
   -3.986452    -2.522780    -0.268511            1      0
   -6.304791    -2.522780    -0.268511            1      0
   -5.145622    -1.891333     0.259212            1      0
   -5.145622    -3.154227     0.259212            1      0
   -5.145622    -1.363610    -0.268511            1      0
   -5.145622    -3.681950    -0.268511            1      0
   -5.145622    -3.681950    -1.531405            1      0
   -4.205110    -0.361391    -2.897740            6      1
   -4.205110    -4.441391    -2.897740            6      1
   -4.205110    -2.401391    -4.937740            6      1
   -3.027316    -3.579186    -1.719945            6      1
   -5.382905    -3.579186    -1.719945            6      1
   -3.027316    -1.223596    -4.075534            6      1
   -5.382905    -1.223596    -4.075534            6      1
   -3.027316    -3.579186    -4.075534            6      1
   -5.382905    -3.579186    -4.075534            6      1
   -3.827474    -2.023755    -0.928887            6      1
   -3.827474    -2.779027    -0.928887            6      1
   -3.827474    -2.023755    -4.866593            6      1
   -4.582746    -2.023755    -4.866593            6      1
   -3.827474    -2.779027    -4.866593            6      1
   -4.582746    -2.779027    -4.866593            6      1
   -3.827474    -0.432538    -2.520104            6      1
   -4.582746    -0.432538    -2.520104            6      1
   -3.827474    -4.370244    -2.520104            6      1
   -4.582746    -4.370244    -2.520104            6      1
   -3.827474    -0.432538    -3.275376            6      1
   -4.582746    -0.432538    -3.275376            6      1
   -3.827474    -4.370244    -3.275376            6      1
   -4.582746    -4.370244    -3.275376            6      1
   -6.173963    -2.779027    -3.275376            6      1
   -2.796651    -3.809850    -2.457187            6      1
   -5.613569    -3.809850    -2.457187            6      1
   -2.796651    -0.992932    -3.338293            6      1
   -2.796651    -3.809850    -3.338293            6      1
   -5.613569    -3.809850    -3.338293            6      1
   -2.796651    -1.960838    -4.306199            6      1
   -5.613569    -1.960838    -4.306199            6      1
   -2.796651    -2.841944    -4.306199            6      1
   -5.613569    -2.841944    -4.306199            6      1
   -3.764557    -0.992932    -1.489281            6      1
   -3.764557    -3.809850    -1.489281            6      1
   -4.645663    -3.809850    -1.489281            6      1
   -3.764557    -0.992932    -4.306199            6      1
   -4.645663    -0.992932    -4.306199            6      1
   -3.764557    -3.809850    -4.306199            6      1
   -4.645663    -3.809850    -4.306199            6      1
   -3.397904    -1.594185    -1.207049            6      1
   -3.397904    -3.208598    -1.207049            6      1
   -3.397904    -1.594185    -4.588431            6      1
   -5.012317    -1.594185    -4.588431            6      1
   -3.397904    -3.208598    -4.588431            6      1
   -5.012317    -3.208598    -4.588431            6      1
   -3.397904    -0.710700    -2.090533            6      1
   -3.397904    -4.092082    -2.090533            6      1
   -5.012317    -4.092082    -2.090533            6      1
   -3.397904    -0.710700    -3.704946            6      1
   -5.012317    -0.710700    -3.704946            6      1
   -3.397904    -4.092082    -3.704946            6      1
   -5.012317    -4.092082    -3.704946            6      1
   -2.514419    -1.594185    -3.704946            6      1
   -5.895801    -1.594185    -3.704946            6      1
   -2.514419    -3.208598    -3.704946            6      1
   -5.895801    -3.208598    -3.704946            6      1
   -3.229237    -0.609947    -2.897740            6      1
   -3.229237    -4.192835    -2.897740            6      1
   -5.180983    -4.192835    -2.897740            6      1
   -2.413666    -3.377264    -2.897740            6      1
   -5.996554    -3.377264    -2.897740            6      1
   -3.229237    -2.401391    -1.106296            6      1
   -3.229237    -2.401391    -4.689184            6      1
   -5.180983    -2.401391    -4.689184            6      1
   -2.413666    -2.401391    -3.873613            6      1
   -5.996554    -2.401391    -3.873613            6      1
   -4.205110    -3.377264    -1.106296            6      1
   -4.205110    -1.425518    -4.689184            6      1
   -4.205110    -3.377264    -4.689184            6      1
   -4.205110    -0.609947    -1.921867            6      1
   -4.205110    -4.192835    -1.921867            6      1
   -4.205110    -0.609947    -3.873613            6      1
   -4.205110    -4.192835    -3.873613            6      1
   -1.101104    -2.225121    -2.451521            8      2
   -2.925104    -0.401121    -2.451521            8      2
   -2.925104    -4.049121    -2.451521            8      2
   -2.925104    -2.225121    -0.627521            8      2
   -2.925104    -2.225121    -4.275521            8      2
   -1.872017    -1.172034    -1.398434            8      2
   -1.872017    -3.278208    -1.398434            8      2
   -3.978191    -3.278208    -1.398434            8      2
   -1.872017    -1.172034    -3.504608            8      2
   -1.872017    -3.278208    -3.504608            8      2
   -2.587453    -1.887470    -0.691135            8      2
   -3.262755    -1.887470    -0.691135            8      2
   -2.587453    -2.562772    -0.691135            8      2
   -3.262755    -2.562772    -0.691135            8      2
   -2.587453    -1.887470    -4.211908            8      2
   -3.262755    -1.887470    -4.211908            8      2
   -2.587453    -2.562772    -4.211908            8      2
   -3.262755    -2.562772    -4.211908            8      2
   -2.587453    -0.464735    -2.113870            8      2
   -3.262755    -0.464735    -2.113870            8      2
   -2.587453    -3.985507    -2.113870            8      2
   -3.262755    -3.985507    -2.113870            8      2
   -2.587453    -0.464735    -2.789172            8      2
   -3.262755    -0.464735    -2.789172            8      2
   -2.587453    -3.985507    -2.789172            8      2
   -3.262755    -3.985507    -2.789172            8      2
   -1.164718    -1.887470    -2.113870            8      2
   -1.164718    -2.562772    -2.113870            8      2
   -1.164718    -1.887470    -2.789172            8      2
   -1.164718    -2.562772    -2.789172            8      2
   -1.665776    -0.965793    -2.057615            8      2
   -1.665776    -3.484449    -2.057615            8      2
   -1.665776    -0.965793    -2.845427            8      2
   -1.665776    -3.484449    -2.845427            8      2
   -1.665776    -1.831215    -1.192193            8      2
   -1.665776    -2.619027    -1.192193            8      2
   -1.665776    -1.831215    -3.710849            8      2
   -1.665776    -2.619027    -3.710849            8      2
   -2.531198    -0.965793    -1.192193            8      2
   -3.319010    -0.965793    -1.192193            8      2
   -2.531198    -3.484449    -1.192193            8      2
   -3.319010    -3.484449    -1.192193            8      2
   -2.531198    -0.965793    -3.710849            8      2
   -3.319010    -0.965793    -3.710849            8      2
   -2.531198    -3.484449    -3.710849            8      2
   -3.319010    -3.484449    -3.710849            8      2
   -2.203366    -1.503384    -0.939845            8      2
   -3.646841    -1.503384    -0.939845            8      2
   -2.203366    -2.946859    -0.939845            8      2
   -3.646841    -2.946859    -0.939845            8      2
   -2.203366    -1.503384    -3.963198            8      2
   -2.203366    -2.946859    -3.963198            8      2
   -2.203366    -0.713445    -1.729784            8      2
   -3.646841    -0.713445    -1.729784            8      2
   -2.203366    -3.736798    -1.729784            8      2
   -3.646841    -3.736798    -1.729784            8      2
   -2.203366    -0.713445    -3.173259            8      2
   -3.646841    -0.713445    -3.173259            8      2
   -2.203366    -3.736798    -3.173259            8      2
   -1.413427    -1.503384    -1.729784            8      2
   -1.413427    -2.946859    -1.729784            8      2
   -1.413427    -1.503384    -3.173259            8      2
   -1.413427    -2.946859    -3.173259            8      2
   -2.052559    -0.623359    -2.451521            8      2
   -3.797649    -0.623359    -2.451521            8      2
   -2.052559    -3.826883    -2.451521            8      2
   -1.323342    -1.352576    -2.451521            8      2
   -1.323342    -3.097666    -2.451521            8      2
   -2.052559    -2.225121    -0.849759            8      2
   -3.797649    -2.225121    -0.849759            8      2
   -2.052559    -2.225121    -4.053283            8      2
   -1.323342    -2.225121    -1.578976            8      2
   -1.323342    -2.225121    -3.324066            8      2
   -2.925104    -1.352576    -0.849759            8      2
   -2.925104    -3.097666    -0.849759            8      2
   -2.925104    -1.352576    -4.053283            8      2
   -2.925104    -3.097666    -4.053283            8      2
   -2.925104    -0.623359    -1.578976            8      2
   -2.925104    -3.826883    -1.578976            8      2
   -2.925104    -0.623359    -3.324066            8      2
   -2.925104    -3.826883    -3.324066            8      2
   -8.113521    -0.702182    -1.172784            1      3
   -6.793521     0.617818    -1.172784            1      3
   -6.793521    -0.702182     0.147216            1      3
   -6.031419     0.059920    -0.410682            1      3
   -7.555623     0.059920    -0.410682            1      3
   -7.555623    -1.464285    -0.410682            1      3
   -7.555623     0.059920    -1.934886            1      3
   -6.549168    -0.457830     0.101180            1      3
   -7.037874    -0.457830     0.101180            1      3
   -6.549168    -0.946535     0.101180            1      3
   -7.037874    -0.946535     0.101180            1      3
   -6.549168     0.571782    -0.928431            1      3
   -7.037874     0.571782    -0.928431            1      3
   -7.037874     0.571782    -1.417137            1      3
   -8.067485    -0.457830    -0.928431            1      3
   -8.067485    -0.946535    -0.928431            1      3
   -8.067485    -0.457830    -1.417137            1      3
   -8.067485    -0.946535    -1.417137            1      3
   -7.704877     0.209174    -0.887720            1      3
   -7.704877    -1.613538    -0.887720            1      3
   -7.704877     0.209174    -1.457848            1      3
   -7.704877    -1.613538    -1.457848            1      3
   -5.882165    -0.417119    -0.261428            1      3
   -7.704877    -0.417119    -0.261428            1      3
   -5.882165    -0.987246    -0.261428            1      3
   -7.704877    -0.987246    -0.261428            1      3
   -6.508457     0.209174    -0.261428            1      3
   -7.078585     0.209174    -0.261428            1      3
   -6.508457    -1.613538    -0.261428            1      3
   -7.078585    -1.613538    -0.261428            1      3
   -6.271211    -0.179872    -0.078808            1      3
   -7.315831    -0.179872    -0.078808            1      3
   -6.271211    -1.224492    -0.078808            1      3
   -7.315831    -1.224492    -0.078808            1      3
   -6.271211     0.391794    -0.650474            1      3
   -7.315831     0.391794    -0.650474            1      3
   -7.315831    -1.796159    -0.650474            1      3
   -7.315831     0.391794    -1.695094            1      3
   -7.887497    -0.179872    -0.650474            1      3
   -7.887497    -1.224492    -0.650474            1      3
   -7.887497    -0.179872    -1.695094            1      3
   -7.887497    -1.224492    -1.695094            1      3
   -7.424968     0.456988    -1.172784            1      3
   -7.424968    -1.861352    -1.172784            1      3
   -7.952691    -0.070735    -1.172784            1      3
   -7.952691    -1.333629    -1.172784            1      3
   -6.162074    -0.702182    -0.013614            1      3
   -7.424968    -0.702182    -0.013614            1      3
   -7.952691    -0.702182    -0.541337            1      3
   -7.952691    -0.702182    -1.804231            1      3
   -6.793521    -0.070735    -0.013614            1      3
   -6.793521    -1.333629    -0.013614            1      3
   -6.793521     0.456988    -0.541337            1      3
   -6.793521    -1.861352    -0.541337            1      3
   -5.228770    -4.029958    -1.857477            6      4
   -5.228770    -1.989958     0.182523            6      4
   -4.050975    -0.812164    -0.679682            6      4
   -4.050975    -3.167753    -0.679682            6      4
   -6.406564    -3.167753    -0.679682            6      4
   -4.050975    -0.812164    -3.035271            6      4
   -6.406564    -3.167753    -3.035271            6      4
   -4.851134    -1.612322     0.111376            6      4
   -5.606406    -1.612322     0.111376            6      4
   -4.851134    -2.367594     0.111376            6      4
   -5.606406    -2.367594     0.111376            6      4
   -5.606406    -1.612322    -3.826330            6      4
   -5.606406    -2.367594    -3.826330            6      4
   -4.851134    -0.021105    -1.479841            6      4
   -4.851134    -3.958811    -1.479841            6      4
   -5.606406    -3.958811    -1.479841            6      4
   -4.851134    -0.021105    -2.235113            6      4
   -4.851134    -3.958811    -2.235113            6      4
   -5.606406    -3.958811    -2.235113            6      4
   -7.197623    -2.367594    -1.479841            6      4
   -7.197623    -2.367594    -2.235113            6      4
   -3.820311    -0.581499    -1.416924            6      4
   -3.820311    -3.398417    -1.416924            6      4
   -6.637229    -3.398417    -1.416924            6      4
   -3.820311    -0.581499    -2.298030            6      4
   -6.637229    -3.398417    -2.298030            6      4
   -3.820311    -1.549405    -0.449018            6      4
   -6.637229    -1.549405    -0.449018            6      4
   -3.820311    -2.430511    -0.449018            6      4
   -6.637229    -2.430511    -0.449018            6      4
   -6.637229    -2.430511    -3.265936            6      4
   -4.788217    -0.581499    -0.449018            6      4
   -5.669323    -0.581499    -0.449018            6      4
   -4.788217    -3.398417    -0.449018            6      4
   -5.669323    -3.398417    -0.449018            6      4
   -4.788217    -0.581499    -3.265936            6      4
   -5.669323    -3.398417    -3.265936            6      4
   -4.421563    -1.182752    -0.166786            6      4
   -6.035976    -1.182752    -0.166786            6      4
   -4.421563    -2.797165    -0.166786            6      4
   -6.035976    -2.797165    -0.166786            6      4
   -6.035976    -2.797165    -3.548168            6      4
   -4.421563    -0.299267    -1.050270            6      4
   -4.421563    -3.680649    -1.050270            6      4
   -6.035976    -3.680649    -1.050270            6      4
   -4.421563    -0.299267    -2.664683            6      4
   -6.035976    -3.680649    -2.664683            6      4
   -3.538079    -1.182752    -1.050270            6      4
   -3.538079    -2.797165    -1.050270            6      4
   -6.919460    -2.797165    -1.050270            6      4
   -6.919460    -2.797165    -2.664683            6      4
   -4.252897    -0.198514    -1.857477            6      4
   -4.252897    -3.781402    -1.857477            6      4
   -6.204642    -3.781402    -1.857477            6      4
   -3.437325    -1.014085    -1.857477            6      4
   -7.020214    -2.965831    -1.857477            6      4
   -4.252897    -1.989958    -0.066033            6      4
   -6.204642    -1.989958    -0.066033            6      4
   -6.204642    -1.989958    -3.648921            6      4
   -3.437325    -1.989958    -0.881604            6      4
   -7.020214    -1.989958    -0.881604            6      4
   -7.020214    -1.989958    -2.833350            6      4
   -5.228770    -1.014085    -0.066033            6      4
   -5.228770    -2.965831    -0.066033            6      4
   -5.228770    -1.014085    -3.648921            6      4
   -5.228770    -0.198514    -0.881604            6      4
   -5.228770    -3.781402    -0.881604            6      4
   -8.162200    -0.996877    -1.984078            6      5
   -6.122200     1.043123    -1.984078            6      5
   -6.122200    -0.996877     0.055922            6      5
   -6.122200    -0.996877    -4.024078            6      5
   -4.944405     0.180918    -0.806284            6      5
   -7.299994     0.180918    -0.806284            6      5
   -7.299994    -2.174672    -0.806284            6      5
   -4.944405     0.180918    -3.161873            6      5
   -7.299994     0.180918    -3.161873            6      5
   -7.299994    -2.174672    -3.161873            6      5
   -5.744564    -0.619241    -0.015225            6      5
   -6.499836    -0.619241    -0.015225            6      5
   -5.744564    -1.374513    -0.015225            6      5
   -6.499836    -1.374513    -0.015225            6      5
   -5.744564    -0.619241    -3.952931            6      5
   -6.499836    -0.619241    -3.952931            6      5
   -5.744564    -1.374513    -3.952931            6      5
   -6.499836    -1.374513    -3.952931            6      5
   -5.744564     0.971976    -1.606442            6      5
   -6.499836     0.971976    -1.606442            6      5
   -6.499836    -2.965730    -1.606442            6      5
   -5.744564     0.971976    -2.361714            6      5
   -6.499836     0.971976    -2.361714            6      5
   -6.499836    -2.965730    -2.361714            6      5
   -4.153347    -0.619241    -1.606442            6      5
   -8.091053    -0.619241    -1.606442            6      5
   -8.091053    -1.374513    -1.606442            6      5
   -4.153347    -0.619241    -2.361714            6      5
   -8.091053    -0.619241    -2.361714            6      5
   -8.091053    -1.374513    -2.361714            6      5
   -4.713741     0.411582    -1.543525            6      5
   -7.530659     0.411582    -1.543525            6      5
   -7.530659    -2.405336    -1.543525            6      5
   -4.713741     0.411582    -2.424631            6      5
   -7.530659     0.411582    -2.424631            6      5
   -7.530659    -2.405336    -2.424631            6      5
   -4.713741    -0.556324    -0.575619            6      5
   -7.530659    -0.556324    -0.575619            6      5
   -7.530659    -1.437430    -0.575619            6      5
   -4.713741    -0.556324    -3.392537            6      5
   -7.530659    -0.556324    -3.392537            6      5
   -7.530659    -1.437430    -3.392537            6      5
   -5.681647     0.411582    -0.575619            6      5
   -6.562753     0.411582    -0.575619            6      5
   -6.562753    -2.405336    -0.575619            6      5
   -5.681647     0.411582    -3.392537            6      5
   -6.562753     0.411582    -3.392537            6      5
   -6.562753    -2.405336    -3.392537            6      5
   -5.314993    -0.189670    -0.293387            6      5
   -6.929406    -0.189670    -0.293387            6      5
   -6.929406    -1.804084    -0.293387            6      5
   -5.314993    -0.189670    -3.674769            6      5
   -6.929406    -0.189670    -3.674769            6      5
   -6.929406    -1.804084    -3.674769            6      5
   -5.314993     0.693814    -1.176872            6      5
   -6.929406     0.693814    -1.176872            6      5
   -6.929406    -2.687568    -1.176872            6      5
   -5.314993     0.693814    -2.791285            6      5
   -6.929406     0.693814    -2.791285            6      5
   -6.929406    -2.687568    -2.791285            6      5
   -4.431509    -0.189670    -1.176872            6      5
   -7.812891    -0.189670    -1.176872            6      5
   -7.812891    -1.804084    -1.176872            6      5
   -4.431509    -0.189670    -2.791285            6      5
   -7.812891    -0.189670    -2.791285            6      5
   -7.812891    -1.804084    -2.791285            6      5
   -5.146327     0.794567    -1.984078            6      5
   -7.098073     0.794567    -1.984078            6      5
   -7.098073    -2.788321    -1.984078            6      5
   -4.330756    -0.021004    -1.984078            6      5
   -7.913644    -0.021004    -1.984078            6      5
   -7.913644    -1.972750    -1.984078            6      5
   -5.146327    -0.996877    -0.192634            6      5
   -7.098073    -0.996877    -0.192634            6      5
   -5.146327    -0.996877    -3.775522            6      5
   -7.098073    -0.996877    -3.775522            6      5
   -4.330756    -0.996877    -1.008205            6      5
   -7.913644    -0.996877    -1.008205            6      5
   -7.913644    -0.996877    -2.959951            6      5
   -6.122200    -0.021004    -0.192634            6      5
   -6.122200    -1.972750    -0.192634            6      5
   -6.122200    -0.021004    -3.775522            6      5
   -6.122200    -1.972750    -3.775522            6      5
   -6.122200     0.794567    -1.008205            6      5
   -6.122200     0.794567    -2.959951            6      5
   -6.122200    -2.788321    -2.959951            6      5
   -6.207173     0.883020    -2.921785            1      6
   -6.207173    -0.436980    -4.241785            1      6
   -5.445070     0.325122    -3.683888            1      6
   -6.969275     0.325122    -3.683888            1      6
   -6.969275    -1.199082    -3.683888            1      6
   -5.962820    -0.192627    -4.195749            1      6
   -6.451525    -0.192627    -4.195749            1      6
   -5.962820    -0.681333    -4.195749            1      6
   -6.451525    -0.681333    -4.195749            1      6
   -5.962820     0.836984    -2.677433            1      6
   -6.451525     0.836984    -2.677433            1      6
   -5.962820     0.836984    -3.166138            1      6
   -6.451525     0.836984    -3.166138            1      6
   -7.481136    -0.192627    -2.677433            1      6
   -4.933209    -0.192627    -3.166138            1      6
   -7.481136    -0.192627    -3.166138            1      6
   -7.481136    -0.681333    -3.166138            1      6
   -5.295817     0.474376    -2.636722            1      6
   -7.118528     0.474376    -2.636722            1      6
   -5.295817     0.474376    -3.206849            1      6
   -7.118528     0.474376    -3.206849            1      6
   -5.295817    -0.151916    -3.833141            1      6
   -7.118528    -0.151916    -3.833141            1      6
   -5.295817    -0.722044    -3.833141            1      6
   -7.118528    -0.722044    -3.833141            1      6
   -5.922109     0.474376    -3.833141            1      6
   -6.492236     0.474376    -3.833141            1      6
   -5.922109    -1.348336    -3.833141            1      6
   -6.492236    -1.348336    -3.833141            1      6
   -5.684862     0.085330    -4.015762            1      6
   -6.729483     0.085330    -4.015762            1      6
   -5.684862    -0.959290    -4.015762            1      6
   -6.729483    -0.959290    -4.015762            1      6
   -5.684862     0.656996    -2.399475            1      6
   -6.729483     0.656996    -2.399475            1      6
   -5.684862     0.656996    -3.444096            1      6
   -6.729483     0.656996    -3.444096            1      6
   -5.113196     0.085330    -3.444096            1      6
   -7.301149     0.085330    -3.444096            1      6
   -7.301149    -0.959290    -3.444096            1      6
   -5.575725     0.722190    -2.921785            1      6
   -6.838620     0.722190    -2.921785            1      6
   -5.048003     0.194467    -2.921785            1      6
   -7.366342     0.194467    -2.921785            1      6
   -5.575725    -0.436980    -4.080955            1      6
   -6.838620    -0.436980    -4.080955            1      6
   -5.048003    -0.436980    -3.553233            1      6
   -7.366342    -0.436980    -3.553233            1      6
   -6.207173     0.194467    -4.080955            1      6
   -6.207173    -1.068427    -4.080955            1      6
   -6.207173     0.722190    -2.290338            1      6
   -6.207173     0.722190    -3.553233            1      6
   -5.783471    -1.822683    -3.835978            1      7
   -4.463471    -0.502683    -3.835978            1      7
   -4.463471    -1.822683    -5.155978            1      7
   -3.701368    -1.060580    -4.598080            1      7
   -5.225573    -1.060580    -4.598080            1      7
   -3.701368    -2.584785    -4.598080            1      7
   -5.225573    -2.584785    -4.598080            1      7
   -4.219118    -1.578330    -5.109942            1      7
   -4.707823    -1.578330    -5.109942            1      7
   -4.219118    -2.067035    -5.109942            1      7
   -4.707823    -2.067035    -5.109942            1      7
   -4.219118    -0.548719    -3.591625            1      7
   -4.707823    -0.548719    -3.591625            1      7
   -4.219118    -0.548719    -4.080331            1      7
   -4.707823    -0.548719    -4.080331            1      7
   -3.189507    -1.578330    -4.080331            1      7
   -5.737434    -1.578330    -4.080331            1      7
   -5.737434    -2.067035    -4.080331            1      7
   -3.552115    -0.911327    -3.550914            1      7
   -3.552115    -0.911327    -4.121042            1      7
   -5.374826    -0.911327    -4.121042            1      7
   -5.374826    -2.734038    -4.121042            1      7
   -3.552115    -1.537619    -4.747334            1      7
   -5.374826    -1.537619    -4.747334            1      7
   -3.552115    -2.107746    -4.747334            1      7
   -5.374826    -2.107746    -4.747334            1      7
   -4.178407    -0.911327    -4.747334            1      7
   -4.748534    -0.911327    -4.747334            1      7
   -4.178407    -2.734038    -4.747334            1      7
   -4.748534    -2.734038    -4.747334            1      7
   -3.941160    -1.300372    -4.929954            1      7
   -4.985781    -1.300372    -4.929954            1      7
   -3.941160    -2.344993    -4.929954            1      7
   -4.985781    -2.344993    -4.929954            1      7
   -3.941160    -0.728706    -3.313668            1      7
   -3.941160    -0.728706    -4.358288            1      7
   -4.985781    -0.728706    -4.358288            1      7
   -4.985781    -2.916659    -4.358288            1      7
   -3.369494    -1.300372    -4.358288            1      7
   -5.557447    -1.300372    -4.358288            1      7
   -5.557447    -2.344993    -4.358288            1      7
   -3.832023    -0.663513    -3.835978            1      7
   -5.094918    -0.663513    -3.835978            1      7
   -3.304301    -1.191235    -3.835978            1      7
   -5.622640    -1.191235    -3.835978            1      7
   -5.622640    -2.454130    -3.835978            1      7
   -3.832023    -1.822683    -4.995148            1      7
   -5.094918    -1.822683    -4.995148            1      7
   -3.304301    -1.822683    -4.467425            1      7
   -5.622640    -1.822683    -4.467425            1      7
   -4.463471    -1.191235    -4.995148            1      7
   -4.463471    -2.454130    -4.995148            1      7
   -4.463471    -0.663513    -3.204531            1      7
   -4.463471    -0.663513    -4.467425            1      7
   -5.776740    -3.474041    -3.176231            1      8
   -4.456740    -4.794041    -3.176231            1      8
   -4.456740    -3.474041    -4.496231            1      8
   -3.694638    -4.236143    -2.414128            1      8
   -5.218842    -4.236143    -2.414128            1      8
   -3.694638    -4.236143    -3.938333            1      8
   -5.218842    -4.236143    -3.938333            1      8
   -4.212387    -3.229688    -4.450194            1      8
   -4.701093    -3.229688    -4.450194            1      8
   -4.212387    -3.718393    -4.450194            1      8
   -4.701093    -3.718393    -4.450194            1      8
   -4.212387    -4.748004    -2.931878            1      8
   -4.701093    -4.748004    -2.931878            1      8
   -4.212387    -4.748004    -3.420583            1      8
   -4.701093    -4.748004    -3.420583            1      8
   -5.730704    -3.718393    -2.931878            1      8
   -5.730704    -3.229688    -3.420583            1      8
   -3.182776    -3.718393    -3.420583            1      8
   -5.730704    -3.718393    -3.420583            1      8
   -3.545384    -4.385397    -2.891167            1      8
   -5.368096    -4.385397    -2.891167            1      8
   -3.545384    -4.385397    -3.461294            1      8
   -5.368096    -4.385397    -3.461294            1      8
   -5.368096    -3.759104    -2.264875            1      8
   -5.368096    -3.188977    -4.087587            1      8
   -3.545384    -3.759104    -4.087587            1      8
   -5.368096    -3.759104    -4.087587            1      8
   -4.171676    -4.385397    -2.264875            1      8
   -4.741804    -4.385397    -2.264875            1      8
   -4.171676    -4.385397    -4.087587            1      8
   -4.741804    -4.385397    -4.087587            1      8
   -3.934430    -3.996351    -2.082254            1      8
   -4.979050    -3.996351    -2.082254            1      8
   -3.934430    -3.996351    -4.270207            1      8
   -4.979050    -3.996351    -4.270207            1      8
   -3.934430    -4.568017    -2.653921            1      8
   -4.979050    -4.568017    -2.653921            1      8
   -3.934430    -4.568017    -3.698541            1      8
   -4.979050    -4.568017    -3.698541            1      8
   -3.362764    -3.996351    -2.653921            1      8
   -5.550716    -3.996351    -2.653921            1      8
   -3.362764    -3.996351    -3.698541            1      8
   -5.550716    -3.996351    -3.698541            1      8
   -3.825293    -4.633211    -3.176231            1      8
   -5.088187    -4.633211    -3.176231            1      8
   -3.297570    -4.105488    -3.176231            1      8
   -5.615910    -4.105488    -3.176231            1      8
   -3.825293    -3.474041    -4.335400            1      8
   -5.088187    -3.474041    -4.335400            1      8
   -5.615910    -3.474041    -3.807678            1      8
   -4.456740    -4.105488    -2.017061            1      8
   -4.456740    -4.105488    -4.335400            1      8
   -4.456740    -4.633211    -2.544784            1      8
   -4.456740    -4.633211    -3.807678            1      8
