$hessian                                                                        
        0.4843471670   0.1276991589   0.1808360745  -0.1001692650   0.0403762005
       -0.1008065759  -0.0206592793   0.0085158981  -0.0287777200   0.0021913143
        0.0023286629   0.0014869654  -0.0297204858  -0.0207438373   0.0005181091
       -0.1215167004  -0.0827617427   0.0406563597   0.0144932032   0.0040043829
       -0.0040635430  -0.2264396252  -0.0621008936  -0.0944218185   0.0045329769
       -0.0098047200   0.0136138270  -0.0025407492  -0.0029753500  -0.0039951934
       -0.0036120235  -0.0016440893  -0.0022486600  -0.0032057354  -0.0039949896
       -0.0041585921   0.0006965640  -0.0013570069   0.0027337500   0.0016026384
        0.0024583260  -0.0013729829
        0.1276991589   0.3734696159  -0.2159434870   0.0039286264  -0.1290136830
        0.1108220600   0.0350456566   0.0207304483   0.0072470294  -0.0052078987
       -0.0172288853   0.0124965546  -0.0334255294  -0.0082275289  -0.0209827623
       -0.0520500643  -0.1473831315   0.0634534908  -0.0096610433  -0.0264929732
        0.0389203910  -0.0620668942  -0.0566270927  -0.0218455840   0.0040135150
       -0.0143137283   0.0225542891  -0.0037471440   0.0027186271   0.0009453866
       -0.0013445469  -0.0000736661   0.0004136631  -0.0040621889   0.0026120161
        0.0019201709   0.0009722832   0.0004711213  -0.0004893361  -0.0000939303
       -0.0006411396   0.0004881337
        0.1808360745  -0.2159434870   0.5030539774  -0.0581754435   0.1417922398
       -0.2528825100  -0.0598436085  -0.0153856796  -0.0315050710   0.0103450202
        0.0189578386  -0.0161938087   0.0154298361  -0.0102066002   0.0231690105
        0.0046294025   0.0373035568  -0.0950827574   0.0119533577   0.0505416449
       -0.0352697063  -0.0944376231  -0.0218326765  -0.0849139003  -0.0025761117
        0.0108076899  -0.0127792826  -0.0030961802   0.0016048953   0.0017425529
       -0.0025473761   0.0002313798  -0.0011299278  -0.0040975632   0.0019727898
        0.0014134688   0.0000076566  -0.0024832029   0.0022483765   0.0015725587
        0.0026396112  -0.0018704222
       -0.1001692650   0.0039286264  -0.0581754435   0.5261026406   0.1713326786
        0.1559219872  -0.2609399721  -0.0513272184  -0.1279489673  -0.0442363259
       -0.0453120838   0.0159344691  -0.0137063405   0.0078463558  -0.0203880174
        0.0328720402   0.0157524526   0.0121284628  -0.0036981606  -0.0070202712
        0.0011336167  -0.0121948001   0.0114191097  -0.0233585879  -0.1168921586
       -0.1014938598   0.0482906512  -0.0096415708  -0.0017119416  -0.0055852424
        0.0067362871  -0.0029128544   0.0029177001  -0.0006708188   0.0001818845
       -0.0001874281  -0.0000686119   0.0034766829  -0.0033690801  -0.0034929437
       -0.0041595615   0.0026858796
        0.0403762005  -0.1290136830   0.1417922398   0.1713326786   0.4070182073
       -0.2050708153  -0.0906604862  -0.0816109042  -0.0284537591  -0.0208040736
       -0.0103481041  -0.0063015713   0.0004133320  -0.0002170071   0.0000699392
        0.0005765050  -0.0191611416   0.0192658026  -0.0042552931  -0.0015739697
        0.0037156680  -0.0031018155   0.0025179236  -0.0062135818  -0.1005600817
       -0.1678151337   0.0710887680   0.0122733273   0.0027491403   0.0063373620
       -0.0078940070  -0.0016357815   0.0037727072   0.0006570027   0.0001003741
       -0.0003945136   0.0019942342  -0.0013538336   0.0022537389  -0.0003475233
        0.0003439132  -0.0018619847
       -0.1008065759   0.1108220600  -0.2528825100   0.1559219872  -0.2050708153
        0.4803053353  -0.0819565375   0.0050512285  -0.1156696077  -0.0127842889
       -0.0271770482   0.0203880811  -0.0118379895   0.0064207670  -0.0178991306
        0.0300764666   0.0320848501  -0.0151897036  -0.0022194843   0.0014428227
        0.0011618406  -0.0063097828   0.0061497386  -0.0131476723   0.0472093231
        0.0702610248  -0.0761690241  -0.0219342638  -0.0055702442  -0.0129168114
        0.0086738421   0.0079491161   0.0053884068  -0.0007216518  -0.0008115625
       -0.0004319593  -0.0016356567   0.0035297618  -0.0063865607  -0.0016753877
       -0.0050816994   0.0034493159
       -0.0206592793   0.0350456566  -0.0598436085  -0.2609399721  -0.0906604862
       -0.0819565375   0.5212393517   0.1651493729   0.1718636187  -0.1159764394
       -0.0790198802   0.0294991702   0.0202688151  -0.0082426037   0.0249380838
       -0.0281247936  -0.0166369922  -0.0006157800   0.0033979653   0.0017610706
        0.0005061611   0.0024676718  -0.0009633243  -0.0032567125  -0.0178749818
       -0.0073932644  -0.0067121570  -0.0639619380   0.0335275922  -0.0730880771
       -0.0384199768  -0.0249105415   0.0011021845   0.0017613220   0.0001149544
       -0.0036937186  -0.0012736312  -0.0093021765   0.0085055546  -0.0019041138
        0.0015306223  -0.0072481815
        0.0085158981   0.0207304483  -0.0153856796  -0.0513272184  -0.0816109042
        0.0050512285   0.1651493729   0.3911176245  -0.2095701591  -0.1016562214
       -0.1844212035   0.0803432477   0.0067228140  -0.0259996556   0.0388298010
       -0.0182181722  -0.0132977196  -0.0052073258   0.0027249096   0.0010533906
        0.0015274278  -0.0005741308   0.0027687773   0.0052920074  -0.0214314807
       -0.0079358469  -0.0087371717   0.0336219764  -0.0919729622   0.1079844075
       -0.0259388763  -0.0156932327  -0.0100288634  -0.0002735515   0.0023406092
        0.0039593994   0.0013397142  -0.0048901573   0.0086405821   0.0013449661
        0.0078108323  -0.0026989016
       -0.0287777200   0.0072470294  -0.0315050710  -0.1279489673  -0.0284537591
       -0.1156696077   0.1718636187  -0.2095701591   0.4838328373   0.0560096049
        0.0996188308  -0.1109278805   0.0074576185   0.0260700878  -0.0219676001
        0.0012133624  -0.0038435617   0.0011149390  -0.0006061391   0.0006875974
       -0.0010070127  -0.0037636835   0.0049295603  -0.0012894174   0.0097192744
        0.0032274284   0.0047105911  -0.0732171976   0.1079018954  -0.2128721079
        0.0022961706  -0.0091486020   0.0072149157  -0.0032370555   0.0043085969
       -0.0018408454  -0.0039384355  -0.0004215844  -0.0013384411  -0.0070704507
       -0.0025533602   0.0015447006
        0.0021913143  -0.0052078987   0.0103450202  -0.0442363259  -0.0208040736
       -0.0127842889  -0.1159764394  -0.1016562214   0.0560096049   0.4384136008
        0.1504482952   0.0976490842  -0.0821842652   0.0261890632  -0.0696710541
       -0.0101555595   0.0092953953  -0.0150766434  -0.0050420348  -0.0010313849
       -0.0076608541   0.0007213104  -0.0000695289   0.0003097285  -0.0027433744
       -0.0041434952  -0.0036631057   0.0049342654   0.0062716130  -0.0022175732
       -0.1294425191  -0.0150019398  -0.0272077078   0.0039308222  -0.0087921642
        0.0139279346  -0.0188440170   0.0062827135  -0.0386425375  -0.0415667779
       -0.0417803734  -0.0013176077
        0.0023286629  -0.0172288853   0.0189578386  -0.0453120838  -0.0103481041
       -0.0271770482  -0.0790198802  -0.1844212035   0.0996188308   0.1504482952
        0.4363100842  -0.2462673332   0.0103592753  -0.1291918402   0.1174175823
        0.0277745256   0.0141012820   0.0010537597  -0.0068766476   0.0025471383
       -0.0025729844  -0.0002829692  -0.0003038144   0.0005993632  -0.0030023082
        0.0034018654   0.0020039191  -0.0059483882  -0.0129093887   0.0087934805
       -0.0168576198  -0.0771105680  -0.0140385405   0.0039982887  -0.0141368352
        0.0196308218   0.0126050045   0.0119965452   0.0176159508  -0.0502141552
       -0.0227062756   0.0043643594
        0.0014869654   0.0124965546  -0.0161938087   0.0159344691  -0.0063015713
        0.0203880811   0.0294991702   0.0803432477  -0.1109278805   0.0976490842
       -0.2462673332   0.4881859312  -0.0510735065   0.1309147133  -0.2332321434
       -0.0367247442  -0.0146945235  -0.0193020838  -0.0008199473   0.0024326324
        0.0018757556   0.0005707373   0.0008208077   0.0000098966  -0.0050069475
        0.0010074443   0.0018009140   0.0120820773   0.0191967929  -0.0132622510
       -0.0250792851  -0.0124452092  -0.0835130372  -0.0010729650   0.0087025807
       -0.0114490842  -0.0460151872   0.0122526066  -0.0356334158   0.0085700794
        0.0115412569   0.0112531261
       -0.0297204858  -0.0334255294   0.0154298361  -0.0137063405   0.0004133320
       -0.0118379895   0.0202688151   0.0067228140   0.0074576185  -0.0821842652
        0.0103592753  -0.0510735065   0.4656350843   0.1520478765   0.1412195768
       -0.1858957774  -0.0307803285  -0.0762115646  -0.0220835485   0.0057843811
       -0.0371627451  -0.0008127009  -0.0055177352  -0.0004973715   0.0002081640
        0.0001394894   0.0000288964  -0.0008434406  -0.0043015279   0.0009514425
       -0.0203378538   0.0104049398  -0.0292868428  -0.1227792007  -0.1121134380
        0.0504561484  -0.0060954581  -0.0025123166  -0.0044503846  -0.0016529920
        0.0027787676  -0.0050231141
       -0.0207438373  -0.0082275289  -0.0102066002   0.0078463558  -0.0002170071
        0.0064207670  -0.0082426037  -0.0259996556   0.0260700878   0.0261890632
       -0.1291918402   0.1309147133   0.1520478765   0.4009258740  -0.2340245596
       -0.0579965252  -0.0802154273  -0.0186871015   0.0174885933   0.0116495773
        0.0171505302  -0.0056079103  -0.0004542094   0.0044244080   0.0006118922
        0.0004588162  -0.0000011104  -0.0037111216  -0.0013984504   0.0031176321
        0.0125198378   0.0075425378   0.0015548606  -0.1124932600  -0.1752018078
        0.0768766880  -0.0039056202   0.0024750101  -0.0032021495  -0.0040027405
       -0.0021458888  -0.0004081658
        0.0005181091  -0.0209827623   0.0231690105  -0.0203880174   0.0000699392
       -0.0178991306   0.0249380838   0.0388298010  -0.0219676001  -0.0696710541
        0.1174175823  -0.2332321434   0.1412195768  -0.2340245596   0.4848703848
       -0.0443210087   0.0045222430  -0.0970151943  -0.0508488162   0.0071937024
       -0.0381239420  -0.0003956860   0.0044800708   0.0017742156  -0.0005506386
       -0.0003980093   0.0000259336   0.0002583032   0.0026015653   0.0011109980
       -0.0317297116  -0.0002738607  -0.0269434956   0.0508790457   0.0771893927
       -0.0748779675  -0.0028393236  -0.0019689019   0.0024940830   0.0029311378
        0.0053437972  -0.0033851521
       -0.1215167004  -0.0520500643   0.0046294025   0.0328720402   0.0005765050
        0.0300764666  -0.0281247936  -0.0182181722   0.0012133624  -0.0101555595
        0.0277745256  -0.0367247442  -0.1858957774  -0.0579965252  -0.0443210087
        0.4469430203   0.0655224064   0.1759641186  -0.1129618266   0.0634955775
       -0.1240441871  -0.0165602547  -0.0213915567   0.0071362570   0.0020907572
       -0.0000527979  -0.0055523711  -0.0005301213  -0.0002589969  -0.0001290104
        0.0060120242  -0.0044004451  -0.0024764308  -0.0124572785  -0.0065122166
       -0.0072639317  -0.0004144516   0.0022572777  -0.0002356891   0.0006989217
        0.0012544826   0.0017277661
       -0.0827617427  -0.1473831315   0.0373035568   0.0157524526  -0.0191611416
        0.0320848501  -0.0166369922  -0.0132977196  -0.0038435617   0.0092953953
        0.0141012820  -0.0146945235  -0.0307803285  -0.0802154273   0.0045222430
        0.0655224064   0.4107478999  -0.2495725500   0.0647307871  -0.1674104093
        0.1872663980  -0.0053070766  -0.0028108236   0.0040108331  -0.0013852542
        0.0053482048   0.0027153567  -0.0002017615   0.0002092910  -0.0004426151
        0.0064936599   0.0087559126   0.0128280066  -0.0212854984  -0.0044123692
       -0.0070677180  -0.0007450710   0.0011155793  -0.0057490620  -0.0026909762
       -0.0055871473   0.0006387860
        0.0406563597   0.0634534908  -0.0950827574   0.0121284628   0.0192658026
       -0.0151897036  -0.0006157800  -0.0052073258   0.0011149390  -0.0150766434
        0.0010537597  -0.0193020838  -0.0762115646  -0.0186871015  -0.0970151943
        0.1759641186  -0.2495725500   0.5920368445  -0.1255072682   0.1862101952
       -0.3793982355  -0.0116713675  -0.0097310896   0.0058061952  -0.0039533781
        0.0038167846   0.0007496618  -0.0001931253  -0.0004873262   0.0003792189
       -0.0151658225   0.0036102272  -0.0021922443   0.0100357799   0.0055378217
        0.0071373458   0.0032756801  -0.0032064958   0.0033004969   0.0063345484
        0.0039438069  -0.0023444831
        0.0144932032  -0.0096610433   0.0119533577  -0.0036981606  -0.0042552931
       -0.0022194843   0.0033979653   0.0027249096  -0.0006061391  -0.0050420348
       -0.0068766476  -0.0008199473  -0.0220835485   0.0174885933  -0.0508488162
       -0.1129618266   0.0647307871  -0.1255072682   0.1224475401  -0.0714538191
        0.1657826815   0.0024535482   0.0031213786   0.0007596557   0.0001312503
        0.0001175206   0.0009377769  -0.0000064581   0.0004410808   0.0003956475
        0.0004269459   0.0023614107   0.0003804183   0.0023132313   0.0020458857
        0.0021664266  -0.0013428720  -0.0002044700  -0.0017403439  -0.0005287835
       -0.0005802933  -0.0006339651
        0.0040043829  -0.0264929732   0.0505416449  -0.0070202712  -0.0015739697
        0.0014428227   0.0017610706   0.0010533906   0.0006875974  -0.0010313849
        0.0025471383   0.0024326324   0.0057843811   0.0116495773   0.0071937024
        0.0634955775  -0.1674104093   0.1862101952  -0.0714538191   0.1839443086
       -0.2458157762   0.0020615384   0.0006260967  -0.0021763902   0.0003919829
       -0.0023339987   0.0017385288   0.0003519437  -0.0004503850  -0.0004389221
       -0.0046088695  -0.0042202505  -0.0028116624   0.0027674349  -0.0001636371
       -0.0010217384   0.0014968606  -0.0004689782   0.0029781544   0.0019991719
        0.0032940901  -0.0009607891
       -0.0040635430   0.0389203910  -0.0352697063   0.0011336167   0.0037156680
        0.0011618406   0.0005061611   0.0015274278  -0.0010070127  -0.0076608541
       -0.0025729844   0.0018757556  -0.0371627451   0.0171505302  -0.0381239420
       -0.1240441871   0.1872663980  -0.3793982355   0.1657826815  -0.2458157762
        0.4548996525   0.0019739155  -0.0012362805   0.0004920961   0.0005951928
        0.0015331733  -0.0023532188   0.0004962517  -0.0003573937  -0.0002283098
        0.0084494134   0.0030376220   0.0003766849   0.0013266625  -0.0016320420
       -0.0000150559  -0.0037265292   0.0015401178  -0.0039945482  -0.0036060367
       -0.0030768515   0.0015839995
       -0.2264396252  -0.0620668942  -0.0944376231  -0.0121948001  -0.0031018155
       -0.0063097828   0.0024676718  -0.0005741308  -0.0037636835   0.0007213104
       -0.0002829692   0.0005707373  -0.0008127009  -0.0056079103  -0.0003956860
       -0.0165602547  -0.0053070766  -0.0116713675   0.0024535482   0.0020615384
        0.0019739155   0.2524546432   0.0727743379   0.1121617709   0.0003201093
        0.0013485505   0.0015290171  -0.0004151810  -0.0003375129  -0.0004488381
       -0.0001683888   0.0013731793   0.0014899699  -0.0016324685   0.0004289448
        0.0001576624  -0.0000500310  -0.0003235761  -0.0004696379  -0.0001438329
       -0.0003846650  -0.0003864543
       -0.0621008936  -0.0566270927  -0.0218326765   0.0114191097   0.0025179236
        0.0061497386  -0.0009633243   0.0027687773   0.0049295603  -0.0000695289
       -0.0003038144   0.0008208077  -0.0055177352  -0.0004542094   0.0044800708
       -0.0213915567  -0.0028108236  -0.0097310896   0.0031213786   0.0006260967
       -0.0012362805   0.0727743379   0.0569600784   0.0193828287   0.0021111769
       -0.0006569398  -0.0013515456   0.0003504991   0.0003726900   0.0005412078
        0.0015811994  -0.0018206234  -0.0009569272  -0.0004742702  -0.0015086482
       -0.0014637322  -0.0003839961   0.0005649020   0.0001275643  -0.0004563967
        0.0003716835   0.0001404734
       -0.0944218185  -0.0218455840  -0.0849139003  -0.0233585879  -0.0062135818
       -0.0131476723  -0.0032567125   0.0052920074  -0.0012894174   0.0003097285
        0.0005993632   0.0000098966  -0.0004973715   0.0044244080   0.0017742156
        0.0071362570   0.0040108331   0.0058061952   0.0007596557  -0.0021763902
        0.0004920961   0.1121617709   0.0193828287   0.0933929644   0.0006555182
       -0.0019833389  -0.0004652618  -0.0012570301  -0.0000428642  -0.0004383981
        0.0012432510  -0.0011551375  -0.0013772358   0.0012223548  -0.0006896088
       -0.0005629626  -0.0004059289   0.0001805727   0.0003962436  -0.0002910866
        0.0002164925   0.0003232368
        0.0045329769   0.0040135150  -0.0025761117  -0.1168921586  -0.1005600817
        0.0472093231  -0.0178749818  -0.0214314807   0.0097192744  -0.0027433744
       -0.0030023082  -0.0050069475   0.0002081640   0.0006118922  -0.0005506386
        0.0020907572  -0.0013852542  -0.0039533781   0.0001312503   0.0003919829
        0.0005951928   0.0003201093   0.0021111769   0.0006555182   0.1314860133
        0.1196679411  -0.0485921521   0.0001683115   0.0008475697   0.0013561303
        0.0003186791  -0.0014974309   0.0010719824  -0.0003231665   0.0004532383
        0.0003278917  -0.0001612750   0.0002311123  -0.0002994666  -0.0012613054
       -0.0004518726   0.0000433818
       -0.0098047200  -0.0143137283   0.0108076899  -0.1014938598  -0.1678151337
        0.0702610248  -0.0073932644  -0.0079358469   0.0032274284  -0.0041434952
        0.0034018654   0.0010074443   0.0001394894   0.0004588162  -0.0003980093
       -0.0000527979   0.0053482048   0.0038167846   0.0001175206  -0.0023339987
        0.0015331733   0.0013485505  -0.0006569398  -0.0019833389   0.1196679411
        0.1853811805  -0.0872213458   0.0015511466  -0.0004795014  -0.0011275077
        0.0004555609   0.0000652910   0.0016273144   0.0003961748  -0.0005720560
       -0.0005573698  -0.0002522674   0.0002446179  -0.0006434536  -0.0005359791
       -0.0007927710  -0.0003498347
        0.0136138270   0.0225542891  -0.0127792826   0.0482906512   0.0710887680
       -0.0761690241  -0.0067121570  -0.0087371717   0.0047105911  -0.0036631057
        0.0020039191   0.0018009140   0.0000288964  -0.0000011104   0.0000259336
       -0.0055523711   0.0027153567   0.0007496618   0.0009377769   0.0017385288
       -0.0023532188   0.0015290171  -0.0013515456  -0.0004652618  -0.0485921521
       -0.0872213458   0.0847175680   0.0005243920  -0.0017385364  -0.0001012863
       -0.0011778781  -0.0000061660   0.0001156465   0.0003935239  -0.0005086743
       -0.0003965775   0.0002616792  -0.0002370438   0.0003762970   0.0001179003
       -0.0002992676  -0.0002319607
       -0.0025407492  -0.0037471440  -0.0030961802  -0.0096415708   0.0122733273
       -0.0219342638  -0.0639619380   0.0336219764  -0.0732171976   0.0049342654
       -0.0059483882   0.0120820773  -0.0008434406  -0.0037111216   0.0002583032
       -0.0005301213  -0.0002017615  -0.0001931253  -0.0000064581   0.0003519437
        0.0004962517  -0.0004151810   0.0003504991  -0.0012570301   0.0001683115
        0.0015511466   0.0005243920   0.0741279277  -0.0332209967   0.0855828234
        0.0000992914   0.0006397183   0.0016242037   0.0006382716  -0.0011471628
        0.0002408108  -0.0024497795  -0.0016520693  -0.0006877253   0.0004211708
        0.0008400325  -0.0004233398
       -0.0029753500   0.0027186271   0.0016048953  -0.0017119416   0.0027491403
       -0.0055702442   0.0335275922  -0.0919729622   0.1079018954   0.0062716130
       -0.0129093887   0.0191967929  -0.0043015279  -0.0013984504   0.0026015653
       -0.0002589969   0.0002092910  -0.0004873262   0.0004410808  -0.0004503850
       -0.0003573937  -0.0003375129   0.0003726900  -0.0000428642   0.0008475697
       -0.0004795014  -0.0017385364  -0.0332209967   0.1013310659  -0.1243551265
        0.0026094206  -0.0024755648   0.0019694159  -0.0002643142   0.0001856115
        0.0018257602  -0.0011499340   0.0014140746  -0.0018902483   0.0005232979
        0.0007057522  -0.0006585855
       -0.0039951934   0.0009453866   0.0017425529  -0.0055852424   0.0063373620
       -0.0129168114  -0.0730880771   0.1079844075  -0.2128721079  -0.0022175732
        0.0087934805  -0.0132622510   0.0009514425   0.0031176321   0.0011109980
       -0.0001290104  -0.0004426151   0.0003792189   0.0003956475  -0.0004389221
       -0.0002283098  -0.0004488381   0.0005412078  -0.0004383981   0.0013561303
       -0.0011275077  -0.0001012863   0.0855828234  -0.1243551265   0.2377586313
       -0.0007093759   0.0002990207  -0.0036602077  -0.0007965438   0.0010683275
        0.0000053416  -0.0012549598  -0.0023439290   0.0023012573  -0.0000612296
       -0.0003787244   0.0001813720
       -0.0036120235  -0.0013445469  -0.0025473761   0.0067362871  -0.0078940070
        0.0086738421  -0.0384199768  -0.0259388763   0.0022961706  -0.1294425191
       -0.0168576198  -0.0250792851  -0.0203378538   0.0125198378  -0.0317297116
        0.0060120242   0.0064936599  -0.0151658225   0.0004269459  -0.0046088695
        0.0084494134  -0.0001683888   0.0015811994   0.0012432510   0.0003186791
        0.0004555609  -0.0011778781   0.0000992914   0.0026094206  -0.0007093759
        0.5330833670   0.1675380351   0.0830468693  -0.0016130545  -0.0000600013
        0.0034622396  -0.1298290647   0.0403656423  -0.1020585721  -0.2232537138
       -0.1748594352   0.0712962355
       -0.0016440893  -0.0000736661   0.0002313798  -0.0029128544  -0.0016357815
        0.0079491161  -0.0249105415  -0.0156932327  -0.0091486020  -0.0150019398
       -0.0771105680  -0.0124452092   0.0104049398   0.0075425378  -0.0002738607
       -0.0044004451   0.0087559126   0.0036102272   0.0023614107  -0.0042202505
        0.0030376220   0.0013731793  -0.0018206234  -0.0011551375  -0.0014974309
        0.0000652910  -0.0000061660   0.0006397183  -0.0024755648   0.0002990207
        0.1675380351   0.5752392532  -0.2914295922   0.0013770475  -0.0045637929
       -0.0000677155   0.0533526774  -0.1778928463   0.1769974141  -0.1866797071
       -0.3061166684   0.1224015033
       -0.0022486600   0.0004136631  -0.0011299278   0.0029177001   0.0037727072
        0.0053884068   0.0011021845  -0.0100288634   0.0072149157  -0.0272077078
       -0.0140385405  -0.0835130372  -0.0292868428   0.0015548606  -0.0269434956
       -0.0024764308   0.0128280066  -0.0021922443   0.0003804183  -0.0028116624
        0.0003766849   0.0014899699  -0.0009569272  -0.0013772358   0.0010719824
        0.0016273144   0.0001156465   0.0016242037   0.0019694159  -0.0036602077
        0.0830468693  -0.2914295922   0.6166883726   0.0018209496  -0.0013194299
       -0.0026151362  -0.1172774897   0.1660822015  -0.3594388120   0.0850428533
        0.1323368462  -0.1489139300
       -0.0032057354  -0.0040621889  -0.0040975632  -0.0006708188   0.0006570027
       -0.0007216518   0.0017613220  -0.0002735515  -0.0032370555   0.0039308222
        0.0039982887  -0.0010729650  -0.1227792007  -0.1124932600   0.0508790457
       -0.0124572785  -0.0212854984   0.0100357799   0.0023132313   0.0027674349
        0.0013266625  -0.0016324685  -0.0004742702   0.0012223548  -0.0003231665
        0.0003961748   0.0003935239   0.0006382716  -0.0002643142  -0.0007965438
       -0.0016130545   0.0013770475   0.0018209496   0.1347441991   0.1296458587
       -0.0536534544   0.0004518344  -0.0006761691   0.0007257741  -0.0011579575
        0.0006874449  -0.0028248566
       -0.0039949896   0.0026120161   0.0019727898   0.0001818845   0.0001003741
       -0.0008115625   0.0001149544   0.0023406092   0.0043085969  -0.0087921642
       -0.0141368352   0.0087025807  -0.1121134380  -0.1752018078   0.0771893927
       -0.0065122166  -0.0044123692   0.0055378217   0.0020458857  -0.0001636371
       -0.0016320420   0.0004289448  -0.0015086482  -0.0006896088   0.0004532383
       -0.0005720560  -0.0005086743  -0.0011471628   0.0001856115   0.0010683275
       -0.0000600013  -0.0045637929  -0.0013194299   0.1296458587   0.1923865723
       -0.0922415358  -0.0002150842   0.0004035621  -0.0000152365  -0.0000357097
        0.0025304011  -0.0015614195
       -0.0041585921   0.0019201709   0.0014134688  -0.0001874281  -0.0003945136
       -0.0004319593  -0.0036937186   0.0039593994  -0.0018408454   0.0139279346
        0.0196308218  -0.0114490842   0.0504561484   0.0768766880  -0.0748779675
       -0.0072639317  -0.0070677180   0.0071373458   0.0021664266  -0.0010217384
       -0.0000150559   0.0001576624  -0.0014637322  -0.0005629626   0.0003278917
       -0.0005573698  -0.0003965775   0.0002408108   0.0018257602   0.0000053416
        0.0034622396  -0.0000677155  -0.0026151362  -0.0536534544  -0.0922415358
        0.0817635484   0.0001980138  -0.0004448695   0.0012167076  -0.0019800030
       -0.0009536477   0.0006531766
        0.0006965640   0.0009722832   0.0000076566  -0.0000686119   0.0019942342
       -0.0016356567  -0.0012736312   0.0013397142  -0.0039384355  -0.0188440170
        0.0126050045  -0.0460151872  -0.0060954581  -0.0039056202  -0.0028393236
       -0.0004144516  -0.0007450710   0.0032756801  -0.0013428720   0.0014968606
       -0.0037265292  -0.0000500310  -0.0003839961  -0.0004059289  -0.0001612750
       -0.0002522674   0.0002616792  -0.0024497795  -0.0011499340  -0.0012549598
       -0.1298290647   0.0533526774  -0.1172774897   0.0004518344  -0.0002150842
        0.0001980138   0.1365430871  -0.0388940467   0.1422980235   0.0228377064
       -0.0262147546   0.0310524574
       -0.0013570069   0.0004711213  -0.0024832029   0.0034766829  -0.0013538336
        0.0035297618  -0.0093021765  -0.0048901573  -0.0004215844   0.0062827135
        0.0119965452   0.0122526066  -0.0025123166   0.0024750101  -0.0019689019
        0.0022572777   0.0011155793  -0.0032064958  -0.0002044700  -0.0004689782
        0.0015401178  -0.0003235761   0.0005649020   0.0001805727   0.0002311123
        0.0002446179  -0.0002370438  -0.0016520693   0.0014140746  -0.0023439290
        0.0403656423  -0.1778928463   0.1660822015  -0.0006761691   0.0004035621
       -0.0004448695  -0.0388940467   0.2024684605  -0.2434515498   0.0023084026
       -0.0365480576   0.0709723166
        0.0027337500  -0.0004893361   0.0022483765  -0.0033690801   0.0022537389
       -0.0063865607   0.0085055546   0.0086405821  -0.0013384411  -0.0386425375
        0.0176159508  -0.0356334158  -0.0044503846  -0.0032021495   0.0024940830
       -0.0002356891  -0.0057490620   0.0033004969  -0.0017403439   0.0029781544
       -0.0039945482  -0.0004696379   0.0001275643   0.0003962436  -0.0002994666
       -0.0006434536   0.0003762970  -0.0006877253  -0.0018902483   0.0023012573
       -0.1020585721   0.1769974141  -0.3594388120   0.0007257741  -0.0000152365
        0.0012167076   0.1422980235  -0.2434515498   0.4287530671  -0.0023096651
        0.0468276313  -0.0342947513
        0.0016026384  -0.0000939303   0.0015725587  -0.0034929437  -0.0003475233
       -0.0016753877  -0.0019041138   0.0013449661  -0.0070704507  -0.0415667779
       -0.0502141552   0.0085700794  -0.0016529920  -0.0040027405   0.0029311378
        0.0006989217  -0.0026909762   0.0063345484  -0.0005287835   0.0019991719
       -0.0036060367  -0.0001438329  -0.0004563967  -0.0002910866  -0.0012613054
       -0.0005359791   0.0001179003   0.0004211708   0.0005232979  -0.0000612296
       -0.2232537138  -0.1866797071   0.0850428533  -0.0011579575  -0.0000357097
       -0.0019800030   0.0228377064   0.0023084026  -0.0023096651   0.2494019832
        0.2388812797  -0.0875752184
        0.0024583260  -0.0006411396   0.0026396112  -0.0041595615   0.0003439132
       -0.0050816994   0.0015306223   0.0078108323  -0.0025533602  -0.0417803734
       -0.0227062756   0.0115412569   0.0027787676  -0.0021458888   0.0053437972
        0.0012544826  -0.0055871473   0.0039438069  -0.0005802933   0.0032940901
       -0.0030768515  -0.0003846650   0.0003716835   0.0002164925  -0.0004518726
       -0.0007927710  -0.0002992676   0.0008400325   0.0007057522  -0.0003787244
       -0.1748594352  -0.3061166684   0.1323368462   0.0006874449   0.0025304011
       -0.0009536477  -0.0262147546  -0.0365480576   0.0468276313   0.2388812797
        0.3594812760  -0.1905058914
       -0.0013729829   0.0004881337  -0.0018704222   0.0026858796  -0.0018619847
        0.0034493159  -0.0072481815  -0.0026989016   0.0015447006  -0.0013176077
        0.0043643594   0.0112531261  -0.0050231141  -0.0004081658  -0.0033851521
        0.0017277661   0.0006387860  -0.0023444831  -0.0006339651  -0.0009607891
        0.0015839995  -0.0003864543   0.0001404734   0.0003232368   0.0000433818
       -0.0003498347  -0.0002319607  -0.0004233398  -0.0006585855   0.0001813720
        0.0712962355   0.1224015033  -0.1489139300  -0.0028248566  -0.0015614195
        0.0006531766   0.0310524574   0.0709723166  -0.0342947513  -0.0875752184
       -0.1905058914   0.1720517719
