           1           2   1.6150223936481769     
           2           3   1.2851039333537881     
           3           4   1.4378895448208255     
           4           5   1.2635330644356695     
           1           6   1.1209487053345935     
           5           6   1.3485513042543480     
           5           7  0.13598317118589792     
           6           7   1.4132793515513469     
           1           8  0.97012446295402599     
           2           9  0.96793656189937805     
           3          10  0.96480705575825387     
           4          11  0.99370556583511338     
           5          12  0.96672351412557700     
          11          13   1.3996706840360691     
          11          14   1.4085769152877150     
          13          14  0.30398386429123658     
